version=2dh201018Izana 28.3081  16.4992  3.179721pr770
co00:50:50dh: day header
co00:50:50main: version 4.1024/06/2014 01:00:00
co00:50:50skc: 
co00:50:50autohg:  1 
co00:50:50hifw2:  0 
co00:50:50attn:  35000  120000 
co00:50:50lowds:  1 
co00:50:50cubdsp:  0 

inst0000000.3412.351.1495162080.000000027102014242304370102501415021800264002972mkiii1000000000242-3770740802817825260.99538.21733250.46425600-202194Feb 14/18EXTRAS10035000120000110006-21-2018@
disp2856.870.0771218-7.86901e-072896.970.0760831-7.65522e-072933.990.075073-7.41321e-0729690.0743984-7.59213e-073004.30.0730608-7.07857e-072823.940.0777556-7.77166e-074285.310.115683-1.18035e-064345.460.114125-1.14828e-064400.980.11261-1.11198e-064453.490.111598-1.13882e-064506.450.109591-1.06179e-064235.90.116633-1.16575e-06lunmay 20/13173310182422@
zeni-0.006400-0.0196800.0165400.1665220.280198-0.061343-0.4894390.455409-0.045242June 27/02@
op_st185c:\Brw#185\bdata185\icf04518zsf17802dcf14013uvr11718201018Izana28.308116.49927703.179721164-514712101110110110111menuo3@
uvr2865          4806.8462870          4814.5362875          4822.0782880          4829.4662885          4836.6942890          4843.7572895          4850.6492900          4857.3652905          4864.0562910          4870.7862915          4877.4182920          4883.8162925          4889.8432930          4895.3632935          4900.2382940          4904.9322945          4909.7872950          4914.4792955          4918.6882960          4922.0922965          4924.3702970          4925.2012975          4925.1682980          4925.0802985          4924.9612990          4924.8312995          4924.7123000          4924.6253005          4924.5913010          4926.5463015          4931.7783020          4939.3433025          4948.2923030          4957.6813035          4966.5613040          4973.9883045          4980.1953050          4986.1143055          4991.8423060          4997.4763065          5003.1133070          5008.8523075          5014.7893080          5021.7013085          5029.7643090          5038.1703095          5046.1133100          5052.7853105          5057.3803110          5059.0913115          5058.9343120          5058.5303125          5057.9773130          5057.3743135          5056.8213140          5056.4173145          5056.2603150          5058.0643155          5062.7903160          5069.4073165          5076.8833170          5084.1883175          5090.2923180          5094.1623185          5096.5353190          5098.7743195          5100.7963200          5102.5163205          5103.8483210          5104.7103215          5105.0163220          5104.8253225          5104.3323230          5103.6573235          5102.9223240          5102.2473245          5101.7543250          5101.5633255          5102.3853260          5104.5823265          5107.7493270          5111.4813275          5115.3743280          5119.0243285          5122.0253290          5124.7643295          5127.7403300          5130.7113305          5133.4393310          5135.6833315          5137.2063320          5137.7673325          5137.6063330          5137.1763335          5136.5533340          5135.8123345          5135.0303350          5134.2833355          5133.6473360          5133.1153365          5132.6143370          5132.1283375          5131.6393380          5131.1293385          5130.5823390          5129.9793395          5129.3473400          5128.7043405          5128.0213410          5127.2693415          5126.4203420          5125.4433425          5124.3123430          5122.5553435          5119.9633440          5116.8953445          5113.7113450          5110.7693455          5108.4313460          5107.0563465          5106.3083470          5105.6283475          5105.0313480          5104.5363485          5104.1613490          5103.9233495          5103.8393500          5103.9293505          4996.7313510          4990.8643515          4985.4873520          4980.6803525          4976.5203530          4973.0873535          4970.3883540          4968.2363545          4966.4123550          4964.6993555          4962.8783560          4960.7343565          4958.0463570          4954.5043575          4950.0773580          4944.9773585          4939.4143590          4933.5973595          4927.7393600          4922.0483605          4916.4413610          4910.6973615          4904.8213620          4898.8163625          4892.6863630          4886.4353635          4880.068@
co14:28:33ex: Running ex from menu line -200
co15:00:07start:  PROGRAM start :  OCT 20/18 at 14:59:56
co15:00:07pdazsi: Running pdazsi from menu line -200
co15:00:14az: Running az from menu line -200
co15:00:32az: Azimuth discrepancy = -1
co15:01:07si: Running si from menu line -200
co15:02:39si: New SI, HC = -9, NC = -16  Old = -7 , -16
co15:02:49pdhphgcn: Running pdhphgcn from menu line -200
hk15:03:02 19 19 15 13.1 2.13-99-38
hpscan15:03:30 0 22098 10 46641 20 78113 30 112337 40 144172 50 175588 60 206582 70 229000 80 236570 90 238464 100 238483 110 238046 120 233379 130 214958 140 185963 150 154224 160 121165
hp15:04:25 .9967287 246610 97.2 19
hpscan15:04:26 0 71090 10 104002 20 135961 30 167261 40 199797 50 225962 60 237980 70 240302 80 240034 90 239888 100 237480 110 223748 120 196047 130 165246 140 132230 150 97778 160 64525
hp15:05:20 .9958641 247782 79.6 19
hk15:05:42 19 20 15 7 1.21-99-38
co15:05:45hgfw2: HG FW#2 at step  0
hk15:07:52 19 20 15 7 1.21-99-38
hgscan 0wide 296warm= 215:07:52OCT 20/18 871 8603 21609 33966 47610 60013 74086 85942 88889 86478 75751 62419 48196 35093 20509 6623 619 206 124 107 109 121 207 602 6797 20830 35623 49137 63874 77712 89393 92292 89918 77430 63107 50093 35900 22682 9169 948
hg15:09:21 .9974 1003.28 1003 153463 19-17
hgscan 0wide 296warm= 215:09:21OCT 20/18 398 692 2132 13316 27448 41249 55799 69588 84372 95591 96379 91535 78607 62705 47944 33393 17780 3549 465 185 183 427 3536 18078 33859 48783 63293 79927 93067 98674 97522 86679 71484 57491 42611 28326 14015 2233 734 432
hg15:10:47 .9985 1020.619 1021 195053 19 1
co15:10:49cn: Running cn from menu line -200
co15:10:50cn: Starting schedule o328918a
co15:10:51td: Running td from o328918a line  45.73
co15:10:52td: Time correction  .2 seconds
co15:10:53ux: Running ux from o328918a line  45.73
hk15:10:59 19 20 15 13.5 2.34-99-38
co15:11:31ux: UV extended  scan started
co15:17:19ux: UV extended  scan finished, incident DUV =  68.63887 mW/m^2
hk15:17:24 19 20 14 13.1 2.26-99-38
hpscan15:17:56 0 71343 10 102396 20 134329 30 167318 40 198104 50 223515 60 234922 70 236716 80 236816 90 237642 100 234855 110 222316 120 194201 130 163071 140 131784 150 99857 160 67544
hp15:18:51 .9953636 244896.9 79.5 19
co15:19:10af: Running af from o328918a line  45.73
co15:19:10af: Auto FR/HP/HG is now OFF
co15:19:11b1: Running b1 from o328918a line  45.73
hk15:19:28 19 20 14 10.4 1.8-99-38
dsa192 919.990620 78793 112 170021 334376 826967 1231774 1530083rat 7895.867 5255.203 1534.68 747.7031
dsa192 920.680620 73682 109 159927 315396 779594 1162265 1445216rat 7901.032 5249.985 1535.547 749.7891
dsa192 921.370620 77796 123 168315 333632 825674 1232420 1532953rat 7938.016 5264.664 1542.68 752.586
dsa192 922.070620 74901 103 162836 322287 797835 1190387 1479648rat 7924.68 5259.446 1538.711 747.7344
dsa192 922.760620 74391 110 163109 323600 801582 1199562 1493333rat 7949.414 5274.547 1551.602 754.1953
summary15:21:22OCT 20/18 53.172 1.658 19ds 3 7922 5261 1541 750 5521 3215 1.4 282 23 10 7 3 17 5 .3 1.1
hk15:23:14 19 20 14 13.2 2.28-99-38
fv15:24:16192az 229.2707 20 77762.21ze 53.839-2 76704.8
hk15:25:32 19 20 15 12.9 2.23-99-38
co15:25:41hgfw2: HG FW#2 at step  0
hk15:25:52 19 20 15 13.4 2.31-99-38
hgscan 0wide 296warm= 6.5115:25:52OCT 20/18 468 807 2981 15959 31197 47545 61876 77701 94798 104868 105683 99346 83661 67354 51253 34607 17533 3220 499 201 193 438 3170 17776 34236 51030 67161 83868 99751 105974 105399 95632 79066 62440 48168 31989 16627 3228 804 506
hg15:27:20 .9987 1019.723 1020 211657 19 0
co15:27:22an: Running an from o328918a line  45.73
co15:27:22an: Auto FR/HP/HG is now ON
hk15:27:38 19 20 15 8.899999 1.53-99-38
dsa192 928.060620 68182 117 152071 307965 771173 1164048 1453447rat 8103.594 5346.367 1583.399 761.8047
dsa192 928.750620 64001 101 143329 291225 730482 1103517 1378640rat 8120.438 5350.758 1583.938 761.8985
dsa192 929.450620 67745 115 152440 310730 779292 1177884 1473050rat 8140.836 5357.008 1588.422 767.9766
co15:29:50ds: HOME key pressed
co15:29:52ds: DS aborted
summary15:28:45OCT 20/18 54.406 1.707 19ds 3 8122 5351 1585 764 5677 3260 1.5 281.7 19 5 3 4 10 3 .3 1.1
co15:29:53ds: Going to menu
co15:30:02pdhphg: Running pdhphg from menu line -200
hk15:30:14 19 20 15 6.7 1.16-99-38
hpscan15:30:42 0 71742 10 102981 20 135380 30 168226 40 198701 50 223617 60 234641 70 236879 80 236925 90 237111 100 234897 110 221783 120 193812 130 161733 140 131138 150 98649 160 66064
hp15:31:36 .9954527 244747.4 79.3 19
hk15:31:59 19 20 15 13.1 2.26-99-38
co15:32:02hgfw2: HG FW#2 at step  0
hk15:34:09 19 20 15 13.4 2.31-99-38
hgscan 0wide 296warm= 215:34:09OCT 20/18 349 621 2420 12838 26196 38557 51565 66374 80707 89373 90631 86019 72054 58712 43767 29725 15703 2983 465 189 180 433 2920 15840 30388 45154 60619 75068 89865 95204 94091 86016 71089 55999 42077 28739 13903 2590 726 414
hg15:35:41 .999 1020.001 1020 185835 19 0
co16:03:01skc: Starting schedule o329318a
co16:03:03td: Running td from o329318a line  57.14
co16:03:04td: Time correction -1.2 seconds
co16:03:05ux: Running ux from o329318a line  57.14
hk16:03:12 19 20 15 8 1.37-99-38
co16:03:48ux: UV extended  scan started
co16:09:40ux: UV extended  scan finished, incident DUV =  29.95043 mW/m^2
hk16:09:45 19 20 14 13.5 2.34-99-38
hpscan16:10:17 0 67140 10 97633 20 130037 30 163868 40 194253 50 219621 60 233374 70 236204 80 236908 90 236842 100 235386 110 224142 120 197646 130 165743 140 134620 150 102412 160 68071
hp16:11:12 .9956865 244335.8 80.9 19
co16:11:30b1: Running b1 from o329318a line  57.14
hk16:11:46 19 20 15 13.2 2.28-99-38
co16:11:58ds: DS intensity too low ( 418/cy), skipping.
hk16:12:14 19 20 15 7.5 1.29-99-38
zsa0 972.580620 15674 71 41631 98003 241536 370147 454023rat 9530.066 5801.797 1867.703 895.9297
zsa0 973.270620 15765 69 41730 99023 245007 376834 462592rat 9598.012 5835.098 1883.816 899.5664
zsa0 973.970620 16907 72 45302 108861 272853 424147 523608rat 9759.328 5941.219 1932.008 925.4336
zsa0 974.660620 19960 70 54512 133071 339057 534062 666514rat 9965.719 6078.449 1993.871 976.2305
zsa0 975.350620 20385 77 56788 140008 360850 576544 723113rat 10125.02 6194.008 2057.957 999.3047
zsa0 976.050620 22666 91 63027 156194 408023 653270 826022rat 10222.72 6268.024 2070.164 1037.414
zsa0 976.740620 18972 76 53123 131150 339017 539175 677427rat 10120.47 6183.907 2036.34 1006.004
summary16:14:39OCT 20/18 62.67 2.152 19zs 0 9903 6043 1977 963 6822 3418 .8 270.5 276 185 83 56 101 50 1.7 5.7
hk16:17:19 19 20 14 9.7 1.67-99-38
fv16:18:21192az 239.9284 74 21ze 63.585 12 20.6
hk16:19:37 19 20 14 13.1 2.26-99-38
co16:19:47hgfw2: HG FW#2 at step  0
hk16:19:57 19 20 14 8.3 1.43-99-38
hgscan 0wide 296warm= 8.28166716:19:57OCT 20/18 425 744 2328 13961 29014 42384 58084 74871 89482 99646 101017 95554 80951 65148 49008 31964 17416 3772 484 178 185 464 3713 17291 31977 49009 64831 81017 95692 101680 100410 90902 76541 59413 44162 30506 15438 2880 776 455
hg16:21:25 .9991 1020.053 1020 202697 19 0
co16:21:27an: Running an from o329318a line  57.14
co16:21:27an: Auto FR/HP/HG is now ON
hk16:21:43 19 20 14 6.7 1.16-99-38
dsa0 982.240620 1162 49 3489 9152 25808 43021 55268rat 9841.352 6048.727 1894.316 777.6485
dsa0 982.940620 415 33 1138 2988 8299 13596 17434rat 9756.805 5920.973 1819.551 768.4375
dsa0 983.630620 1101 37 3217 8682 24126 40820 52308rat 9944.528 6038.992 1955.133 763.3438
dsa0 984.320620 5024 39 15165 41604 117692 200516 258218rat 10097.18 6144.926 1988.375 787.3711
dsa0 985.010620 1198 46 3577 9771 27676 46892 60126rat 10080.98 6123.199 1958.379 763.1368
summary16:23:37OCT 20/18 64.38 2.281 19ds 0 9944 6055 1923 772 7474 3781 1.8 277.8 148 88 67 10 145 53 1.4 5.6
hk16:25:29 19 20 14 13.2 2.28-99-38
dsa0 985.890620 961 29 2899 7888 22358 37824 48359rat 10040.98 6111.043 1948.703 748.1993
dsa0 986.590620 464 33 1264 3410 9494 15884 20039rat 9935.438 6000.192 1901.586 689.1094
dsa0 987.280620 239 33 643 1684 4488 7386 9313rat 9642.059 5767.774 1834.473 687.043
dsa0 987.970620 214 28 575 1526 4127 6713 8428rat 9695.863 5772.797 1780.781 666.3165
dsa0 988.660620 194 32 547 1384 3780 6214 7666rat 9611.961 5874.731 1828.082 589.1055
summary16:27:16OCT 20/18 65.083 2.339 19ds 0 9785 5905 1859 676 7622 3827 1.6 276.6 191 149 66 57 121 110 4.1 13.7
co16:29:02td: Running td from o329318a line  64.93
co16:29:03td: Time correction  .1 seconds
co16:29:04ux: Running ux from o329318a line  64.93
hk16:29:10 19 20 14 13.1 2.26-99-38
co16:29:37ux: UV extended  scan started
co16:35:29ux: UV extended  scan finished, incident DUV =  17.24535 mW/m^2
hk16:35:35 19 20 13 14.2 2.45-99-38
hpscan16:36:08 0 71494 10 102077 20 135786 30 167887 40 198423 50 223722 60 235252 70 236984 80 237496 90 237468 100 234957 110 222159 120 193655 130 163405 140 132744 150 100814 160 66946
hp16:37:02 .9957476 244899.3 79.4 19
co16:37:20b1: Running b1 from o329318a line  64.93
hk16:37:34 19 20 13 6.7 1.16-99-38
co16:37:39ds: DS intensity too low ( 166/cy), skipping.
hk16:37:56 19 20 13 6.7 1.16-99-38
zsa0 998.270620 6113 54 19828 58434 164005 282215 363233rat 11571.04 6865.387 2370.039 1104.652
zsa0 998.970620 6284 66 20631 60967 171654 296105 382056rat 11610.58 6891.492 2381.485 1115.961
zsa0 999.660620 6549 68 21904 65758 185661 320837 415567rat 11701 6913.25 2390.293 1133.633
zsa0 1000.350620 7465 71 25209 75744 215881 376199 488148rat 11786.27 6994.996 2429.262 1143.207
zsa0 1001.040620 8096 72 27348 82277 235686 410745 533407rat 11816.76 7019.953 2431.125 1147.867
zsa0 1001.740620 7446 58 24789 74499 210253 364507 470875rat 11719.01 6928.207 2406.133 1123.242
zsa0 1002.430620 7116 58 24170 73014 206301 357938 462374rat 11749.47 6936.192 2409.297 1122.906
summary16:40:21OCT 20/18 67.634 2.58 19zs 0 11708 6936 2403 1127 8100 3818-5.3 282.8 90 55 23 15 50 22 .9 3.1
hk16:42:59 19 20 14 6.7 1.16-99-38
fv16:44:000az 244.1537 84 278.8ze 68.573 34 585.2
hk16:45:15 19 20 13 6.7 1.16-99-38
co16:45:22hgfw2: HG FW#2 at step  0
hk16:45:33 19 20 13 13.1 2.26-99-38
hgscan 0wide 296warm= 8.03666716:45:33OCT 20/18 419 722 2066 14133 27401 42538 58643 73951 88202 98915 100408 95212 80199 64880 48136 32475 17765 4444 508 208 200 505 4357 17772 32347 47946 64515 80411 95308 100822 99483 90079 75060 60225 44106 29332 15448 2742 758 442
hg16:47:00 .9991 1020.118 1020 201230 19 0
co16:47:02an: Running an from o329318a line  64.93
co16:47:02an: Auto FR/HP/HG is now ON
hk16:47:16 19 20 13 13.1 2.26-99-38
dsa0 1007.680620 2380 46 9425 32762 104357 197363 264484rat 11870.41 6972.364 2374.832 896.668
dsa0 1008.380620 1358 39 5265 18631 58918 112067 149516rat 11934.66 6955.516 2393.426 872
dsa0 1009.080620 6602 69 26642 95237 304779 577132 772500rat 12028.17 7017.844 2393.524 900.1953
dsa0 1009.780620 171 33 574 1849 5718 10594 13853rat 11500.45 6781.774 2279.363 779.1016
dsa0 1010.470620 604 37 2228 7874 25274 48130 64220rat 12004.55 7012.953 2389.301 863.3125
summary16:49:04OCT 20/18 69.362 2.776 19ds 0 11868 6948 2366 862 9108 4299 0 283 214 97 49 49 103 36 1.4 1.2
hk16:50:56 19 20 13 6.9 1.19-99-38
dsa0 1011.350620 8997 78 37114 137305 446788 857787 1153917rat 12306.48 7156.66 2459.547 924.8359
dsa0 1012.050620 12498 92 52891 198655 645912 1235676 1649764rat 12381.43 7165.942 2461.024 903.1016
dsa0 1012.740620 22753 127 97009 364999 1179359 2229995 2962557rat 12406.23 7175.395 2461.289 919.0156
dsa0 1013.430620 6413 73 27072 103402 342716 668343 902072rat 12547.64 7270.707 2509.879 924.4219
dsa0 1014.130620 474 35 1841 6858 22234 43275 58391rat 12331.47 7121.633 2469.606 898.0156
summary16:52:44OCT 20/18 70.092 2.868 19ds 0 12395 7178 2472 914 9470 4388 .7 283.1 94 56 21 13 87 36 .7 4.1
hk16:54:36 19 20 13 10.9 1.88-99-38
dsa0 1015.010620 258 38 974 3604 11843 22955 30945rat 12413.78 7172.645 2450.231 890.7109
dsa0 1015.70620 145 32 416 1371 4460 8513 11356rat 11954.32 7101.907 2387.953 843.8477
dsa0 1016.390620 99 28 285 919 2896 5530 7299rat 11808.86 6985.336 2391.942 796.211
dsa0 1017.090620 1303 45 5943 23985 81618 165699 227744rat 12993.45 7487.375 2644.422 970.4219
dsa0 1017.780620 2178 55 9751 39695 135652 272737 372259rat 12998.91 7464.586 2604.25 940.9922
summary16:56:23OCT 20/18 70.825 2.967 19ds 0 12434 7242 2496 888 9591 4484-1.8 283 560 224 121 71 342 55 2.8 3.3
hk16:58:15 19 20 13 13.2 2.29-99-38
dsa0 1018.670620 3123 58 14133 58820 200964 405079 553456rat 13098.03 7476.446 2618.012 946.6992
dsa0 1019.360620 5433 88 25237 106021 366267 743360 1023176rat 13237.56 7577.813 2662.961 990.0781
dsa0 1020.060620 1071 54 4788 19994 69454 141657 194316rat 13217.62 7569.114 2650.043 948.0039
dsa0 1020.750620 1294 47 5949 24945 87299 179164 246939rat 13272.94 7621.739 2675.25 966.9766
dsa0 1021.450620 2511 63 12104 52308 183364 377813 521263rat 13425.57 7654.395 2699.399 976.1094
summary17:00:03OCT 20/18 71.562 3.075 19ds 0 13250 7580 2661 966 10161 4608 .1 284.9 118 67 30 19 97 43 .9 1.8
co17:01:48ux: Running ux from o329318a line  64.93
hk17:01:53 19 20 13 13.5 2.34-99-38
co17:02:21ux: UV extended  scan started
co17:08:12ux: UV extended  scan finished, incident DUV =  12.40626 mW/m^2
hk17:08:30 19 20 13 13.1 2.26-99-38
dsa0 1028.920620 91 29 303 1311 4509 9440 12977rat 13644.84 7602.961 2722.793 911.125
dsa0 1029.610620 51 29 139 459 1455 2857 3777rat 12371.87 7116.184 2468.258 744.4219
dsa0 1030.310620 401 41 2111 10628 40108 88691 125342rat 14582.36 8164.074 2944.238 1023.672
dsa0 10310620 1008 53 5692 29589 112570 251348 357776rat 14757.16 8239.344 2990.113 1057.856
dsa0 1031.690620 457 35 2608 13435 51563 115495 164199rat 14758.74 8272.805 2992.258 1042.563
summary17:10:18OCT 20/18 73.638 3.426 19ds 0 14023 7879 2824 956 10964 4842 .3 275.7 1032 506 228 132 612 175 2 12.2
co17:12:05td: Running td from o329318a line  73.58
co17:12:06td: Time correction  0 seconds
co17:12:07ux: Running ux from o329318a line  73.58
hk17:12:12 19 20 13 16.7 2.87-99-38
co17:12:40ux: UV extended  scan started
co17:18:27ux: UV extended  scan finished, incident DUV =  9.208671 mW/m^2
hk17:18:34 19 20 13 14 2.42-99-38
hpscan17:19:06 0 67085 10 98659 20 132106 30 164161 40 195530 50 220755 60 233774 70 236722 80 236993 90 237676 100 235417 110 224168 120 197900 130 167084 140 136141 150 101959 160 68705
hp17:20:00 .9959778 244578.3 80.7 19
co17:20:18b1: Running b1 from o329318a line  73.58
hk17:20:32 19 21 13 13.4 2.45-99-38
dsa0 1040.960620 386 43 2494 16390 69959 173236 256446rat 16508.88 9035.934 3365.387 1158.543
dsa0 1041.660620 348 43 2308 15172 64672 159927 236509rat 16483.26 9011.555 3353.02 1148.074
dsa0 1042.350620 41 34 85 275 861 1912 2588rat 13621.4 7661.543 2965.692 770.3828
dsa0 1043.040620 50 27 102 410 1597 3655 5268rat 14786.12 8497.133 3035.649 1027.09
dsa0 1043.730620 40 38 84 273 987 2143 2970rat 14524.1 8241.383 2851.668 862.9141
summary17:22:20OCT 20/18 76.103 3.964 19ds 0 15185 8490 3114 993 12006 5244-2.6 268.1 1273 574 233 173 761 218 4.5 17.2
hk17:24:12 19 20 13 13.1 2.26-99-38
fv17:25:130az 250.1521 83 92.8ze 76.92401 22 119.4
hk17:26:29 19 20 13 13.9 2.39-99-38
co17:26:35hgfw2: HG FW#2 at step  0
hk17:26:46 19 20 13 13.2 2.28-99-38
hgscan 0wide 296warm= 6.28333417:26:46OCT 20/18 401 708 1938 11613 26285 41831 56378 70311 84707 95871 97308 92405 78448 62063 46871 32626 18888 4181 469 190 191 475 4072 18969 32517 46999 62439 78540 93421 98599 97283 86020 72635 57609 43611 27865 12873 2383 746 443
hg17:28:13 .999 1020.458 1020 195907 19 0
co17:28:15an: Running an from o329318a line  73.58
co17:28:15an: Auto FR/HP/HG is now ON
hk17:28:28 19 20 13 16.4 2.82-99-38
co17:28:33ds: DS intensity too low ( 127/cy), skipping.
hk17:28:50 19 20 13 7.2 1.24-99-38
zsa0 1049.180620 655 40 2499 12457 45503 103160 144789rat 16236.16 9202.562 3562.762 1477.008
zsa0 1049.870620 617 37 2465 12092 44639 100987 142083rat 16198.67 9238.504 3553.297 1487.457
zsa0 1050.560620 625 38 2456 12185 45481 104713 146913rat 16374.35 9363.222 3629.832 1475.391
zsa0 1051.250620 591 40 2318 11441 42410 96997 136312rat 16299.95 9305.129 3600.805 1482.324
zsa0 1051.940620 618 39 2330 11752 44427 103067 145357rat 16539.63 9452.234 3662.91 1497.988
zsa0 1052.630620 586 45 2214 10960 41700 96865 136763rat 16506.76 9488.219 3668.641 1502.707
zsa0 1053.320620 513 45 1833 9196 34118 78777 110933rat 16445.72 9353.957 3641.988 1490.633
summary17:31:14OCT 20/18 77.94 4.486 19zs 0 16372 9343 3617 1488 11611 5006-21.6 274.4 133 105 46 10 112 70 3.8 9.899999
hk17:33:53 19 20 13 6.7 1.16-99-38
co17:33:57ds: DS intensity too low ( 89/cy), skipping.
hk17:34:16 19 20 13 8 1.37-99-38
zsa0 1054.620620 499 36 1750 8691 32962 77160 109092rat 16539.5 9506.231 3701.031 1507.891
zsa0 1055.310620 471 41 1726 8531 32550 76657 108772rat 16584.87 9561.098 3727.68 1523.633
zsa0 10560620 475 28 1701 8500 32744 77989 110788rat 16691.63 9646.028 3775.809 1528.426
zsa0 1056.690620 462 37 1707 8813 34837 84606 120946rat 17053.44 9846.91 3861.43 1556.211
zsa0 1057.380620 477 37 1637 8390 32897 79719 114589rat 16980.4 9802.481 3851.723 1580.012
zsa0 1058.070620 452 38 1548 7672 29963 72976 104463rat 16847.09 9808.707 3873.606 1561.738
zsa0 1058.760620 451 43 1525 7832 31044 76462 109909rat 17131.21 9924.222 3922.91 1580.055
summary17:36:41OCT 20/18 79.067 4.877 19zs 0 16833 9728 3816 1548 11878 5188-23.2 265.1 234 157 82 29 154 73 3.2 9.3
hk17:39:19 19 20 13 8 1.37-99-38
co17:39:24ds: DS intensity too low ( 67/cy), skipping.
hk17:39:41 19 20 12 7 1.21-99-38
zsa0 1060.030620 439 47 1436 7369 29599 73882 106931rat 17263.02 10043.14 3981.293 1609.899
zsa0 1060.720620 405 37 1326 6802 27388 69109 99919rat 17297.43 10096.72 4027.563 1605.012
zsa0 1061.410620 370 30 1143 5415 21594 53417 77425rat 16814.75 9967.41 3940.32 1615.234
zsa0 1062.10620 356 44 1113 5469 21785 54198 78514rat 17051.96 9997.297 3966.832 1613.223
zsa0 1062.790620 413 29 1149 5772 23420 59278 86149rat 17240.58 10140.91 4039.992 1626.984
zsa0 1063.480620 400 49 1216 6010 24925 64766 95111rat 17445.99 10363.01 4156.461 1672.996
zsa0 1064.170620 382 32 1203 5938 24311 63816 94001rat 17367.96 10340.12 4198.864 1685.82
summary17:42:06OCT 20/18 80.193 5.335 19zs 0 17212 10136 4044 1633 11987 5338-4.9 205.7 213 159 98 33 176 65 17.7 46.6
hk17:44:44 19 20 12 7.2 1.24-99-38
co17:44:48ds: DS intensity too low ( 60/cy), skipping.
hk17:45:06 19 20 12 13.9 2.39-99-38
zsa0 1065.450620 361 39 1083 5264 22367 59316 87566rat 17547.82 10553.54 4244.153 1695.457
zsa0 1066.140620 351 41 1052 5182 21441 57656 85526rat 17563.63 10500.25 4304.922 1716.406
zsa0 1066.830620 314 37 918 4219 17094 45037 66794rat 17086.88 10322.46 4215.961 1715.07
zsa0 1067.520620 326 31 843 3961 16073 43095 64111rat 17249.91 10401.22 4291.324 1728.234
zsa0 1068.210620 310 39 857 3973 16680 45212 67234rat 17425.8 10604.67 4339.922 1726.836
zsa0 1068.90620 330 35 943 4416 18777 52523 78646rat 17625.02 10789.79 4475.899 1756.91
zsa0 1069.60620 322 35 912 3902 16621 45979 69280rat 17196.91 10752.85 4427.879 1783.981
summary17:47:31OCT 20/18 81.323 5.879 19zs 0 17385 10561 4329 1732 11843 5452-31.4 248 208 172 94 30 245 108 29.8 63.1
co17:49:57ux: Running ux from o329318a line  73.58
hk17:50:02 19 20 12 6.9 1.19-99-38
co17:50:27ux: UV extended  scan started
co17:56:13ux: UV extended  scan finished, incident DUV =  2.641007 mW/m^2
hk17:56:32 19 20 12 6.9 1.19-99-38
co17:56:36ds: DS intensity too low ( 60/cy), skipping.
hk17:56:54 19 20 12 13.1 2.26-99-38
zsa0 1077.240620 241 30 577 2203 9301 27772 43177rat 17054.28 11063.4 4762 1919.707
zsa0 1077.930620 235 30 524 2005 8472 25586 39939rat 17140.23 11121.68 4812.235 1937.238
zsa0 1078.620620 198 28 473 1666 6658 19953 31150rat 16512.38 10852.72 4780.215 1937.832
zsa0 1079.320620 211 28 453 1648 6685 20082 31377rat 16740.13 10928.75 4790.594 1941.383
zsa0 1080.010620 209 45 504 1791 7366 22323 35448rat 16862.86 11060.42 4834.586 2012.984
zsa0 1080.70620 204 34 433 1461 5835 17626 27855rat 16445.18 10910.57 4819.328 1991.621
zsa0 1081.390620 179 34 429 1396 5522 16692 26363rat 16251.92 10876.02 4823.227 1989.106
summary17:59:18OCT 20/18 83.784 7.453 19zs 0 16715 10973 4803 1961 10439 5237-1079.5 2657.9 328 106 26 36 396 136 359.4 836.6
hk18:01:57 19 20 12 11.1 1.91-99-38
co18:02:01ds: DS intensity too low ( 87/cy), skipping.
hk18:02:19 19 20 12 7.7 1.32-99-38
zsa0 1082.660620 191 25 395 1311 5050 15550 25032rat 16229.85 10819.36 4900.032 2071.266
zsa0 1083.350620 172 31 396 1209 4682 14252 22807rat 15907.79 10819.18 4854.813 2046.352
zsa0 1084.050620 173 44 370 1122 4359 13170 21275rat 16050.46 10856.37 4832.418 2089.207
zsa0 1084.730620 163 29 346 1108 4034 12319 19827rat 15886.15 10566.45 4870.344 2071.461
zsa0 1085.420620 152 43 335 1033 3867 11758 19264rat 16034.77 10732.17 4863.055 2151.102
zsa0 1086.110620 180 26 392 1138 4266 13428 22054rat 15638.22 10811.91 4998.977 2158.938
zsa0 1086.80620 167 29 395 1105 4097 13128 21444rat 15538.88 10855.49 5079.492 2135.652
summary18:04:43OCT 20/18 84.913 8.394 19zs 0 15898 10780 4914 2103 9167 4747-11383.3 26845.1 241 103 91 45 336 130 15377.6 36132.3
co18:07:11skc: Waiting until ZA =  92 now  85.4
co18:17:11skc: Waiting until ZA =  92 now  87.4
co18:27:11skc: Waiting until ZA =  92 now  89.4
hk18:37:06 19 21 13 7 1.29-99-38
hpscan18:37:34 0 73617 10 104838 20 137395 30 170715 40 199875 50 223746 60 234162 70 235836 80 236354 90 236044 100 233171 110 218931 120 190543 130 159579 140 128188 150 96049 160 62597
hp18:38:28 .9959772 243602.8 78.5 19
hk18:38:51 19 21 13 13.3 2.42-99-38
co18:38:53hgfw2: HG FW#2 at step  0
hk18:41:00 19 20 13 13.1 2.26-99-38
hgscan 0wide 296warm= 218:41:00OCT 20/18 236 415 1035 7792 17523 27301 36115 45969 56005 63121 64491 61345 51893 41664 31770 22829 12416 2996 346 149 154 323 3047 12916 23890 33720 44669 56201 67212 71523 70810 63319 52549 42288 31974 21060 9578 1362 533 289
hg18:42:28 .9987 1020.459 1020 136014 19 0
co18:42:30b2: Running b2 from o329318a line  92
co18:42:49zs: ZS intensity too low ( 16/cy), skipping.
hk18:47:34 19 20 13 7.2 1.24-99-38
sla 0 1127.90620 655358 224 730642 841024 1027070 1131439 1246809rat 1942.602 1319.672 431.6407 434.2696
sla 0 1128.580620 655156 217 730671 842171 1027294 1130673 1246241rat 1939.395 1310.598 427.6485 435.2461
sla 0 1129.260620 656003 208 731246 841604 1027474 1130272 1246641rat 1934.309 1311.984 425.2774 438.2657
sla 0 1129.940620 655263 218 731355 841625 1027818 1131013 1247680rat 1936.59 1314.813 426.7188 439.0742
sla 0 1130.620620 656149 202 731501 842392 1027184 1131514 1246809rat 1937.652 1312.723 431.4336 433.9649
sla 0 1131.290620 656660 220 731670 841506 1027594 1132342 1246891rat 1939.938 1320.691 432.9375 430.9961
sla 0 1131.970620 655783 215 732265 841879 1028732 1132455 1247122rat 1936.781 1319.16 428.4453 431.3789
summary18:49:56OCT 20/18 61.671 2.084 19sl 0 1938 1316 429 435 547 362 731335.7 1246885 3 4 3 3 11 8 547.4 446.9
co18:52:20ux: Running ux from o329318a line  92
hk18:52:25 19 20 13 14.2 2.45-99-38
co18:52:58ux: UV extended  scan started
co18:58:43ux: UV extended  scan finished, incident DUV = -.0168629 mW/m^2
co18:58:58zs: ZS intensity too low ( 3/cy), skipping.
co18:59:06zs: ZS intensity too low ( 2/cy), skipping.
co18:59:06ux: Running ux from o329318a line  92
hk18:59:11 19 20 13 13.1 2.26-99-38
co18:59:35ux: UV extended  scan started
co19:05:26ux: UV extended  scan finished, incident DUV = -.0106884 mW/m^2
co19:05:28skc: Waiting until ZA =  102 now  98.1
co19:15:29skc: Waiting until ZA =  102 now  100.3
co19:23:00td: Running td from o329318a line  102.02
co19:23:01td: Time correction  0 seconds
hk19:23:08 19 20 13 13.9 2.39-99-38
hpscan19:23:40 0 72716 10 104657 20 137467 30 170203 40 201317 50 223752 60 234220 70 236301 80 237011 90 236949 100 233864 110 219400 120 191881 130 161097 140 130679 150 97303 160 63036
hp19:24:34 .9961271 243977.9 78.7 19
hk19:24:56 19 21 13 13.1 2.4-99-38
co19:24:59hgfw2: HG FW#2 at step  0
hk19:27:06 18 21 13 7.3 1.34-99-38
hgscan 0wide 296warm= 219:27:06OCT 20/18 222 425 931 7798 17569 27208 36164 45940 56257 63808 65044 62084 52166 42214 32478 23140 12517 3266 365 154 164 354 3340 13103 24207 34525 45161 56830 67684 71952 71422 63790 52850 41960 31930 20996 9510 1199 534 302
hg19:28:34 .9986 1020.646 1021 136996 18 1
hk19:33:40 18 20 13 9.8 1.7-99-38
sla 0 11740620 655862 209 731323 841904 1027345 1131581 1245622rat 1939.004 1315.57 431 429.4414
sla 0 1174.680620 655636 219 731428 841221 1028046 1130993 1246691rat 1936.082 1316.867 425.6563 435.6016
sla 0 1175.360620 655734 218 731319 841144 1028176 1130167 1246854rat 1933.469 1314.008 421.8242 439.4453
sla 0 1176.040620 656235 220 731493 841203 1027862 1131324 1247320rat 1936.984 1318.258 427.7461 436.5586
sla 0 1176.710620 656375 218 732113 841753 1027480 1131626 1246916rat 1934.43 1316.555 430.5938 433.9102
sla 0 1177.390620 655910 212 731636 842243 1028987 1132685 1248556rat 1941.481 1318.149 428.2461 435.6211
sla 0 1178.070620 656523 237 731703 842405 1028794 1131888 1247816rat 1937.984 1314.18 425.9492 436.1172
summary19:36:02OCT 20/18 53.606 1.675 18sl 0 1937 1316 427 435 544 363 731573.6 1247111 3 2 3 3 11 4 316 999.3
hk19:38:30 18 21 13 7.2 1.32-99-38
dto3OCT 20/1819:44:41 18 0 1680195 29.38 28.86 29.28 30.61 28.04 1 706143 23.29 29.8 32.87 22.47 31.71 35.53 29.3 27.83 33.43 27.83    29.234 .9    29.407 4.2
hk19:44:46 19 21 14 14.5 2.65-99-38
rso3OCT 20/1819:49:01 19 985468 321 1099469 1264228 1543652 1700434 1874087 2890459 986656 227 1099888 1264067 1545314 1699909 1872978 2891020 .9988 1.4141 .9995 1.0001 .9989 1.0003 1.0005 .9998 .1894 .1288 .042 .0422 .0543 .0359-.0178 .1891 .1287 .0414 .0421 .0543 .0364-.0179
ap19:49:02 18.53 20.62 13.21 1120.68 12.04 5.05-11.32 24.43 0 15.97 16.06-37.77 5.01-4.36 0 0 0 0 0 0 7.35 1.34 0 0 18.62 20.71 13.21 1120.68 12.02 5.04-11.34 23.95 .92 16.25 16.06-37.77 5.01-4.35 1.67 10.4 .35 13.01 1.55 .69 14.04 2.57 .05 .06
co19:49:47po: Running po from o329318a line  102.02
co19:49:48b2: Running b2 from o329318a line  102.02
co19:49:48w1: Running w1 from o329318a line  102.02
co19:54:49ci: Running ci from o329318a line  102.02
co19:54:49ci: Illegal command (ci) in schedule o329318a, ignoring
co19:54:49cz: Running cz from o329318a line  102.02
co19:54:50cz: Illegal command (cz) in schedule o329318a, ignoring
hk19:54:55 19 20 14 7.5 1.29-99-38
hpscan19:55:14 0 71671 10 103107 20 136953 30 170393 40 201393 50 226264 60 238017 70 240850 80 240575 90 240384 100 238529 110 225262 120 197999 130 166854 140 135843 150 103462 160 68697
hp19:56:08 .9959169 248151.7 79.6 19
hk19:56:31 19 21 14 6.7 1.23-99-38
co19:56:33hgfw2: HG FW#2 at step  0
hk19:58:41 19 20 15 10.8 1.86-99-38
hgscan 0wide 296warm= 219:58:41OCT 20/18 379 696 1864 14104 30755 45604 60179 76018 92661 103641 104534 99062 82729 66144 51138 35655 18872 4378 506 206 205 508 4399 18885 36166 51323 66845 83554 99971 106543 105228 94986 77925 61864 47067 31456 14726 2015 759 446
hg20:00:08 .9986 1020.148 1020 211077 19 0
co20:00:10hl: Running hl from o329318a line  102.02
hk20:00:30 18 20 15 13.1 2.26-99-38
hk20:09:42 19 20 15 14.8 2.55-99-38
hpscan20:10:01 0 70438 10 101482 20 133882 30 166816 40 196645 50 221704 60 233814 70 235850 80 236823 90 236577 100 234520 110 221943 120 194762 130 163584 140 132012 150 99816 160 66704
hp20:10:55 .9957626 244010.6 79.8 19
hk20:11:18 19 21 15 6.7 1.23-99-38
co20:11:20hgfw2: HG FW#2 at step  0
hk20:13:28 19 21 15 7.5 1.37-99-38
hgscan 0wide 296warm= 220:13:28OCT 20/18 363 670 2252 14180 28284 42015 55857 71156 85542 95250 96472 89382 75714 61619 46761 31767 17898 3143 477 196 173 447 3135 18053 32183 47097 62426 76822 90814 97829 97197 87381 73178 57343 42689 29441 14537 2293 727 392
hg20:14:55 .9987 1019.901 1020 194301 19 0
co20:14:57hs: Running hs from o329318a line  102.02
hk20:15:18 19 20 15 6.7 1.16-99-38
hk20:25:20 19 20 14 13.1 2.26-99-38
hpscan20:25:39 0 69118 10 100200 20 132203 30 164912 40 195784 50 221331 60 233316 70 235911 80 236341 90 236392 100 234743 110 221998 120 194424 130 163533 140 132689 150 99281 160 65852
hp20:26:34 .9956319 243866.9 80.1 19
hk20:26:56 19 21 14 13.4 2.45-99-38
co20:26:59hgfw2: HG FW#2 at step  0
hk20:29:06 19 21 15 13.1 2.4-99-38
hgscan 0wide 296warm= 220:29:06OCT 20/18 353 661 2187 13665 27495 41262 55174 69584 83957 93651 94744 88456 75509 61003 45843 32056 17434 3039 460 196 190 447 3049 17461 32383 46077 61698 76704 90029 96615 95576 86207 71630 56884 42192 28664 14124 2294 711 353
hg20:30:34 .9987 1020.052 1020 191359 19 0
hk20:35:41 19 21 15 20.7 3.79-99-38
sla 0 1236.020620 656000 211 731291 840778 1027238 1130015 1246215rat 1933.016 1315.324 425.2852 437.7539
sla 0 1236.690620 656158 222 730930 840245 1028724 1131490 1244866rat 1941.055 1323.977 424.6758 427.0742
sla 0 1237.370620 655610 220 731854 842056 1027519 1131072 1247425rat 1933.809 1312.77 428.2422 437.9219
sla 0 1238.050620 656038 221 731712 841512 1027373 1130015 1246347rat 1930.504 1311.469 424.6992 438.2266
sla 0 1238.730620 655570 229 731677 840756 1027413 1131988 1247034rat 1938.516 1323.254 432.3203 432.9141
sla 0 1239.410620 655446 230 730921 841311 1028085 1131154 1247143rat 1939.793 1317.035 426.1211 436.6016
sla 0 1240.080620 656439 214 731978 842781 1028293 1132380 1248615rat 1938.211 1314.113 430.0547 437.0352
summary20:38:03OCT 20/18 44.655 1.401 19sl 0 1936 1317 427 435 543 363 731480.5 1246806 4 5 3 4 16 12 446.9 1094.7
co20:40:27skc: Waiting until end of local day.
co20:50:27skc: Waiting until end of local day.
co21:00:27skc: Waiting until end of local day.
co21:10:27skc: Waiting until end of local day.
co21:20:27skc: Waiting until end of local day.
co21:30:28skc: Waiting until end of local day.
co21:40:28skc: Waiting until end of local day.
co21:50:29skc: Waiting until end of local day.
co22:00:29skc: Waiting until end of local day.
co22:10:29skc: Waiting until end of local day.
co22:20:30skc: Waiting until end of local day.
co22:30:30skc: Waiting until end of local day.
co22:40:30skc: Waiting until end of local day.
co22:50:30skc: Waiting until end of local day.
co23:00:31skc: Waiting until end of local day.
co23:10:31skc: Waiting until end of local day.
co23:20:31skc: Waiting until end of local day.
co23:30:31skc: Waiting until end of local day.
co23:40:31skc: Waiting until end of local day.
co23:50:32skc: Waiting until end of local day.
co00:00:00skc: Waiting until end of local day.
co00:10:01skc: Waiting until end of local day.
co00:20:01skc: Waiting until end of local day.
co00:30:01skc: Waiting until end of local day.
co00:40:02skc: Waiting until end of local day.
co00:50:02skc: Waiting until end of local day.ed
co00:50:40o3: Running o3 from o329318a line -200
co00:50:42af: Running af from o329318a line -200
co00:50:42af: Auto FR/HP/HG is now OFF
co00:50:42ozsum: Running ozsum from o329318a line -200
co00:50:43aodsum: Running aodsum from o329318a line -200
co00:50:44uvsum: Running uvsum from o329318a line -200
co00:50:46fmsum: Running fmsum from o329318a line -200
co00:50:48fzsum: Running fzsum from o329318a line -200
co00:50:50slsum: Running slsum from o329318a line -200
co00:50:51rl: Running rl from o329318a line -200
co00:50:53rl:  2018  293  14 58 04   Reset No -> Tepid  from  2018  293  14 34 07   until  1992  293  14 57 59  . Counts: 1,0
co00:50:54rl:  2018  293  14 58 04   Checksum bad in low level command. 
co00:50:55rl:  2018  293  14 58 05   Motor #3: appears stuck with a reference sensor activated. 
co00:50:56rl:  2018  293  14 58 05   Motor #11: appears stuck with a reference sensor activated. 
co00:50:57rl:  2018  293  14 58 06   Motor #1: appears stuck with a reference sensor activated. 
co00:50:58rl:  2018  293  14 58 26   Motor 2: Move attempted outside of logical bounds 
co00:50:59rl:  2018  293  14 58 26   Motor #2: appears stuck with a reference sensor activated. 
co00:51:01rl:  2018  293  14 58 32   Motor #10: appears stuck with a reference sensor activated. 
co00:51:02rl:  2018  293  14 58 47   New value set for watermark SUPPLY.VOLTAGE.HIGH[-12V]: -11.083541 Volts.
co00:51:03rl:  2018  293  14 58 47   New value set for watermark SUPPLY.VOLTAGE.HIGH[-5VSEC]: -3.511051 Volts.
co00:51:05rl:  2018  293  14 58 56   New value set for watermark SUPPLY.VOLTAGE.HIGH[+5VSEC]: 5.323032 Volts.
co00:51:06rl:  2018  293  14 58 57   New value set for watermark SUPPLY.VOLTAGE.HIGH[+5VSEC]: 5.500467 Volts.
co00:51:07rl:  2018  293  14 59 07   New value set for watermark SUPPLY.VOLTAGE.HIGH[-12V]: -11.071321 Volts.
co00:51:08rl:  2018  293  16 32 14   New value set for watermark SUPPLY.VOLTAGE.HIGH[-12V]: -11.046880 Volts.
co00:51:10rl:  2018  293  16 32 16   New value set for watermark SUPPLY.VOLTAGE.HIGH[-12V]: -11.010221 Volts.
co00:51:11rl:  2018  293  16 32 16   New value set for watermark SUPPLY.VOLTAGE.HIGH[-12V]: -10.961341 Volts.
co00:51:12rl:  2018  293  16 32 17   New value set for watermark SUPPLY.VOLTAGE.HIGH[-12V]: -10.900241 Volts.
co00:51:14rl:  2018  293  16 34 14   New value set for watermark SUPPLY.VOLTAGE.HIGH[-12V]: -10.875801 Volts.
co00:51:15rl:  2018  293  16 37 44   New value set for watermark SUPPLY.VOLTAGE.HIGH[-12V]: -10.863581 Volts.
co00:51:16rl:  2018  293  16 38 19   New value set for watermark SUPPLY.VOLTAGE.HIGH[-12V]: -10.851361 Volts.
co00:51:18rl:  2018  293  16 38 29   New value set for watermark SUPPLY.VOLTAGE.HIGH[-12V]: -10.826921 Volts.
co00:51:19rl:  2018  293  16 38 31   New value set for watermark SUPPLY.VOLTAGE.HIGH[-12V]: -10.814701 Volts.
co00:51:20rl:  2018  293  16 58 33   New value set for watermark SUPPLY.VOLTAGE.HIGH[-12V]: -10.753601 Volts.
co00:51:22rl:  2018  293  17 03 49   New value set for watermark SUPPLY.VOLTAGE.HIGH[-5VSEC]: -3.500297 Volts.
co00:51:23rl:  2018  293  17 41 18   New value set for watermark SUPPLY.VOLTAGE.HIGH[-5VSEC]: -3.172312 Volts.
co00:51:24rl:  2018  293  17 41 25   New value set for watermark SUPPLY.VOLTAGE.HIGH[-5VSEC]: -3.134675 Volts.
co00:51:25rl:  2018  293  17 46 34   New value set for watermark SUPPLY.VOLTAGE.HIGH[-5VSEC]: -3.123921 Volts.
co00:51:26rl:  All log items reported.
co00:51:30chk_cfg: Running chk_cfg from o329318a line -200
co00:51:31chk_cfg: VERSION.FW[VERS]=1
co00:51:32chk_cfg: VERSION.FW[REL]=2
co00:51:33chk_cfg: MOTOR.MAX.ACC[10]=19
co00:51:33chk_cfg: MOTOR.MAX.ACC[9]=19
co00:51:34chk_cfg: MOTOR.MAX.VEL[10]=32
co00:51:35chk_cfg: MOTOR.MAX.VEL[9]=32
co00:51:36chk_cfg: MOTOR.MAX.JERK[10]=16
co00:51:36chk_cfg: MOTOR.MAX.JERK[9]=16
co00:51:37chk_cfg: MOTOR.MAX.POS[10]=10965
co00:51:38chk_cfg: MOTOR.MAX.POS[9]=10355
co00:51:39chk_cfg: MOTOR.MIN.POS[10]=-973
co00:51:39chk_cfg: MOTOR.MIN.POS[9]=-1224
co00:51:40chk_cfg: MOTOR.SLOPE[10]=1
co00:51:41chk_cfg: MOTOR.SLOPE[9]=1
co00:51:42chk_cfg: MOTOR.REF.PLAY[10]=10
co00:51:42chk_cfg: MOTOR.REF.PLAY[9]=10
co00:51:43chk_cfg: MOTOR.MAX.SEARCH[10]=12500
co00:51:44chk_cfg: MOTOR.MAX.SEARCH[9]=12500
co00:51:45chk_cfg: MOTOR.INITIAL[10]=1018
co00:51:45chk_cfg: MOTOR.INITIAL[9]=1018
co00:51:46chk_cfg: MOTOR.ORIGIN[10]=1527
co00:51:47chk_cfg: MOTOR.ORIGIN[9]=1276
co00:51:48chk_cfg: MOTOR.SLOW.VEL[10]=1
co00:51:48chk_cfg: MOTOR.SLOW.VEL[9]=1
co00:51:49chk_cfg: MOTOR.RESET.POS[10]=1440
co00:51:50chk_cfg: MOTOR.RESET.POS[9]=1440
co00:51:53rtn_date: Running rtn_date from o329318a line -200
vers00:51:53ab_sk.rtn10000 REM ************ ab_sk.rtn 02/12/2010 09:50:00 ************
vers00:51:53af.rtn10000 REM ************ af.rtn 02/12/2010 09:50:34 ************
vers00:51:53af_old.rtn10000 REM ***************** at routine 13/10/96 *********************
vers00:51:53ah.rtn10000 REM *************** ah routine 28/06/99 ******************
vers00:51:53an.rtn10000 REM ************ an.rtn 02/12/2010 09:50:34 ************
vers00:51:54aodsum.rtn10000 REM ************ aodsum.rtn 02/12/2010 09:50:00 ************
vers00:51:54ap.rtn10000 REM ************ ap.rtn 22/03/2013 09:50:00 ************
vers00:51:54apsum.rtn10000 REM ************ apsum.rtn 02/12/2010 09:50:00 ************
vers00:51:54ar.rtn10000 REM ************ ar.rtn 02/12/2010 09:50:00 ************
vers00:51:54as.rtn10000 REM ************ as.rtn 02/12/2010 09:50:00 ************
vers00:51:54at.rtn10000 REM ***************** at routine 13/10/96 *********************
vers00:51:54au.rtn10000 REM ************ au.rtn 02/12/2010 09:50:00 ************
vers00:51:54auto.rtn10000 REM ************ cal.rtn 29/10/2014 09:50:00 ************
vers00:51:54auto-off.rtn10000 REM ************ auto-off.rtn 05/03/2011 19:47:08 ************
vers00:51:54auto-on.rtn10000 REM ************ auto-on.rtn 05/03/2011 19:47:08 ************
vers00:51:54av.rtn10000 REM ************ ap.rtn 27/04/2016 09:50:00 ************
vers00:51:54ax.rtn10000 REM ***************** at routine 13/10/96 *********************
vers00:51:54az.rtn10000 REM ************ az.rtn 02/12/2010 09:50:00 ************
vers00:51:54a_f.rtn10000 REM ***************** at routine 13/10/96 *********************
vers00:51:54bk.rtn10000 rem Call backup.exe
vers00:51:54bp.rtn10000 REM ********************** bp routine 26/11/97 ********************
vers00:51:54ca.rtn10000 REM ************ ca.rtn 09/04/2011 09:50:00 ************
vers00:51:54cal.rtn10000 REM ************ cal.rtn 22/04/2012 09:50:00 ************
vers00:51:54calds.rtn10000 REM ************ cal.rtn 22/04/2012 09:50:00 ************
vers00:51:54calsc.rtn10000 REM ************ cal.rtn 22/04/2012 09:50:00 ************
vers00:51:55caluv.rtn10000 REM ************ cal.rtn 22/04/2012 09:50:00 ************
vers00:51:55cb.rtn10000 REM ************ cb.rtn 02/12/2010 09:50:00 ************
vers00:51:55cc.rtn10000 REM ************ cal.rtn 22/04/2012 09:50:00 ************
vers00:51:55cd.rtn10000 REM ************ cal.rtn 22/04/2012 09:50:00 ************
vers00:51:55cf.rtn10000 REM ************ cf.rtn 02/12/2010 09:50:00 ************
vers00:51:55checkaz.rtn10000 REM ************ checkaz.rtn 02/12/2010 09:50:00 ************
vers00:51:55checkhg.rtn10000 REM ************ checkhg.rtn 02/12/2010 09:50:00 ************
vers00:51:55chk_cfg.rtn10000 REM ************ chk_cfg.rtn 31/01/2013 21:00:00 ************
vers00:51:55chk_cod.rtn10000 REM ************ chk_cod.rtn 08/11/2013 21:00:00 ************
vers00:51:55ck.rtn10000 rem Call backup.exe
vers00:51:55cl.rtn10000 REM ************ cal.rtn 22/04/2012 09:50:00 ************
vers00:51:55cm.rtn10000 REM ********************* ci routine 19/11/08 *******************
vers00:51:55cn.rtn10000 REM ************ cn.rtn 02/12/2010 09:50:00 ************
vers00:51:55copiad~1.rtn10000 REM ************ re-sb.rtn 21/04/2012 19:47:08 ************
vers00:51:55copyof~1.rtn10000 REM ************ re_mb_no_cod.rtn 02/12/2010 09:50:00 ************
vers00:51:55cp.rtn10000 REM ************ cr.rtn 02/12/2010 09:50:00 ************
vers00:51:55cr.rtn10000 REM ************ cr.rtn 02/12/2010 09:50:00 ************
vers00:51:55cra.rtn10000 REM ************ cr.rtn 02/12/2010 09:50:00 ************
vers00:51:55crv.rtn10000 REM *************** cr routine 23/09/98 *****************
vers00:51:55crvc.rtn10000 REM *************** cr routine 23/09/98 *****************
vers00:51:55cs.rtn10000 REM ************ cs.rtn 02/12/2010 09:50:00 ************
vers00:51:56cu.rtn10000 REM ************ cal.rtn 22/04/2012 09:50:00 ************
vers00:51:56cw.rtn10000 REM ****************** cz routine 14/09/98 *******************
vers00:51:56cwl.rtn10000 REM ************ cr.rtn 02/12/2010 09:50:00 ************
vers00:51:56cx.rtn10000 REM ************ cx.rtn 02/12/2010 09:50:00 ************
vers00:51:56cx_old~1.rtn10000 REM ************ cj.rtn 05/02/2013 11:00:00 ************
vers00:51:56c1.rtn10000 REM ****************** cz routine 21/07/95 *******************
vers00:51:56c2.rtn10000 REM ****************** c2 routine 09/10/96 *******************
vers00:51:56c3.rtn10000 REM ****************** c3 routine 09/10/96 *******************
vers00:51:56da_lo.rtn10000 REM ************ da_lo.rtn 28/03/2011 16:01:18 ************
vers00:51:56db.rtn10000 REM ************ db.rtn 02/12/2010 09:50:00 ************
vers00:51:56de.rtn10000 REM ****************** ds routine 06/10/95 **********************
vers00:51:56di.rtn10000 REM ************ di.rtn 02/12/2010 09:50:00 ************
vers00:51:56dimds-on.rtn10000 REM ************ auto-off.rtn 05/03/2011 19:47:08 ************
vers00:51:56dimds-~1.rtn10000 REM ************ auto-off.rtn 05/03/2011 19:47:08 ************
vers00:51:56dk.rtn10000 REM ************ dk.rtn 05/02/2013 11:00:00 ************
vers00:51:56dp.rtn10000 REM ************ dp.rtn 02/12/2010 09:50:00 ************
vers00:51:56dq.rtn10000 REM ****************** dq routine 21/01/12 **********************
vers00:51:56ds-.rtn10000 REM ****************** ds routine 06/10/95 **********************
vers00:51:56ds.rtn10000 REM ************ ds.rtn 06/07/2012 09:50:00 ************
vers00:51:56dsp.rtn10000 REM ************ dsp.rtn 28/04/2014 11:25:00 ************
vers00:51:56dsp-308.rtn10000 REM **************** dsp routine 05/09/96 *****************
vers00:51:56dsp1.rtn10000 REM ************ dsp1.rtn 04/04/2012 19:47:08 ************
vers00:51:57dsp_mk4.rtn10000 REM **************** dsp routine 18/08/06 *****************
vers00:51:57dssum.rtn10000 REM ************ dssum.rtn 02/12/2010 09:50:00 ************
vers00:51:57dsz.rtn10000 REM **************** dsp routine 05/09/96 *****************
vers00:51:57dt.rtn10000 REM ************ dt.rtn 20/06/2014 09:50:00 ************
vers00:51:57dt1.rtn10000 REM ******************* dt routine 17/05/05 ***********************
vers00:51:57dt98.rtn10000 REM ******************* dt routine 17/07/98 ***********************
vers00:51:57dusum.rtn10000 REM ************ dusum.rtn 02/12/2010 09:50:00 ************
vers00:51:57dz.rtn10000 REM ****************** dz routine 15/March/2011 **********************
vers00:51:57dz_20.rtn10000 REM ****************** dz routine 15/March/2011 **********************
vers00:51:57dz_40.rtn10000 REM ****************** dz routine 15/March/2011 **********************
vers00:51:57ed.rtn10000 REM ************ ed.rtn 24/03/2011 19:47:10 ************
vers00:51:57ed-pd.rtn10000 REM ***************** ed-pd routine 06/01/00 **********************
vers00:51:57ed_sim~1.rtn10000 REM ******************* ed routine 06/01/00 ***********************
vers00:51:57endday.rtn10000 REM ************ endday.rtn 02/12/2010 09:50:00 ************
vers00:51:57end_day.rtn10000 REM ************ end_day.rtn 10/05/2011 14:00:00 ************
vers00:51:57fb.rtn10000 REM ******************* ui routine 26/03/01 ***********************
vers00:51:57fc.rtn10000 REM ************ fc.rtn 05/04/2013 09:50:00 ************
vers00:51:57ff.rtn10000 REM ****************** ff routine 01/04/94 ***********************
vers00:51:57fi.rtn10000 REM ************ fi.rtn 02/12/2010 09:50:00 ************
vers00:51:57fi-nor.rtn10000 REM ************ fi.rtn 02/12/2010 09:50:00 ************
vers00:51:57fi1.rtn10000 REM **************** fi routine 08/08/02 *******************
vers00:51:58fi_spe~1.rtn10000 REM ************ fi.rtn 11/11/2011 For Andover Filters 1-4 testing line 11019 chg for 1-5 postion to 10 cycles *
vers00:51:58fj.rtn10000 REM ****************** ds routine 15/09/05 **********************
vers00:51:58fk.rtn10000 REM ****************** fv routine 31/12/96 **********************
vers00:51:58fl.rtn10000 REM ************ fl.rtn 02/12/2010 09:50:00 ************
vers00:51:58fm.rtn10000 REM ************ fm.rtn 01/02/2013 19:47:10 ************
vers00:51:58fmsum.rtn10000 REM ************ fmsum.rtn 02/12/2010 09:50:00 ************
vers00:51:58fn.rtn10000 REM ****************** fv routine 31/12/96 **********************
vers00:51:58fnm.rtn10000 REM ****************** fv routine 31/12/96 **********************
vers00:51:58fnmc.rtn10000 REM ****************** fv routine 31/12/96 **********************
vers00:51:58fq.rtn10000 REM ************ fv.rtn 02/12/2010 09:50:00 ************
vers00:51:58fr--.rtn10000 REM ************ fr.rtn 02/12/2010 09:50:00 ************
vers00:51:58fr.rtn10000 REM ****************** fr routine 12/08/98 *********************
vers00:51:58ft.rtn10000 REM ****************** fv routine 31/12/96 **********************
vers00:51:58fv-.rtn10000 REM ************ fv.rtn 02/12/2010 09:50:00 ************
vers00:51:58fv.rtn10000 REM ************ fv.rtn 02/12/2010 09:50:00 ************
vers00:51:58fv_chage.rtn10000 REM ****************** fv routine 31/12/96 **********************
vers00:51:58fv_cha~1.rtn10000 REM ****************** fv routine 31/12/96 **********************
vers00:51:58fv_check.rtn10000 REM ****************** fv routine 31/12/96 **********************
vers00:51:58fv_chg.rtn10000 REM ****************** fv routine 31/12/96 **********************
vers00:51:58fv_orig.rtn10000 REM ****************** fv routine 31/12/96 **********************
vers00:51:59fv_1885.rtn10000 REM ****************** fv routine 31/12/96 **********************
vers00:51:59fw.rtn10000 REM ************ fw.rtn 02/12/2010 09:50:00 ************
vers00:51:59fw3test.rtn10000 REM ************ cal.rtn 22/04/2012 09:50:00 ************
vers00:51:59fx.rtn10000 REM ****************** fv routine 31/12/96 **********************
vers00:51:59fx_cha~1.rtn10000 REM ****************** fv routine 31/12/96 **********************
vers00:51:59fy.rtn10000 REM ****************** fv routine 31/12/96 **********************
vers00:51:59fz.rtn10000 REM ************ fz.rtn 02/12/2010 09:50:00 ************
vers00:51:59fzsum.rtn10000 REM ************ fzsum.rtn 02/12/2010 09:50:00 ************
vers00:51:59f5.rtn10000 REM ****************** fv routine 31/12/96 **********************
vers00:51:59f9.rtn10000 REM **************** testfw2 routine 08/04/96 *******************
vers00:51:59f9_183.rtn10000 REM **************** testfw2 routine 08/04/96 *******************
vers00:51:59ga.rtn10000 REM ************ ga.rtn 02/12/2010 09:50:00 ************
vers00:51:59gi.rtn10000 REM ************ gi.rtn 02/12/2010 09:50:00 ************
vers00:51:59gi_bfile.rtn10000 REM take "direct sun" observation on uvb port ** gi routine 160196 **
vers00:51:59gi_gif~1.rtn10000 REM take "direct sun" observation on uvb port ** gi routine 160196 **
vers00:51:59gs.rtn10000 REM ************ gs.rtn 02/12/2010 09:50:00 ************
vers00:51:59g1.rtn10000 REM ************ g1.rtn 02/12/2010 09:50:00 ************
vers00:51:59g5.rtn10000 REM ************ g5.rtn 02/12/2010 09:50:00 ************
vers00:51:59hg-.rtn10000 REM ***************** hg routine 16/11/99 *****************
vers00:51:59hg.rtn10000 REM ************ hg.rtn 29/03/2011 10:05:48 ************
vers00:51:59hgn.rtn10000 REM ************ hgn.rtn 02/12/2010 09:50:00 ************
vers00:51:59hgsum-.rtn10000 REM ****************** hgsum routine 24/06/98 ******************
vers00:51:59hgsum.rtn10000 REM ************ hgsum.rtn 24/11/2013 09:50:00 ************
vers00:52:00hg_no.rtn10000 REM ***************** hg routine 20/10/07 *****************
vers00:52:00hg_old.rtn10000 REM ***************** hg routine 16/11/99 *****************
vers00:52:00hg_v376a.rtn10000 REM ***************** hg routine 06/06/06 *****************
vers00:52:00hhg.rtn10000 REM ***************** hg routine 16/11/99 *****************
vers00:52:00hl.rtn10000 REM ************ hl.rtn 24/06/2014 19:47:10 ************
vers00:52:00hn.rtn10000 REM ***************** hg routine 20/10/07 *****************
vers00:52:00hp-.rtn10000 REM ****************** hp routine 23/10/98 *********************
vers00:52:00hp.rtn10000 REM ************ hp.rtn 29/03/2011 09:33:00 ************
vers00:52:00hp-new.rtn10000 REM ****************** hp routine 23/10/98 *********************
vers00:52:00hp-183.rtn10000 REM ****************** hp routine 15/02/2010 *********************
vers00:52:00hp-2018.rtn10000 REM ************ hp.rtn 29/03/2011 09:33:00 ************
vers00:52:00hp_new.rtn10000 REM ****************** hp routine 20/09/08 *********************
vers00:52:00hp_old.rtn10000 REM ****************** hp routine 23/10/98 *********************
vers00:52:00hp_v376a.rtn10000 REM ****************** hp routine 10/09/05 *********************
vers00:52:00hs.rtn10000 REM ************ hs.rtn 26/09/2012 19:47:10 ************
vers00:52:00hv.rtn10000 REM ************ hv.rtn 02/12/2010 09:50:00 ************
vers00:52:00hvb.rtn10000 REM ************ hvb.rtn 26/10/2014 15:00:00 ************
vers00:52:00hvset.rtn10000 REM ************ hvset.rtn 02/12/2010 09:50:00 ************
vers00:52:00ic.rtn10000 REM ************ ic.rtn 02/12/2010 09:50:00 ************
vers00:52:00init.rtn10000 REM ************ init.rtn 02/12/2010 09:50:00 ************
vers00:52:01init_v~1.rtn10000 REM ******************** init routine 20/12/94 **********************
vers00:52:01iv.rtn10000 REM ****************** fv routine 31/12/96 **********************
vers00:52:01jd.rtn10000 REM ************ jd.rtn 02/12/2010 09:50:00 ************
vers00:52:01jq.rtn10000 REM ****************** jg routine 04/02/14 **********************
vers00:52:01js.rtn10000 REM ****************** jg routine 04/02/14 **********************
vers00:52:01ka.rtn10000 REM ********************* ka routine 12/13/06 *******************
vers00:52:01kb.rtn10000 REM ********************* kb routine 12/13/06 *******************
vers00:52:01kc.rtn10000 REM ********************* kc routine 12/13/06 *******************
vers00:52:01kd.rtn10000 REM ********************* kd routine 12/13/06 *******************
vers00:52:01ke.rtn10000 REM ********************* ke routine 12/13/06 *******************
vers00:52:01kf.rtn10000 REM ********************* kf routine 12/13/06 *******************
vers00:52:01kg.rtn10000 REM ********************* kg routine 12/13/06 *******************
vers00:52:01kh.rtn10000 REM ********************* kh routine 12/13/06 *******************
vers00:52:01lf.rtn10000 REM ************ lf.rtn 02/12/2010 09:50:00 ************
vers00:52:01ll.rtn10000 REM ********************** ll routine 29/07/10 ********************
vers00:52:01lz.rtn10000 REM ************ lz.rtn 02/12/2010 09:50:00 ************
vers00:52:01md.rtn10000 REM CREATES DSSUM TO FILE TO SEND OVER MODEM  **MD ROUTINE VER 3.0 20000620**
vers00:52:01mm.rtn10000 REM ********************* mm routine 03/09/10 *******************
vers00:52:01ms.rtn10000 REM ******************* ms routine 11/05/99 ********************
vers00:52:01ms5.rtn10000 REM ******************* msnew routine 11/05/99 ********************
vers00:52:01nc.rtn10000 REM ************ nc.rtn 02/12/2010 09:50:00 ************
vers00:52:01nd.rtn10000 REM ******************** nd routine 01/04/94 *********************
vers00:52:01newinst.rtn10000 REM ************ newinst.rtn 02/12/2010 09:50:00 ************
vers00:52:01no.rtn10000 REM ******************* no routine 30/05/97 **********************
vers00:52:01nosum.rtn10000 REM ************ nosum.rtn 02/12/2010 09:50:00 ************
vers00:52:02ozsum.rtn10000 REM ************ ozsum.rtn 02/12/2010 09:50:00 ************
vers00:52:02pb.rtn10000 REM ************ pb.rtn 02/12/2010 09:50:00 ************
vers00:52:02pc.rtn10000 REM ************ pc.rtn 02/12/2010 09:50:00 ************
vers00:52:02po.rtn10000 REM ************ po.rtn 24/06/2014 09:50:00 ************
vers00:52:02ql-.rtn10000 REM ******************* ql routine 11/09/05 **********************
vers00:52:02ql.rtn10000 REM ************ ql.rtn 07/04/2011 14:00:00 ************
vers00:52:02ql_v376a.rtn10000 REM ******************* ql routine 16/09/06 **********************
vers00:52:02qs.rtn10000 REM ******************* ql routine 18/09/01 **********************
vers00:52:02qs_.rtn10000 REM ******************* qs routine 14/09/98 **********************
vers00:52:02q0.rtn10000 REM ******************* ql routine 18/09/01 **********************
vers00:52:02re.rtn10000 REM ************ re-sb.rtn 21/04/2012 19:47:08 ************
vers00:52:02re-mb.rtn10000 REM ************ re-mb.rtn 21/04/2012 19:47:08 ************
vers00:52:02re-mb_.rtn10000 REM ************ re-mb.rtn 21/04/2012 19:47:08 ************
vers00:52:02re-sb.rtn10000 REM ************ re-sb.rtn 21/04/2012 19:47:08 ************
vers00:52:02reft10.rtn10000 REM ********************* REFTST9 routine 17/05/11 *******************
vers00:52:02reft9.rtn10000 REM ********************* REFTST9 routine 17/05/11 *******************
vers00:52:02rep.rtn10000 REM ************ rep.rtn 02/12/2010 09:50:00 ************
vers00:52:02re_mb.rtn10000 REM ************ re_mb_no_cod.rtn 02/12/2010 09:50:00 ************
vers00:52:02re_mb_~1.rtn10000 REM ************ re_mb_no_cod.rtn 02/12/2010 09:50:00 ************
vers00:52:02re_orog.rtn10000 REM ************ re-sb.rtn 21/04/2012 19:47:08 ************
vers00:52:02rl.rtn10000 REM ************ rl.rtn 21/04/2012 11:00:00 ************
vers00:52:02rs.rtn10000 REM ************ rs.rtn 02/12/2010 09:50:00 ************
vers00:52:03rs98.rtn10000 REM ******************* rs routine 17/07/98 ************************
vers00:52:03sa.rtn10000 REM ************ sa.rtn 02/12/2010 09:50:00 ************
vers00:52:03saveall.rtn10000 REM ************ saveall.rtn 02/12/2010 09:50:00 ************
vers00:52:03savedh.rtn10000 REM ************ savedh.rtn 02/12/2010 09:50:00 ************
vers00:52:03sc.rtn10000 REM ************ sc.rtn 22/04/2014 18:00:00 ************ 8
vers00:52:03sc_orig.rtn10000 REM ************ sc.rtn 22/04/2014 18:00:00 ************
vers00:52:03sd.rtn10000 REM ************ sd.rtn 02/12/2010 09:50:00 ************
vers00:52:03se.rtn10000 REM ************ se.rtn 02/12/2010 09:50:00 ************
vers00:52:03sf.rtn10000 REM ********************* sc routine 11/04/03 *********************
vers00:52:03sh.rtn10000 REM ************ sh.rtn 02/12/2010 09:50:00 ************
vers00:52:03sh20912.rtn10000 REM ****************** sh routine 22/06/10 ***********************
vers00:52:03si.rtn10000 REM ************ si.rtn 24/06/2014 19:47:08 ************
vers00:52:03sim.rtn10000 REM ************ sim.rtn 16/01/2014 09:50:00 ************
vers00:52:03sim_v3~1.rtn10000 REM ******************* sim routine 02/12/96 **********************
vers00:52:03si_new.rtn10000 REM ************ si.rtn 16/12/2010 19:47:08 ************
vers00:52:03si_v376a.rtn10000 REM ******************* si routine 22/11/96 ***********************
vers00:52:03sk.rtn10000 REM ************ sk.rtn 02/12/2010 09:50:00 ************
vers00:52:03skc.rtn10000 REM ************ skc.rtn 03/02/2015 19:47:08 ************
vers00:52:03skc-nor.rtn10000 REM ************ skc.rtn 05/03/2011 19:47:08 ************
vers00:52:03skc_cu~1.rtn10000 REM ******************* skc routine 23/07/98 ********************
vers00:52:03skc_noaz.rtn10000 REM ******************* skc routine 23/07/98 ********************
vers00:52:04sl.rtn10000 REM ************ sl.rtn 24/06/2014 09:50:00 ************
vers00:52:04slsum.rtn10000 REM ************ slsum.rtn 02/12/2010 09:50:00 ************
vers00:52:04sq.rtn10000 REM ****************** sq routine 21/01/12 **********************
vers00:52:04sr.rtn10000 REM ************ sr.rtn 01/04/2011 12:00:00 ************
vers00:52:04ss.rtn10000 REM ***************** ss routine 21/04/98 *********************
vers00:52:04ss_alk.rtn10000 REM ***************** ss routine 08/10/97 *********************
vers00:52:04ss_new.rtn10000 REM ***************** ss routine 21/04/98 *********************
vers00:52:04ss_old.rtn10000 REM ***************** ss routine 21/04/98 *********************
vers00:52:04ss_orig.rtn10000 REM ***************** ss routine 21/04/98 *********************
vers00:52:04st.rtn10000 REM ************ st.rtn 02/12/2010 09:50:00 ************
vers00:52:04sum.rtn10000 REM ************ sum.rtn 02/12/2010 09:50:00 ************
vers00:52:04sw.rtn10000 REM ************ sw.rtn 13/12/2010 09:50:00 ************
vers00:52:04sx.rtn10000 REM ***************** ss routine 21/04/98 *********************
vers00:52:04sx_.rtn10000 REM ***************** ss routine 21/04/98 *********************
vers00:52:04sx_183.rtn10000 REM ***************** ss routine 21/04/98 *********************
vers00:52:04sx_20m.rtn10000 REM ***************** ss routine 21/04/98 *********************
vers00:52:04sy.rtn10000 REM ***************** sy routine 20/05/2005 *********************
vers00:52:04tcsum.rtn10000 REM ************ tcsum.rtn 02/12/2010 09:50:00 ************
vers00:52:04td.rtn10000 REM ************ td.rtn 10/03/2014 09:40:00 ************
vers00:52:04td_185.rtn10000 REM ********************** td routine 26/11/97 ********************
vers00:52:04testfw2.rtn10000 REM ************ testfw2.rtn 02/12/2010 09:50:00 ************
vers00:52:04tf.rtn10000 REM ************ testfw2.rtn 06/12/2012 09:50:00 ************
vers00:52:04tt.rtn10000 REM ************ tt.rtn 02/12/2010 09:50:00 ************
vers00:52:04tu.rtn10000 REM ************ tu.rtn 02/12/2010 09:50:00 ************
vers00:52:05tu_orig.rtn10000 REM ******************** tu routine 14/09/98 ********************
vers00:52:05tv.rtn10000 REM ******************** tu routine 14/09/98 ********************
vers00:52:05t2.rtn10000 REM ********************** td routine 26/11/97 ********************
vers00:52:05ub.rtn10000 REM ************ ub.rtn 02/12/2010 09:50:00 ************
vers00:52:05ud.rtn10000 REM ******************* uv routine 17/09/04 ********************
vers00:52:05ug.rtn10000 REM take "direct sun" observation on uvb port ** uq routine 160196 **
vers00:52:05ul.rtn10000 REM ************ ul.rtn 02/12/2010 09:50:00 ************
vers00:52:05um-.rtn10000 REM ********************* um routine 19/10/98 *******************
vers00:52:05um.rtn10000 REM ************ um.rtn 02/12/2010 09:50:00 ************
vers00:52:05um-nor.rtn10000 REM ************ um.rtn 02/12/2010 09:50:00 ************
vers00:52:05um_cur~1.rtn10000 REM ********************* um routine 19/10/98 *******************
vers00:52:05um_epa.rtn10000 REM ********************* um routine 19/10/98 *******************
vers00:52:05um_org.rtn10000 REM ********************* um routine 19/10/98 *******************
vers00:52:05um_orig.rtn10000 REM ********************* um routine 10/09/03 for #017 *******************
vers00:52:05um_017.rtn10000 REM ********************* um routine 10/09/03 for #017 *******************
vers00:52:05um_5.rtn10000 REM ********************* um routine 19/10/98 *******************
vers00:52:05uq.rtn10000 REM ************ uq.rtn 02/12/2010 09:50:00 ************
vers00:52:05uv-.rtn10000 REM ************ uv.rtn 02/12/2010 09:50:00 ************
vers00:52:05uv.rtn10000 REM ************ uv.rtn 22/02/2015 20:00:00 ************
vers00:52:05uv-cur~1.rtn10000 REM ******************* uv routine 20/10/07 ********************
vers00:52:06uv-spain.rtn10000 REM ******************* uv routine 12/09/05 ********************
vers00:52:06uv-410.rtn10000 REM ************ uv.rtn 13/04/2014 20:00:00 ************
vers00:52:06uvfocusd.rtn10000 REM ********** UV focus Recombining routine 30/10/10 ***********
vers00:52:06uvsum.rtn10000 REM ************ uvsum.rtn 02/12/2010 09:50:00 ************
vers00:52:06uv30m.rtn10000 REM ******************* uv routine 12/09/05 ********************
vers00:52:06uv40.rtn10000 REM ******************* uv routine 12/09/05 ********************
vers00:52:06uv(2).rtn10000 REM ******************* uv routine 17/09/04 ********************
vers00:52:06uv_.rtn10000 REM ******************* uv routine 16/11/99 ********************
vers00:52:06uv_alk.rtn10000 REM ****************** uv routine 04/04/2002 *******************
vers00:52:06uv_check.rtn10000 REM ******************* uv routine 12/09/05 ********************
vers00:52:06uv_nor.rtn10000 REM ************ uv.rtn 02/12/2010 09:50:00 ************
vers00:52:06uv_old.rtn10000 REM ******************* uv routine 16/11/99 ********************
vers00:52:06uv_07.rtn10000 REM ******************* uv routine 12/09/05 ********************
vers00:52:06uv_2004.rtn10000 REM ******************* uv routine 17/09/04 ********************
vers00:52:06uv_30m.rtn10000 REM ******************* uv routine 12/09/05 ********************
vers00:52:06uv_376.rtn10000 REM ******************* uv routine 12/09/05 ********************
vers00:52:06uv_376b.rtn10000 REM ******************* uv routine 20/10/07 ********************
vers00:52:06u2.rtn10000 REM ******************* uv routine 12/09/05 ********************
vers00:52:06u3.rtn10000 REM U3.RTN TO RESTART THE CONTROL SOFTWARE TO RELEASE MEMORY SPACE
vers00:52:06u5.rtn10000 REM ************ u5.rtn 02/12/2010 09:50:00 ************
vers00:52:06ve.rtn10000 REM ************ ve.rtn 23/04/2014 11:10:00 ************
vers00:52:07wb.rtn10000 REM ************ wb.rtn 09/03/2015 15:00:00 ************
vers00:52:07wr.rtn10000 REM ************ cr.rtn 02/12/2010 09:50:00 ************
vers00:52:07w0.rtn10000 REM ************ w0.rtn 02/12/2010 09:50:00 ************
vers00:52:07w1.rtn10000 REM ************ w1.rtn 02/12/2010 09:50:00 ************
vers00:52:07w2.rtn10000 REM ************ w2.rtn 02/12/2010 09:50:00 ************
vers00:52:07w3.rtn10000 REM ************ w3.rtn 02/12/2010 09:50:00 ************
vers00:52:07w4.rtn10000 REM ************ w4.rtn 02/12/2010 09:50:00 ************
vers00:52:07xl.rtn10000 REM ************ xl.rtn 02/12/2010 09:50:00 ************
vers00:52:07zb.rtn10000 REM ************ zb.rtn 02/12/2010 09:50:00 ************
vers00:52:07zc.rtn10000 REM ************ zc.rtn 02/12/2010 09:50:00 ************
vers00:52:07ze.rtn10000 REM ************ ze.rtn 02/12/2010 09:50:00 ************
vers00:52:07zf.rtn10000 REM ************ zf.rtn 01/04/2011 12:00:00 ************
vers00:52:07zi.rtn10000 REM ************ zi.rtn 02/12/2010 09:50:00 ************
vers00:52:07zl.rtn10000 REM ************ zl.rtn 02/12/2010 09:50:00 ************
vers00:52:07zlsum.rtn10000 REM ************ zlsum.rtn 02/12/2010 09:50:00 ************
vers00:52:07zp.rtn10000 REM ************ zp.rtn 02/12/2010 09:50:00 ************
vers00:52:07zs.rtn10000 REM ************ zs.rtn 06/07/2012 09:50:00 ************
vers00:52:07zssum.rtn10000 REM ************ zssum.rtn 10/05/2011 09:50:00 ************
vers00:52:07zwsum.rtn10000 REM ************ zwsum.rtn 10/05/2011 09:50:00 ************
vers00:52:07zx.rtn10000 REM ************ zs.rtn 06/07/2012 09:50:00 ************
co00:52:07hgsum: Running hgsum from o329318a line -200