uaIntegration time is 0.2294 seconds per sampledt  3.1E-08 cy 1dh270619El Arenosillo 37.1 6.73 2.857833pr1000dark .65 
 390.03  2900  579 1 
 390.1  2905  645 0 
 390.14  2910  710 .75 
 390.19  2915  776 .5 
 390.24  2920  841 1 
 390.3  2925  907 1.25 
 390.34  2930  973 .5 
 390.39  2935  1039 .75 
 390.45  2940  1105 .5 
 390.49  2945  1171 1.5 
 390.54  2950  1237 .75 
 390.59  2955  1303 .75 
 390.64  2960  1370 .75 
 390.7  2965  1436 .5 
 390.74  2970  1502 1.25 
 390.79  2975  1569 1.75 
 390.85  2980  1636 1.25 
 390.89  2985  1703 1.5 
 390.94  2990  1769 3 
 391  2995  1836 6.5 
 391.04  3000  1903 4 
 391.09  3005  1970 8 
 391.15  3010  2038 11.75 
 391.19  3015  2105 15 
 391.24  3020  2172 14.5 
 391.3  3025  2240 31.25 
 391.34  3030  2307 54.5 
 391.39  3035  2375 71.25 
 391.45  3040  2443 76 
 391.49  3045  2511 112.5 
 391.54  3050  2579 198 
 391.6  3055  2647 229.25 
 391.64  3060  2715 234.75 
 391.69  3065  2783 312.5 
 391.75  3070  2851 542.75 
 391.79  3075  2920 748.25 
 391.84  3080  2988 800.5 
 391.9  3085  3057 1040.75 
 391.94  3090  3126 1045 
 391.99  3095  3194 1349.75 
 392.05  3100  3263 1426.75 
 392.09  3105  3332 2413.5 
 392.14  3110  3401 3401.75 
 392.2  3115  3471 3577 
 392.24  3120  3540 3665.75 
 392.29  3125  3609 4715 
 392.35  3130  3679 5668.75 
 392.39  3135  3748 5544 
 392.44  3140  3818 7213 
 392.5  3145  3888 6602.75 
 392.54  3150  3958 9555.25 
 392.59  3155  4028 8394.25 
 392.65  3160  4098 7229.5 
 392.69  3165  4168 10678.5 
 392.74  3170  4238 13508.75 
 392.8  3175  4309 14785 
 392.84  3180  4379 11549.75 
 392.89  3185  4450 14363.25 
 392.95  3190  4521 18815.25 
 392.99  3195  4592 15512.5 
 393.04  3200  4663 18004.5 
 393.1  3205  4734 22263.5 
 393.14  3210  4805 22132 
 393.19  3215  4876 20751 
 393.25  3220  4947 22007 
 393.29  3225  5019 18690.5 
 393.34  3230  5090 18800.25 
 393.4  3235  5162 24936.75 
 393.44  3240  5234 28867.75 
 393.49  3245  5306 29146.75 
 393.55  3250  5378 25760 
 393.59  3255  5450 32062 
 393.64  3260  5522 40072 
 393.7  3265  5595 40877 
 393.74  3270  5667 42768.25 
 393.79  3275  5740 40727.75 
 393.85  3280  5813 35646 
 393.89  3285  5885 36578.75 
 393.94  3290  5958 43489.75 
 394  3295  6031 52068.75 
 394.04  3300  6105 53293.25 
 394.09  3305  6178 43453.25 
 394.15  3310  6251 42520.25 
 394.19  3315  6325 43114.5 
 394.24  3320  6399 47812.25 
 394.3  3325  6472 46482.75 
 394.34  3330  6546 46888.75 
 394.39  3335  6620 44367.25 
 394.45  3340  6694 41685 
 394.49  3345  6769 50287.75 
 394.54  3350  6843 46748 
 394.6  3355  6918 54012 
 394.64  3360  6992 39844.75 
 394.69  3365  7067 43964.75 
 394.75  3370  7142 38051.5 
 394.79  3375  7217 43225.5 
 394.84  3380  7292 45443.75 
 394.9  3385  7367 48211 
 394.94  3390  7443 51235.75 
 394.99  3395  7518 46908 
 395.05  3400  7594 56306.75 
 395.09  3405  7670 52272.25 
 395.14  3410  7746 50391.75 
 395.2  3415  7822 45838 
 395.24  3420  7898 54235.75 
 395.29  3425  7974 49888.25 
 395.35  3430  8051 55273.5 
 395.39  3435  8127 50641.5 
 395.44  3440  8204 41121.5 
 395.5  3445  8281 35443.5 
 395.54  3450  8358 49222.75 
 395.59  3455  8435 51219.5 
 395.65  3460  8512 43604.75 
 395.69  3465  8590 48434.25 
 395.74  3470  8667 51508.5 
 395.8  3475  8745 41735.75 
 395.84  3480  8823 46978.5 
 395.89  3485  8901 46967.75 
 395.95  3490  8979 44061 
 395.99  3495  9057 43158.75 
 396.04  3500  9135 49965 
 396.2  3505  7350 60396.5 
 396.23  3510  7429 54154 
 396.27  3515  7509 48190 
 396.32  3520  7589 55758.25 
 396.35  3525  7669 42453.25 
 396.39  3530  7749 52268.75 
 396.43  3535  7829 55183.25 
 396.47  3540  7910 58374.25 
 396.51  3545  7990 58578.25 
 396.55  3550  8071 59399 
 396.59  3555  8152 53566.75 
 396.63  3560  8233 53946.5 
 396.67  3565  8314 50266.5 
 396.71  3570  8396 39292.5 
 396.75  3575  8477 46611.5 
 396.79  3580  8559 39353 
 396.83  3585  8641 31435 
 396.86  3590  8723 40996.5 
 396.91  3595  8805 52722 
 396.95  3600  8887 57591.75 
 396.98  3605  8970 45984.25 
 397.03  3610  9053 40363.5 
 397.06  3615  9135 47219.75 
 397.1  3620  9219 37740.25 
 397.15  3625  9302 52396.25 
 397.18  3630  9385 48811 
end
uxIntegration time is 0.2294 seconds per sampledt  3.1E-08 cy 1dh270619El Arenosillo 37.1 6.73 2.857833pr1000dark .2 
 399.06  2900  579 1.25 
 399.1  2905  645 .25 
 399.13  2910  710 .25 
 399.17  2915  776 .25 
 399.21  2920  841 0 
 399.25  2925  907 .5 
 399.29  2930  973 .5 
 399.33  2935  1039 .75 
 399.36  2940  1105 .75 
 399.4  2945  1171 1.5 
 399.44  2950  1237 .75 
 399.48  2955  1303 1.75 
 399.52  2960  1370 1.75 
 399.56  2965  1436 .5 
 399.6  2970  1502 .75 
 399.64  2975  1569 3 
 399.67  2980  1636 2 
 399.71  2985  1703 2.75 
 399.75  2990  1769 3.25 
 399.79  2995  1836 5.5 
 399.82  3000  1903 6 
 399.85  3005  1970 6.5 
 399.88  3010  2038 15.5 
 399.91  3015  2105 19 
 399.95  3020  2172 18.5 
 399.97  3025  2240 42 
 400  3030  2307 79 
 400.04  3035  2375 105.5 
 400.07  3040  2443 113.5 
 400.09  3045  2511 160.5 
 400.13  3050  2579 316 
 400.16  3055  2647 333 
 400.19  3060  2715 350 
 400.22  3065  2783 452.5 
 400.25  3070  2851 782 
 400.28  3075  2920 1096 
 400.31  3080  2988 1158.5 
 400.34  3085  3057 1495.5 
 400.37  3090  3126 1459.5 
 400.41  3095  3194 1914 
 400.43  3100  3263 1971.5 
 400.46  3105  3332 3270 
 400.5  3110  3401 4533 
 400.53  3115  3471 4751 
 400.56  3120  3540 4773 
 400.59  3125  3609 6070 
 400.62  3130  3679 7223 
 400.65  3135  3748 7074.5 
 400.68  3140  3818 9163 
 400.71  3145  3888 8410 
 400.74  3150  3958 11922 
 400.78  3155  4028 10496 
 400.81  3160  4098 8979.5 
 400.83  3165  4168 13110.5 
 400.87  3170  4238 16873 
 400.9  3175  4309 18385 
 400.93  3180  4379 14156.5 
 400.96  3185  4450 17331 
 400.99  3190  4521 22279 
 401.02  3195  4592 18721 
 401.06  3200  4663 21535 
 401.08  3205  4734 26438.5 
 401.11  3210  4805 26129 
 401.15  3215  4876 24738 
 401.18  3220  4947 26337.5 
 401.21  3225  5019 22446 
 401.24  3230  5090 22445 
 401.27  3235  5162 28933 
 401.3  3240  5234 33230.5 
 401.34  3245  5306 33894 
 401.36  3250  5378 30368.5 
 401.39  3255  5450 37150 
 401.43  3260  5522 46130 
 401.46  3265  5595 46693.5 
 401.49  3270  5667 48906 
 401.52  3275  5740 46667.5 
 401.55  3280  5813 41353 
 401.58  3285  5885 41739.5 
 401.62  3290  5958 49493 
 401.64  3295  6031 59559 
 401.67  3300  6105 60103 
 401.71  3305  6178 49563.5 
 401.74  3310  6251 48729 
 401.77  3315  6325 49406 
 401.8  3320  6399 53758 
 401.83  3325  6472 52679 
 401.86  3330  6546 53210.5 
 401.9  3335  6620 49715.5 
 401.93  3340  6694 47262.5 
 401.96  3345  6769 56769 
 401.99  3350  6843 53167.5 
 402.02  3355  6918 62150 
 402.05  3360  6992 45455 
 402.08  3365  7067 49641 
 402.11  3370  7142 43539 
 402.14  3375  7217 49226.5 
 402.18  3380  7292 51476 
 402.21  3385  7367 54563 
 402.24  3390  7443 57570 
 402.27  3395  7518 52195 
 402.3  3400  7594 63586 
 402.33  3405  7670 59283 
 402.37  3410  7746 56247.5 
 402.4  3415  7822 50911.5 
 402.42  3420  7898 60761.5 
 402.46  3425  7974 56143 
 402.49  3430  8051 62510.5 
 402.52  3435  8127 57208.5 
 402.56  3440  8204 45778 
 402.58  3445  8281 40357.5 
 402.61  3450  8358 55759 
 402.65  3455  8435 56993 
 402.68  3460  8512 48471 
 402.71  3465  8590 54291 
 402.74  3470  8667 57674 
 402.77  3475  8745 47151 
 402.8  3480  8823 52641 
 402.84  3485  8901 52023.5 
 402.87  3490  8979 48494 
 402.9  3495  9057 48094.5 
 402.93  3500  9135 54559 
 403.06  3505  7350 67239 
 403.09  3510  7429 60684 
 403.13  3515  7509 54266 
 403.16  3520  7589 62448 
 403.19  3525  7669 47376 
 403.22  3530  7749 57960 
 403.25  3535  7829 61460 
 403.28  3540  7910 65116 
 403.32  3545  7990 64847 
 403.35  3550  8071 66071.5 
 403.38  3555  8152 59736.5 
 403.41  3560  8233 59819.5 
 403.44  3565  8314 56542.5 
 403.47  3570  8396 43724 
 403.51  3575  8477 51223.5 
 403.54  3580  8559 44091 
 403.56  3585  8641 35823.5 
 403.6  3590  8723 45347.5 
 403.63  3595  8805 58463 
 403.66  3600  8887 63898 
 403.7  3605  8970 50935.5 
 403.72  3610  9053 45038 
 403.75  3615  9135 52396 
 403.79  3620  9219 41549 
 403.82  3625  9302 59407 
 403.85  3630  9385 55280 
end
uxIntegration time is 0.2294 seconds per sampledt  3.1E-08 cy 1dh270619El Arenosillo 37.1 6.73 2.965129pr1000dark .85 
 421.57  2900  579 .75 
 421.61  2905  645 1.25 
 421.64  2910  710 .25 
 421.69  2915  776 0 
 421.72  2920  841 .75 
 421.77  2925  907 .5 
 421.8  2930  973 1 
 421.84  2935  1039 1.25 
 421.88  2940  1105 1.25 
 421.92  2945  1171 0 
 421.96  2950  1237 .75 
 422  2955  1303 .75 
 422.04  2960  1370 2.5 
 422.08  2965  1436 1.25 
 422.11  2970  1502 1.25 
 422.16  2975  1569 2.75 
 422.19  2980  1636 3.5 
 422.24  2985  1703 3.25 
 422.27  2990  1769 8 
 422.32  2995  1836 14.5 
 422.35  3000  1903 16 
 422.37  3005  1970 26 
 422.41  3010  2038 48 
 422.44  3015  2105 72.5 
 422.48  3020  2172 74.5 
 422.5  3025  2240 153 
 422.54  3030  2307 286.5 
 422.57  3035  2375 379 
 422.59  3040  2443 395 
 422.63  3045  2511 598 
 422.66  3050  2579 974 
 422.7  3055  2647 1096 
 422.73  3060  2715 1173.5 
 422.76  3065  2783 1480 
 422.79  3070  2851 2365 
 422.82  3075  2920 3078 
 422.85  3080  2988 3420.5 
 422.88  3085  3057 4021 
 422.92  3090  3126 3741.5 
 422.95  3095  3194 4822.5 
 422.98  3100  3263 5200 
 423.01  3105  3332 8546 
 423.04  3110  3401 10532 
 423.08  3115  3471 10723.5 
 423.11  3120  3540 11221.5 
 423.14  3125  3609 13889 
 423.17  3130  3679 14989 
 423.21  3135  3748 15281.5 
 423.23  3140  3818 18692.5 
 423.26  3145  3888 17681 
 423.3  3150  3958 23082.5 
 423.33  3155  4028 19554.5 
 423.37  3160  4098 17825 
 423.39  3165  4168 25781 
 423.43  3170  4238 31788.5 
 423.46  3175  4309 32506.5 
 423.49  3180  4379 25976 
 423.52  3185  4450 32978.5 
 423.55  3190  4521 38204.5 
 423.59  3195  4592 32964.5 
 423.62  3200  4663 39003 
 423.65  3205  4734 47701.5 
 423.68  3210  4805 42881 
 423.71  3215  4876 41454.5 
 423.75  3220  4947 45029 
 423.78  3225  5019 38651.5 
 423.81  3230  5090 38577 
 423.84  3235  5162 47260.5 
 423.88  3240  5234 54751.5 
 423.91  3245  5306 55889 
 423.93  3250  5378 50096 
 423.97  3255  5450 62544.5 
 424  3260  5522 75507 
 424.04  3265  5595 76553 
 424.07  3270  5667 76804.5 
 424.1  3275  5740 73216.5 
 424.13  3280  5813 66797 
 424.16  3285  5885 68739.5 
 424.2  3290  5958 80758.5 
 424.22  3295  6031 92511.5 
 424.26  3300  6105 93877 
 424.29  3305  6178 77738 
 424.33  3310  6251 77643.5 
 424.36  3315  6325 78149 
 424.38  3320  6399 84154 
 424.42  3325  6472 83281 
 424.45  3330  6546 83263.5 
 424.49  3335  6620 77573.5 
 424.52  3340  6694 77447 
 424.55  3345  6769 88516.5 
 424.58  3350  6843 83610.5 
 424.61  3355  6918 95185.5 
 424.65  3360  6992 69002 
 424.68  3365  7067 79419.5 
 424.71  3370  7142 66649.5 
 424.74  3375  7217 79892 
 424.78  3380  7292 79843.5 
 424.81  3385  7367 86860 
 424.84  3390  7443 88927 
 424.87  3395  7518 84271.5 
 424.9  3400  7594 101006.5 
 424.94  3405  7670 92357 
 424.97  3410  7746 88732.5 
 425  3415  7822 81999.5 
 425.03  3420  7898 96897 
 425.06  3425  7974 90533 
 425.1  3430  8051 98791.5 
 425.13  3435  8127 93032.5 
 425.17  3440  8204 71963.5 
 425.2  3445  8281 68193.5 
 425.23  3450  8358 90843 
 425.26  3455  8435 94315 
 425.29  3460  8512 80916.5 
 425.33  3465  8590 90576 
 425.35  3470  8667 96284.5 
 425.39  3475  8745 79156 
 425.42  3480  8823 89145 
 425.46  3485  8901 89375.5 
 425.49  3490  8979 83004 
 425.51  3495  9057 82208 
 425.55  3500  9135 99623 
 425.68  3505  7350 103329 
 425.72  3510  7429 94669 
 425.75  3515  7509 86695.5 
 425.78  3520  7589 98357 
 425.81  3525  7669 74635 
 425.84  3530  7749 92976 
 425.88  3535  7829 99447.5 
 425.91  3540  7910 104215.5 
 425.95  3545  7990 104939.5 
 425.98  3550  8071 106375 
 426.01  3555  8152 95254.5 
 426.04  3560  8233 98467 
 426.07  3565  8314 89021 
 426.11  3570  8396 70913.5 
 426.14  3575  8477 85730 
 426.17  3580  8559 70839.5 
 426.2  3585  8641 58982.5 
 426.24  3590  8723 79276.5 
 426.27  3595  8805 100880 
 426.3  3600  8887 108041 
 426.33  3605  8970 87287.5 
 426.36  3610  9053 77996 
 426.4  3615  9135 91644 
 426.43  3620  9219 76181 
 426.47  3625  9302 103578 
 426.5  3630  9385 95337.5 
end
uaIntegration time is 0.2294 seconds per sampledt  3.1E-08 cy 1dh270619El Arenosillo 37.1 6.73 3.018777pr1000dark .75 
 450.04  2900  579 .75 
 450.1  2905  645 .5 
 450.14  2910  710 .75 
 450.2  2915  776 .5 
 450.24  2920  841 .75 
 450.29  2925  907 .5 
 450.35  2930  973 .25 
 450.39  2935  1039 .25 
 450.45  2940  1105 22.75 
 450.49  2945  1171 .75 
 450.55  2950  1237 1 
 450.59  2955  1303 1.25 
 450.64  2960  1370 1.5 
 450.7  2965  1436 3.25 
 450.74  2970  1502 3.5 
 450.8  2975  1569 9.25 
 450.84  2980  1636 13.5 
 450.9  2985  1703 14.75 
 450.94  2990  1769 31.5 
 450.99  2995  1836 50.25 
 451.05  3000  1903 56.75 
 451.09  3005  1970 86.5 
 451.15  3010  2038 156.75 
 451.19  3015  2105 251.25 
 451.25  3020  2172 245 
 451.29  3025  2240 502.75 
 451.34  3030  2307 885.5 
 451.4  3035  2375 1155.25 
 451.44  3040  2443 1176.5 
 451.5  3045  2511 1716.75 
 451.54  3050  2579 2674 
 451.6  3055  2647 2871.75 
 451.64  3060  2715 2984.75 
 451.69  3065  2783 3696 
 451.75  3070  2851 5589.25 
 451.79  3075  2920 6961 
 451.85  3080  2988 7553.25 
 451.89  3085  3057 8778.5 
 451.95  3090  3126 8014.25 
 451.99  3095  3194 9690.5 
 452.04  3100  3263 10207.5 
 452.1  3105  3332 16563.5 
 452.14  3110  3401 20264.5 
 452.2  3115  3471 20279 
 452.24  3120  3540 20478.75 
 452.3  3125  3609 24725 
 452.34  3130  3679 26591.25 
 452.39  3135  3748 26960 
 452.45  3140  3818 32473.25 
 452.49  3145  3888 29609.5 
 452.55  3150  3958 38236 
 452.59  3155  4028 32745.25 
 452.65  3160  4098 29088 
 452.69  3165  4168 41183.25 
 452.74  3170  4238 50723.75 
 452.8  3175  4309 52199.5 
 452.84  3180  4379 40968.25 
 452.9  3185  4450 50433.5 
 452.94  3190  4521 58219.5 
 453  3195  4592 50487.75 
 453.04  3200  4663 60100.75 
 453.09  3205  4734 71812 
 453.15  3210  4805 63443.75 
 453.19  3215  4876 60943.75 
 453.25  3220  4947 67449.75 
 453.29  3225  5019 58172 
 453.35  3230  5090 56972.25 
 453.39  3235  5162 68191.25 
 453.44  3240  5234 78508.5 
 453.5  3245  5306 81050 
 453.54  3250  5378 73509.25 
 453.6  3255  5450 90634 
 453.64  3260  5522 107821 
 453.7  3265  5595 107656.5 
 453.74  3270  5667 108837.5 
 453.79  3275  5740 104212.5 
 453.85  3280  5813 96218.25 
 453.89  3285  5885 97606 
 453.95  3290  5958 112822.5 
 453.99  3295  6031 128851 
 454.05  3300  6105 130983.3 
 454.09  3305  6178 109809.3 
 454.14  3310  6251 109623 
 454.2  3315  6325 109845 
 454.24  3320  6399 117804.5 
 454.3  3325  6472 115721.3 
 454.34  3330  6546 115890.8 
 454.4  3335  6620 108462 
 454.44  3340  6694 108121.8 
 454.49  3345  6769 122958.3 
 454.55  3350  6843 116084.5 
 454.59  3355  6918 131709.3 
 454.65  3360  6992 95852.75 
 454.69  3365  7067 110334.5 
 454.75  3370  7142 93310.5 
 454.79  3375  7217 111554.8 
 454.84  3380  7292 110798.8 
 454.9  3385  7367 120294.3 
 454.94  3390  7443 123025.5 
 455  3395  7518 115934.5 
 455.04  3400  7594 139319.5 
 455.1  3405  7670 127362 
 455.14  3410  7746 122188.3 
 455.19  3415  7822 112798.3 
 455.25  3420  7898 133615 
 455.29  3425  7974 124581 
 455.35  3430  8051 136094.3 
 455.39  3435  8127 128461 
 455.45  3440  8204 100568.3 
 455.49  3445  8281 94021 
 455.54  3450  8358 125337.5 
 455.6  3455  8435 130069.8 
 455.64  3460  8512 111709 
 455.7  3465  8590 124303 
 455.74  3470  8667 132425 
 455.8  3475  8745 109285 
 455.84  3480  8823 122792 
 455.89  3485  8901 123042.5 
 455.95  3490  8979 114454.5 
 455.99  3495  9057 113440 
 456.05  3500  9135 136431 
 456.19  3505  7350 142503.8 
 456.24  3510  7429 130594.8 
 456.27  3515  7509 119557.5 
 456.31  3520  7589 135568.8 
 456.36  3525  7669 103298.5 
 456.39  3530  7749 127867.5 
 456.44  3535  7829 136707 
 456.48  3540  7910 143398.3 
 456.52  3545  7990 144447.3 
 456.56  3550  8071 146036.8 
 456.6  3555  8152 131116.5 
 456.64  3560  8233 135218 
 456.68  3565  8314 122225.5 
 456.72  3570  8396 98087.25 
 456.76  3575  8477 118158.5 
 456.8  3580  8559 98262.25 
 456.84  3585  8641 81772.25 
 456.88  3590  8723 109008.3 
 456.92  3595  8805 138328.5 
 456.96  3600  8887 148538.8 
 457.01  3605  8970 120182.5 
 457.04  3610  9053 107452 
 457.09  3615  9135 125863.3 
 457.13  3620  9219 104306 
 457.16  3625  9302 142959.3 
 457.21  3630  9385 130679.5 
end
uaIntegration time is 0.2294 seconds per sampledt  3.1E-08 cy 1dh270619El Arenosillo 37.1 6.73 3.179721pr1000dark 1.1 
 480.04  2900  579 .5 
 480.1  2905  645 .5 
 480.14  2910  710 .75 
 480.2  2915  776 .25 
 480.24  2920  841 .75 
 480.29  2925  907 .5 
 480.35  2930  973 2 
 480.39  2935  1039 .75 
 480.45  2940  1105 1.75 
 480.49  2945  1171 2 
 480.55  2950  1237 3 
 480.59  2955  1303 3.25 
 480.64  2960  1370 6.25 
 480.7  2965  1436 7.25 
 480.74  2970  1502 15.25 
 480.8  2975  1569 30.75 
 480.84  2980  1636 42.25 
 480.9  2985  1703 50.5 
 480.94  2990  1769 103.75 
 480.99  2995  1836 172.25 
 481.05  3000  1903 185.75 
 481.09  3005  1970 276 
 481.15  3010  2038 494.75 
 481.19  3015  2105 688.5 
 481.25  3020  2172 644 
 481.29  3025  2240 1312.5 
 481.34  3030  2307 2214.75 
 481.4  3035  2375 2753.25 
 481.44  3040  2443 2760 
 481.5  3045  2511 3882.5 
 481.54  3050  2579 5689.25 
 481.6  3055  2647 5967.75 
 481.64  3060  2715 6111.5 
 481.69  3065  2783 7429.75 
 481.75  3070  2851 10701.25 
 481.79  3075  2920 13017.25 
 481.85  3080  2988 13935 
 481.89  3085  3057 15889 
 481.95  3090  3126 14138 
 481.99  3095  3194 16637 
 482.04  3100  3263 17145.5 
 482.1  3105  3332 27846.75 
 482.14  3110  3401 33416.25 
 482.2  3115  3471 32841.75 
 482.24  3120  3540 32550.75 
 482.3  3125  3609 38629.75 
 482.34  3130  3679 40977.25 
 482.39  3135  3748 42132.25 
 482.45  3140  3818 49274.25 
 482.49  3145  3888 44018.25 
 482.55  3150  3958 56513 
 482.59  3155  4028 48316.75 
 482.65  3160  4098 42664.25 
 482.69  3165  4168 59212.5 
 482.74  3170  4238 72413.25 
 482.8  3175  4309 74848.5 
 482.84  3180  4379 58247 
 482.9  3185  4450 70951 
 482.94  3190  4521 80149.75 
 483  3195  4592 70599.25 
 483.04  3200  4663 84090 
 483.09  3205  4734 98821.5 
 483.15  3210  4805 85403.5 
 483.19  3215  4876 82901.75 
 483.25  3220  4947 92087 
 483.29  3225  5019 79551.25 
 483.35  3230  5090 77468.5 
 483.39  3235  5162 90911.5 
 483.44  3240  5234 104226.3 
 483.5  3245  5306 107723 
 483.54  3250  5378 98631 
 483.6  3255  5450 121223.8 
 483.64  3260  5522 141924.3 
 483.7  3265  5595 140693.5 
 483.74  3270  5667 141859.3 
 483.79  3275  5740 136536.8 
 483.85  3280  5813 127109.5 
 483.89  3285  5885 128127.5 
 483.95  3290  5958 147407.8 
 483.99  3295  6031 166315.3 
 484.05  3300  6105 168825 
 484.09  3305  6178 142464 
 484.14  3310  6251 143184.8 
 484.2  3315  6325 143185.5 
 484.24  3320  6399 151657.8 
 484.3  3325  6472 149192.5 
 484.34  3330  6546 149334.5 
 484.4  3335  6620 140165.8 
 484.44  3340  6694 140673 
 484.49  3345  6769 158425 
 484.55  3350  6843 149103.8 
 484.59  3355  6918 168898.8 
 484.65  3360  6992 122400.3 
 484.69  3365  7067 142272.3 
 484.75  3370  7142 120148.8 
 484.79  3375  7217 144072.5 
 484.84  3380  7292 142258 
 484.9  3385  7367 154283.8 
 484.94  3390  7443 157083 
 485  3395  7518 149028 
 485.04  3400  7594 178242.2 
 485.1  3405  7670 163184 
 485.14  3410  7746 156522.3 
 485.19  3415  7822 144466 
 485.25  3420  7898 170503.2 
 485.29  3425  7974 159309 
 485.35  3430  8051 173826 
 485.39  3435  8127 164309 
 485.45  3440  8204 127598.5 
 485.49  3445  8281 121756 
 485.54  3450  8358 160384 
 485.6  3455  8435 166051.8 
 485.64  3460  8512 142535.5 
 485.7  3465  8590 159243.5 
 485.74  3470  8667 169122.8 
 485.8  3475  8745 139423.3 
 485.84  3480  8823 157045.3 
 485.89  3485  8901 157580.5 
 485.95  3490  8979 145952.8 
 485.99  3495  9057 144912.5 
 486.05  3500  9135 174106.2 
 486.19  3505  7350 180123.5 
 486.24  3510  7429 165534.3 
 486.27  3515  7509 152342.3 
 486.31  3520  7589 171597.8 
 486.36  3525  7669 131170.8 
 486.39  3530  7749 162761 
 486.44  3535  7829 173348 
 486.47  3540  7910 181121 
 486.52  3545  7990 182804.8 
 486.56  3550  8071 184522 
 486.59  3555  8152 165871 
 486.64  3560  8233 171651.8 
 486.68  3565  8314 154748 
 486.72  3570  8396 124619.3 
 486.76  3575  8477 150909.3 
 486.8  3580  8559 124580.5 
 486.84  3585  8641 104188 
 486.88  3590  8723 139789 
 486.92  3595  8805 176044 
 486.96  3600  8887 187792.5 
 487.01  3605  8970 151901.3 
 487.04  3610  9053 137000.3 
 487.09  3615  9135 159695 
 487.12  3620  9219 133356.5 
 487.16  3625  9302 180816.5 
 487.21  3630  9385 164465 
end
uaIntegration time is 0.2294 seconds per sampledt  3.1E-08 cy 1dh270619El Arenosillo 37.1 6.73 3.233369pr1000dark .8 
 510.04  2900  579 1.25 
 510.1  2905  645 1.25 
 510.14  2910  710 1.5 
 510.2  2915  776 2.5 
 510.24  2920  841 1 
 510.3  2925  907 .5 
 510.34  2930  973 1.25 
 510.39  2935  1039 .5 
 510.45  2940  1105 2.25 
 510.49  2945  1171 2.75 
 510.55  2950  1237 4.75 
 510.59  2955  1303 13.25 
 510.65  2960  1370 21 
 510.69  2965  1436 26 
 510.74  2970  1502 41.25 
 510.8  2975  1569 96 
 510.84  2980  1636 129 
 510.9  2985  1703 143 
 510.94  2990  1769 290.5 
 511  2995  1836 432 
 511.04  3000  1903 455 
 511.09  3005  1970 633.75 
 511.15  3010  2038 1127.75 
 511.19  3015  2105 1535 
 511.25  3020  2172 1399.75 
 511.29  3025  2240 2695.25 
 511.35  3030  2307 4446.5 
 511.39  3035  2375 5370 
 511.44  3040  2443 5284.25 
 511.5  3045  2511 7183 
 511.54  3050  2579 10121 
 511.6  3055  2647 10495 
 511.64  3060  2715 10528.25 
 511.7  3065  2783 12514 
 511.74  3070  2851 17483.75 
 511.79  3075  2920 20686 
 511.85  3080  2988 22045.75 
 511.89  3085  3057 24827.5 
 511.95  3090  3126 21822.5 
 511.99  3095  3194 25046 
 512.05  3100  3263 25448.25 
 512.0901  3105  3332 40675 
 512.14  3110  3401 48721.75 
 512.2  3115  3471 47421.75 
 512.24  3120  3540 46219.25 
 512.3  3125  3609 54284 
 512.3401  3130  3679 57172.25 
 512.4001  3135  3748 58441.5 
 512.44  3140  3818 68001.75 
 512.49  3145  3888 59722 
 512.55  3150  3958 76261.5 
 512.5901  3155  4028 65501 
 512.6501  3160  4098 57069.5 
 512.69  3165  4168 78093.25 
 512.75  3170  4238 95685.75 
 512.79  3175  4309 98528.25 
 512.8401  3180  4379 76628 
 512.9001  3185  4450 91436.25 
 512.94  3190  4521 103033.8 
 513  3195  4592 91505.75 
 513.04  3200  4663 108610.5 
 513.1  3205  4734 125952 
 513.14  3210  4805 108456.8 
 513.19  3215  4876 104519.5 
 513.25  3220  4947 117569.8 
 513.29  3225  5019 101520.5 
 513.35  3230  5090 97907.5 
 513.39  3235  5162 113483 
 513.45  3240  5234 129823 
 513.49  3245  5306 134542.3 
 513.54  3250  5378 123870.5 
 513.6  3255  5450 150884.8 
 513.64  3260  5522 175500.2 
 513.7  3265  5595 172902.2 
 513.74  3270  5667 174676.2 
 513.8  3275  5740 168714.8 
 513.8401  3280  5813 157556.3 
 513.89  3285  5885 157948 
 513.95  3290  5958 179388 
 513.99  3295  6031 202166.5 
 514.05  3300  6105 205537 
 514.0901  3305  6178 174274.2 
 514.1501  3310  6251 175354 
 514.19  3315  6325 174832.8 
 514.24  3320  6399 184428.2 
 514.3  3325  6472 180801.8 
 514.3401  3330  6546 181042.8 
 514.4001  3335  6620 170574 
 514.44  3340  6694 170857.2 
 514.5  3345  6769 191980.8 
 514.54  3350  6843 180286 
 514.5901  3355  6918 203213.2 
 514.6501  3360  6992 148856.3 
 514.69  3365  7067 172108 
 514.75  3370  7142 146176.8 
 514.79  3375  7217 174659 
 514.85  3380  7292 172790 
 514.89  3385  7367 186549.2 
 514.94  3390  7443 189906.8 
 515  3395  7518 180090 
 515.04  3400  7594 214877.8 
 515.1  3405  7670 197167.8 
 515.14  3410  7746 188780.2 
 515.2  3415  7822 174428 
 515.24  3420  7898 205026.5 
 515.29  3425  7974 191632.8 
 515.35  3430  8051 208930.5 
 515.39  3435  8127 197974 
 515.45  3440  8204 155397 
 515.49  3445  8281 147019.8 
 515.55  3450  8358 193520 
 515.5901  3455  8435 199589.2 
 515.64  3460  8512 172323 
 515.7  3465  8590 191748.5 
 515.74  3470  8667 203170.8 
 515.8  3475  8745 168256.5 
 515.8401  3480  8823 188557.8 
 515.9001  3485  8901 188916.2 
 515.94  3490  8979 175720.5 
 515.99  3495  9057 174486.8 
 516.05  3500  9135 207969.8 
 516.19  3505  7350 216144.5 
 516.24  3510  7429 198609.8 
 516.2801  3515  7509 183434.8 
 516.32  3520  7589 206194 
 516.36  3525  7669 158058 
 516.39  3530  7749 194915.2 
 516.44  3535  7829 207301.8 
 516.48  3540  7910 216655 
 516.5201  3545  7990 217958.8 
 516.56  3550  8071 220292.5 
 516.6  3555  8152 198682.5 
 516.64  3560  8233 205311.8 
 516.68  3565  8314 185922 
 516.72  3570  8396 149933 
 516.76  3575  8477 180781.8 
 516.81  3580  8559 150766 
 516.8401  3585  8641 125727.8 
 516.89  3590  8723 167166.3 
 516.92  3595  8805 210744.2 
 516.9601  3600  8887 224520 
 517.01  3605  8970 182946.8 
 517.04  3610  9053 164653.8 
 517.0901  3615  9135 191035.8 
 517.13  3620  9219 159809.3 
 517.17  3625  9302 216342 
 517.2101  3630  9385 196937.2 
end
uaIntegration time is 0.2294 seconds per sampledt  3.1E-08 cy 1dh270619El Arenosillo 37.1 6.73 3.340665pr1000dark 1 
 540.04  2900  579 .5 
 540.1  2905  645 1 
 540.14  2910  710 .25 
 540.2  2915  776 2 
 540.24  2920  841 1.5 
 540.3  2925  907 1.75 
 540.34  2930  973 1.75 
 540.39  2935  1039 2.75 
 540.45  2940  1105 4.5 
 540.49  2945  1171 9 
 540.55  2950  1237 17.5 
 540.59  2955  1303 37.5 
 540.65  2960  1370 59 
 540.69  2965  1436 72.75 
 540.74  2970  1502 102.25 
 540.8  2975  1569 241.25 
 540.84  2980  1636 308 
 540.9  2985  1703 333.75 
 540.94  2990  1769 629.25 
 541  2995  1836 901.25 
 541.04  3000  1903 926.75 
 541.09  3005  1970 1305 
 541.15  3010  2038 2151.75 
 541.19  3015  2105 2810.75 
 541.25  3020  2172 2508.25 
 541.29  3025  2240 4732.5 
 541.35  3030  2307 7528.25 
 541.39  3035  2375 8929.5 
 541.44  3040  2443 8639 
 541.5  3045  2511 11524.25 
 541.54  3050  2579 15853 
 541.6  3055  2647 15910 
 541.64  3060  2715 16097.75 
 541.7  3065  2783 18754 
 541.74  3070  2851 25667.25 
 541.79  3075  2920 29853 
 541.85  3080  2988 31501 
 541.89  3085  3057 35214 
 541.95  3090  3126 30510 
 541.99  3095  3194 34309.75 
 542.05  3100  3263 34566.75 
 542.09  3105  3332 55350.5 
 542.14  3110  3401 65277.25 
 542.2  3115  3471 63327 
 542.24  3120  3540 60653.75 
 542.3  3125  3609 70379.25 
 542.34  3130  3679 73787.75 
 542.4  3135  3748 75885.25 
 542.44  3140  3818 86726.5 
 542.49  3145  3888 75584 
 542.55  3150  3958 95985.75 
 542.59  3155  4028 82567.5 
 542.65  3160  4098 71490.5 
 542.69  3165  4168 97235.75 
 542.75  3170  4238 118601.5 
 542.79  3175  4309 122383.5 
 542.84  3180  4379 94589 
 542.9  3185  4450 112576.3 
 542.94  3190  4521 125055.8 
 543  3195  4592 112308.8 
 543.04  3200  4663 133376.8 
 543.1  3205  4734 152961.3 
 543.14  3210  4805 130315 
 543.19  3215  4876 126228 
 543.25  3220  4947 142057.5 
 543.29  3225  5019 122774 
 543.35  3230  5090 118519.8 
 543.39  3235  5162 135895 
 543.45  3240  5234 154979.3 
 543.49  3245  5306 160746 
 543.54  3250  5378 148466.5 
 543.6  3255  5450 180840.2 
 543.64  3260  5522 207640 
 543.7  3265  5595 203891.5 
 543.74  3270  5667 205630.5 
 543.8  3275  5740 199173 
 543.84  3280  5813 187362.2 
 543.89  3285  5885 186390.8 
 543.95  3290  5958 211573.8 
 543.99  3295  6031 236132 
 544.05  3300  6105 239971.5 
 544.09  3305  6178 204498.2 
 544.15  3310  6251 206573.8 
 544.19  3315  6325 205781.5 
 544.24  3320  6399 216048.2 
 544.3  3325  6472 211742 
 544.34  3330  6546 212142.5 
 544.4  3335  6620 199852.2 
 544.44  3340  6694 201450.5 
 544.5  3345  6769 224320 
 544.54  3350  6843 211126.2 
 544.59  3355  6918 236745.5 
 544.65  3360  6992 173117 
 544.69  3365  7067 201915.2 
 544.75  3370  7142 171179.2 
 544.79  3375  7217 205275.5 
 544.85  3380  7292 201557.8 
 544.89  3385  7367 217691 
 544.94  3390  7443 220646.2 
 545  3395  7518 209995 
 545.04  3400  7594 248192.5 
 545.1  3405  7670 228403.2 
 545.14  3410  7746 219324.5 
 545.2  3415  7822 202899.5 
 545.24  3420  7898 237314.8 
 545.29  3425  7974 222297.5 
 545.35  3430  8051 241416.8 
 545.39  3435  8127 229312.8 
 545.45  3440  8204 179602.2 
 545.49  3445  8281 171941.8 
 545.55  3450  8358 224113.5 
 545.59  3455  8435 230714.2 
 545.64  3460  8512 199558.2 
 545.7  3465  8590 221267 
 545.74  3470  8667 233930.5 
 545.8  3475  8745 194761.2 
 545.84  3480  8823 218536.2 
 545.9  3485  8901 218352 
 545.94  3490  8979 202781.2 
 545.99  3495  9057 201761.8 
 546.05  3500  9135 240922 
 546.19  3505  7350 248917.5 
 546.24  3510  7429 229750 
 546.28  3515  7509 213509 
 546.32  3520  7589 237867.8 
 546.36  3525  7669 184615.8 
 546.39  3530  7749 226816 
 546.44  3535  7829 240919 
 546.48  3540  7910 251142 
 546.52  3545  7990 253187.2 
 546.56  3550  8071 255450 
 546.6  3555  8152 230954.5 
 546.64  3560  8233 238301.5 
 546.68  3565  8314 215696 
 546.72  3570  8396 175577.5 
 546.76  3575  8477 211362.5 
 546.81  3580  8559 175498.5 
 546.84  3585  8641 147237 
 546.89  3590  8723 196807.8 
 546.92  3595  8805 244265.2 
 546.96  3600  8887 258512.5 
 547.01  3605  8970 211874 
 547.04  3610  9053 192139.2 
 547.09  3615  9135 221473.5 
 547.13  3620  9219 186247.5 
 547.17  3625  9302 248512.2 
 547.21  3630  9385 226239.2 
end
uxIntegration time is 0.2294 seconds per sampledt  3.1E-08 cy 1dh270619El Arenosillo 37.1 6.73 3.340665pr1000dark .85 
 571.03  2900  579 .75 
 571.07  2905  645 .5 
 571.1  2910  710 1 
 571.15  2915  776 1.75 
 571.19  2920  841 2.25 
 571.23  2925  907 2.25 
 571.27  2930  973 5 
 571.31  2935  1039 8 
 571.34  2940  1105 12.75 
 571.38  2945  1171 23.75 
 571.43  2950  1237 39 
 571.46  2955  1303 80.75 
 571.51  2960  1370 135 
 571.54  2965  1436 157.5 
 571.59  2970  1502 211 
 571.62  2975  1569 480.25 
 571.67  2980  1636 603.25 
 571.7  2985  1703 606.5 
 571.74  2990  1769 1158.25 
 571.78  2995  1836 1582.75 
 571.81  3000  1903 1585 
 571.85  3005  1970 2197.5 
 571.88  3010  2038 3410 
 571.91  3015  2105 4532.5 
 571.94  3020  2172 3996 
 571.98  3025  2240 7163.5 
 572  3030  2307 11212.5 
 572.03  3035  2375 13163 
 572.07  3040  2443 12681.5 
 572.1  3045  2511 16649.5 
 572.14  3050  2579 22166.5 
 572.16  3055  2647 22324.5 
 572.2  3060  2715 22005 
 572.23  3065  2783 25830.5 
 572.26  3070  2851 34423.5 
 572.29  3075  2920 39437 
 572.32  3080  2988 41439.5 
 572.36  3085  3057 46141.5 
 572.39  3090  3126 39785 
 572.42  3095  3194 43933 
 572.45  3100  3263 43865 
 572.49  3105  3332 69053.5 
 572.52  3110  3401 82088 
 572.55  3115  3471 79522 
 572.58  3120  3540 75044 
 572.61  3125  3609 86881 
 572.65  3130  3679 90806.5 
 572.68  3135  3748 92891.5 
 572.71  3140  3818 106184 
 572.74  3145  3888 91280.5 
 572.78  3150  3958 115522 
 572.81  3155  4028 100592.5 
 572.84  3160  4098 85607.5 
 572.87  3165  4168 115670.5 
 572.9  3170  4238 140567.5 
 572.94  3175  4309 145852 
 572.97  3180  4379 112244.5 
 573  3185  4450 130760 
 573.03  3190  4521 146769 
 573.07  3195  4592 131414 
 573.1  3200  4663 155531.5 
 573.14  3205  4734 177721.5 
 573.16  3210  4805 152372 
 573.19  3215  4876 146024 
 573.23  3220  4947 165469 
 573.26  3225  5019 143615.5 
 573.3  3230  5090 137041.5 
 573.32  3235  5162 156463.5 
 573.36  3240  5234 177646.5 
 573.39  3245  5306 185061 
 573.43  3250  5378 171617 
 573.46  3255  5450 205968 
 573.48  3260  5522 236388 
 573.52  3265  5595 231551.5 
 573.55  3270  5667 233905.5 
 573.59  3275  5740 227457.5 
 573.62  3280  5813 214430.5 
 573.65  3285  5885 212969 
 573.68  3290  5958 237831 
 573.72  3295  6031 266723.5 
 573.75  3300  6105 271527 
 573.77  3305  6178 233884.5 
 573.81  3310  6251 235477 
 573.84  3315  6325 233965.5 
 573.88  3320  6399 245155.5 
 573.91  3325  6472 239683 
 573.95  3330  6546 240528.5 
 573.98  3335  6620 228421 
 574.01  3340  6694 228113.5 
 574.04  3345  6769 254223.5 
 574.07  3350  6843 239071.5 
 574.11  3355  6918 267423 
 574.13  3360  6992 199391 
 574.17  3365  7067 228843 
 574.2  3370  7142 196453.5 
 574.24  3375  7217 232031.5 
 574.27  3380  7292 229609 
 574.3  3385  7367 245690 
 574.33  3390  7443 250400.5 
 574.36  3395  7518 237090.5 
 574.4  3400  7594 279706 
 574.43  3405  7670 258266.5 
 574.47  3410  7746 247502.5 
 574.49  3415  7822 229007 
 574.53  3420  7898 266935 
 574.56  3425  7974 250601.5 
 574.6  3430  8051 271606.5 
 574.63  3435  8127 258188 
 574.65  3440  8204 206767.5 
 574.69  3445  8281 193546.5 
 574.72  3450  8358 251602.5 
 574.76  3455  8435 259508.5 
 574.79  3460  8512 225970.5 
 574.83  3465  8590 249608 
 574.86  3470  8667 263973.5 
 574.89  3475  8745 221050 
 574.92  3480  8823 245806 
 574.95  3485  8901 245688 
 574.99  3490  8979 229777.5 
 575.02  3495  9057 228097.5 
 575.05  3500  9135 268321.5 
 575.18  3505  7350 279228.5 
 575.22  3510  7429 257972.5 
 575.25  3515  7509 238677 
 575.29  3520  7589 266947.5 
 575.32  3525  7669 207670.5 
 575.35  3530  7749 252718 
 575.38  3535  7829 268093 
 575.41  3540  7910 278841 
 575.45  3545  7990 280871 
 575.48  3550  8071 283766.5 
 575.52  3555  8152 258077 
 575.55  3560  8233 265535 
 575.58  3565  8314 242690 
 575.61  3570  8396 197299.5 
 575.64  3575  8477 235965 
 575.68  3580  8559 198451.5 
 575.71  3585  8641 166291 
 575.75  3590  8723 218594 
 575.78  3595  8805 271374.5 
 575.82  3600  8887 287813 
 575.84  3605  8970 238261.5 
 575.88  3610  9053 215423.5 
 575.91  3615  9135 248560.5 
 575.94  3620  9219 208813.5 
 575.98  3625  9302 277374 
 576.01  3630  9385 255453 
end
uaIntegration time is 0.2294 seconds per sampledt  3.1E-08 cy 1dh270619El Arenosillo 37.1 6.73 3.340665pr1000dark 1.65 
 600.04  2900  579 1.25 
 600.1  2905  645 1.5 
 600.14  2910  710 2.5 
 600.2  2915  776 2 
 600.24  2920  841 2.75 
 600.3  2925  907 6.5 
 600.34  2930  973 10.75 
 600.39  2935  1039 18.5 
 600.45  2940  1105 29.25 
 600.49  2945  1171 44.75 
 600.55  2950  1237 75.75 
 600.59  2955  1303 146.25 
 600.65  2960  1370 252.75 
 600.69  2965  1436 291.5 
 600.75  2970  1502 372.75 
 600.79  2975  1569 803 
 600.85  2980  1636 976.25 
 600.89  2985  1703 1001.5 
 600.94  2990  1769 1839.75 
 601  2995  1836 2486 
 601.04  3000  1903 2443.5 
 601.1  3005  1970 3239.5 
 601.14  3010  2038 5103.5 
 601.2  3015  2105 6568.75 
 601.24  3020  2172 5622.75 
 601.3  3025  2240 10058.75 
 601.34  3030  2307 15507.5 
 601.4  3035  2375 18001.5 
 601.44  3040  2443 17052 
 601.5  3045  2511 22035.75 
 601.54  3050  2579 29147.25 
 601.59  3055  2647 29195 
 601.65  3060  2715 28570.75 
 601.69  3065  2783 33131.25 
 601.75  3070  2851 43745.25 
 601.79  3075  2920 49765.25 
 601.85  3080  2988 52115.5 
 601.89  3085  3057 57572 
 601.95  3090  3126 49498 
 601.99  3095  3194 53939.5 
 602.05  3100  3263 53603 
 602.09  3105  3332 84568.5 
 602.15  3110  3401 99394 
 602.19  3115  3471 95629 
 602.24  3120  3540 89905.75 
 602.3  3125  3609 102780 
 602.34  3130  3679 107145 
 602.4  3135  3748 109976.5 
 602.44  3140  3818 124781.8 
 602.5  3145  3888 106462 
 602.54  3150  3958 134868.5 
 602.6  3155  4028 117332.3 
 602.64  3160  4098 99820.5 
 602.7  3165  4168 133860.5 
 602.74  3170  4238 162173.5 
 602.8  3175  4309 168342.2 
 602.84  3180  4379 129709.5 
 602.89  3185  4450 150860.8 
 602.95  3190  4521 167835.5 
 602.99  3195  4592 150798.8 
 603.05  3200  4663 178118 
 603.09  3205  4734 201436 
 603.15  3210  4805 171961 
 603.19  3215  4876 165098.5 
 603.25  3220  4947 187566.2 
 603.29  3225  5019 163120.8 
 603.34  3230  5090 155158.5 
 603.39  3235  5162 176228.8 
 603.45  3240  5234 199484.8 
 603.49  3245  5306 207817.5 
 603.54  3250  5378 193550.8 
 603.6  3255  5450 231887.5 
 603.64  3260  5522 263660.3 
 603.7  3265  5595 257825 
 603.74  3270  5667 260611.2 
 603.8  3275  5740 253450.2 
 603.84  3280  5813 239973.2 
 603.9  3285  5885 237233.8 
 603.94  3290  5958 265233.3 
 604  3295  6031 294117.3 
 604.04  3300  6105 298863.5 
 604.1  3305  6178 259047.2 
 604.14  3310  6251 260659.5 
 604.19  3315  6325 259267 
 604.25  3320  6399 270925.8 
 604.29  3325  6472 264646.5 
 604.35  3330  6546 265821.8 
 604.39  3335  6620 252307.8 
 604.45  3340  6694 253299.2 
 604.49  3345  6769 280536.5 
 604.55  3350  6843 264502 
 604.59  3355  6918 294299.5 
 604.64  3360  6992 220328.8 
 604.69  3365  7067 253460.2 
 604.75  3370  7142 217474.5 
 604.79  3375  7217 256502.2 
 604.84  3380  7292 253313.2 
 604.9  3385  7367 270327.5 
 604.94  3390  7443 275120 
 605  3395  7518 262381 
 605.04  3400  7594 307651 
 605.1  3405  7670 285341.3 
 605.14  3410  7746 273729.3 
 605.2  3415  7822 254374.5 
 605.24  3420  7898 294750.5 
 605.3  3425  7974 277119 
 605.34  3430  8051 299256.3 
 605.4  3435  8127 285362.8 
 605.44  3440  8204 228192.5 
 605.49  3445  8281 215238.8 
 605.55  3450  8358 277881.3 
 605.59  3455  8435 286077.8 
 605.65  3460  8512 249819.2 
 605.69  3465  8590 274938.8 
 605.75  3470  8667 290367.8 
 605.79  3475  8745 244747 
 605.85  3480  8823 271203.5 
 605.89  3485  8901 271550 
 605.95  3490  8979 254554.2 
 605.99  3495  9057 252184.2 
 606.05  3500  9135 296448.8 
 606.19  3505  7350 305606.3 
 606.23  3510  7429 283570.8 
 606.28  3515  7509 263409.8 
 606.32  3520  7589 292910.8 
 606.36  3525  7669 230057.8 
 606.4  3530  7749 279914.5 
 606.45  3535  7829 295857.3 
 606.48  3540  7910 307337.5 
 606.53  3545  7990 309355 
 606.57  3550  8071 311579.5 
 606.61  3555  8152 283620.5 
 606.65  3560  8233 291574.8 
 606.69  3565  8314 267522.3 
 606.73  3570  8396 218707.2 
 606.77  3575  8477 260488 
 606.81  3580  8559 219460.2 
 606.85  3585  8641 184039.5 
 606.9  3590  8723 242039.5 
 606.93  3595  8805 297569.8 
 606.98  3600  8887 314488.3 
 607.02  3605  8970 261240.5 
 607.06  3610  9053 237080 
 607.1  3615  9135 272935.3 
 607.14  3620  9219 230253.5 
 607.17  3625  9302 302362.8 
 607.22  3630  9385 280419.8 
end
uaIntegration time is 0.2294 seconds per sampledt  3.1E-08 cy 1dh270619El Arenosillo 37.1 6.73 3.340665pr1000dark 1.1 
 630.04  2900  579 1.25 
 630.1  2905  645 1.5 
 630.14  2910  710 2.75 
 630.2  2915  776 4.25 
 630.24  2920  841 6.5 
 630.3  2925  907 8.75 
 630.34  2930  973 18 
 630.39  2935  1039 33 
 630.45  2940  1105 49.25 
 630.49  2945  1171 73.25 
 630.55  2950  1237 127.5 
 630.59  2955  1303 232.25 
 630.65  2960  1370 392.75 
 630.69  2965  1436 426.5 
 630.75  2970  1502 546.25 
 630.79  2975  1569 1178 
 630.85  2980  1636 1399.75 
 630.89  2985  1703 1394.5 
 630.94  2990  1769 2564.5 
 631  2995  1836 3378.25 
 631.04  3000  1903 3297.75 
 631.1  3005  1970 4318 
 631.14  3010  2038 6680.25 
 631.2  3015  2105 8402.75 
 631.24  3020  2172 7202.25 
 631.3  3025  2240 12784.5 
 631.34  3030  2307 19306.75 
 631.39  3035  2375 22244.25 
 631.44  3040  2443 21118.75 
 631.5  3045  2511 26992 
 631.54  3050  2579 35233.5 
 631.59  3055  2647 34724.75 
 631.65  3060  2715 34062.75 
 631.69  3065  2783 39314.5 
 631.75  3070  2851 51452 
 631.79  3075  2920 58116.25 
 631.85  3080  2988 60693.25 
 631.89  3085  3057 67104.5 
 631.95  3090  3126 57549 
 631.99  3095  3194 62204.75 
 632.04  3100  3263 61329.5 
 632.09  3105  3332 95986.5 
 632.15  3110  3401 112931.3 
 632.19  3115  3471 108376 
 632.24  3120  3540 101694.3 
 632.3  3125  3609 116070.3 
 632.34  3130  3679 120770.5 
 632.4  3135  3748 123793.8 
 632.44  3140  3818 139940.3 
 632.5  3145  3888 119129 
 632.54  3150  3958 149975 
 632.6  3155  4028 131597 
 632.64  3160  4098 111381.5 
 632.7  3165  4168 148490 
 632.74  3170  4238 179546.8 
 632.8  3175  4309 186211 
 632.84  3180  4379 143316.3 
 632.89  3185  4450 165475.3 
 632.95  3190  4521 184008.2 
 632.99  3195  4592 165811.5 
 633.05  3200  4663 195869.5 
 633.09  3205  4734 220916.8 
 633.15  3210  4805 188934.8 
 633.19  3215  4876 181421.8 
 633.25  3220  4947 205975 
 633.29  3225  5019 179537.5 
 633.35  3230  5090 170371.5 
 633.39  3235  5162 192853.5 
 633.45  3240  5234 217564 
 633.49  3245  5306 226690.5 
 633.54  3250  5378 211529.8 
 633.6  3255  5450 251232.8 
 633.64  3260  5522 285391 
 633.7  3265  5595 277728.5 
 633.74  3270  5667 280840 
 633.8  3275  5740 273785.3 
 633.84  3280  5813 259199.2 
 633.9  3285  5885 256859.5 
 633.94  3290  5958 284994 
 633.99  3295  6031 316166.3 
 634.04  3300  6105 321136.3 
 634.1  3305  6178 280012.5 
 634.14  3310  6251 282031.5 
 634.19  3315  6325 280471 
 634.25  3320  6399 292123 
 634.29  3325  6472 286164.3 
 634.35  3330  6546 286987.8 
 634.39  3335  6620 273589.8 
 634.45  3340  6694 274570 
 634.49  3345  6769 302745 
 634.55  3350  6843 285378.5 
 634.59  3355  6918 317116.8 
 634.65  3360  6992 239683 
 634.69  3365  7067 273307.8 
 634.75  3370  7142 235555.2 
 634.79  3375  7217 277802.5 
 634.84  3380  7292 273659.5 
 634.9  3385  7367 291104 
 634.94  3390  7443 296388.5 
 635  3395  7518 282494.5 
 635.04  3400  7594 329992.3 
 635.1  3405  7670 306335.5 
 635.14  3410  7746 294208.8 
 635.2  3415  7822 273727 
 635.24  3420  7898 316427.3 
 635.29  3425  7974 298218.3 
 635.34  3430  8051 321815.3 
 635.4  3435  8127 306968.3 
 635.44  3440  8204 247479 
 635.49  3445  8281 234726.5 
 635.55  3450  8358 299856.5 
 635.59  3455  8435 308372 
 635.65  3460  8512 270155 
 635.69  3465  8590 296181.5 
 635.75  3470  8667 312390.8 
 635.79  3475  8745 264074.8 
 635.85  3480  8823 291820.3 
 635.89  3485  8901 292276.3 
 635.94  3490  8979 274013 
 635.99  3495  9057 271757.5 
 636.05  3500  9135 316693.8 
 636.19  3505  7350 328056.5 
 636.23  3510  7429 305134.8 
 636.28  3515  7509 283995 
 636.31  3520  7589 315485 
 636.36  3525  7669 248816.2 
 636.4  3530  7749 300238.3 
 636.44  3535  7829 316779.3 
 636.48  3540  7910 328313 
 636.53  3545  7990 330276.3 
 636.56  3550  8071 332494.3 
 636.61  3555  8152 303760.8 
 636.65  3560  8233 312797.3 
 636.69  3565  8314 286621.3 
 636.73  3570  8396 235505.2 
 636.76  3575  8477 279262.3 
 636.81  3580  8559 235860 
 636.85  3585  8641 198598.8 
 636.89  3590  8723 259067.8 
 636.93  3595  8805 317884.5 
 636.97  3600  8887 336246.5 
 637.01  3605  8970 280688.5 
 637.06  3610  9053 255297.5 
 637.1  3615  9135 292394 
 637.14  3620  9219 248314.5 
 637.18  3625  9302 324044.5 
 637.22  3630  9385 299284.5 
end
uaIntegration time is 0.2294 seconds per sampledt  3.1E-08 cy 1dh270619El Arenosillo 37.1 6.73 3.340665pr1000dark 1.15 
 660.04  2900  579 2.25 
 660.1  2905  645 2.5 
 660.14  2910  710 3.25 
 660.2  2915  776 5.25 
 660.24  2920  841 13.25 
 660.3  2925  907 14.75 
 660.34  2930  973 30.25 
 660.39  2935  1039 54.25 
 660.45  2940  1105 75.5 
 660.49  2945  1171 119.25 
 660.55  2950  1237 183 
 660.59  2955  1303 337.5 
 660.65  2960  1370 551.25 
 660.69  2965  1436 590.25 
 660.75  2970  1502 756.25 
 660.79  2975  1569 1586.75 
 660.85  2980  1636 1838.75 
 660.89  2985  1703 1831.5 
 660.94  2990  1769 3299 
 661  2995  1836 4287 
 661.04  3000  1903 4135 
 661.1  3005  1970 5348.25 
 661.14  3010  2038 8131.5 
 661.2  3015  2105 10240.5 
 661.24  3020  2172 8749.5 
 661.3  3025  2240 15432.25 
 661.34  3030  2307 22936.25 
 661.39  3035  2375 26368.25 
 661.44  3040  2443 24791.75 
 661.5  3045  2511 31745.75 
 661.54  3050  2579 40795.75 
 661.59  3055  2647 40147.25 
 661.65  3060  2715 39229.25 
 661.69  3065  2783 44980.5 
 661.75  3070  2851 58372.25 
 661.79  3075  2920 65477 
 661.85  3080  2988 68454 
 661.89  3085  3057 75145 
 661.95  3090  3126 64477.25 
 661.99  3095  3194 69277.25 
 662.04  3100  3263 68309.25 
 662.09  3105  3332 106619.8 
 662.15  3110  3401 124824.5 
 662.19  3115  3471 119830.3 
 662.24  3120  3540 111396 
 662.3  3125  3609 127078.3 
 662.34  3130  3679 131837.3 
 662.4  3135  3748 135384.5 
 662.44  3140  3818 152569.8 
 662.5  3145  3888 129696 
 662.54  3150  3958 162918.5 
 662.6  3155  4028 142523.3 
 662.64  3160  4098 120661.8 
 662.7  3165  4168 160309.8 
 662.74  3170  4238 194139 
 662.8  3175  4309 200490.2 
 662.84  3180  4379 154954.5 
 662.89  3185  4450 177819.5 
 662.95  3190  4521 197491.2 
 662.99  3195  4592 178616.8 
 663.05  3200  4663 210609 
 663.09  3205  4734 236709.2 
 663.15  3210  4805 202797.8 
 663.19  3215  4876 194398.2 
 663.25  3220  4947 220594.8 
 663.29  3225  5019 192270 
 663.34  3230  5090 182997 
 663.39  3235  5162 206040.5 
 663.45  3240  5234 231972.2 
 663.49  3245  5306 241467.8 
 663.54  3250  5378 225928.2 
 663.6  3255  5450 268133.5 
 663.64  3260  5522 302279.8 
 663.7  3265  5595 294925.5 
 663.74  3270  5667 297558.3 
 663.8  3275  5740 290528 
 663.84  3280  5813 276220.5 
 663.9  3285  5885 273416.3 
 663.94  3290  5958 301429.8 
 663.99  3295  6031 333033.3 
 664.04  3300  6105 338274 
 664.1  3305  6178 295634.5 
 664.14  3310  6251 297601.3 
 664.19  3315  6325 295629.3 
 664.25  3320  6399 307838.8 
 664.29  3325  6472 301248 
 664.35  3330  6546 302210.5 
 664.39  3335  6620 287494.3 
 664.45  3340  6694 288418.8 
 664.49  3345  6769 317340.3 
 664.55  3350  6843 299891.5 
 664.59  3355  6918 332117.3 
 664.64  3360  6992 252041.8 
 664.69  3365  7067 288182.3 
 664.75  3370  7142 249539 
 664.79  3375  7217 292697.3 
 664.84  3380  7292 288149 
 664.9  3385  7367 306921.5 
 664.94  3390  7443 311768.5 
 665  3395  7518 296110.3 
 665.04  3400  7594 345396.3 
 665.1  3405  7670 321614.8 
 665.14  3410  7746 309006.5 
 665.2  3415  7822 287721.5 
 665.24  3420  7898 330654 
 665.29  3425  7974 311576.5 
 665.34  3430  8051 335298.5 
 665.4  3435  8127 320352.8 
 665.44  3440  8204 259630.5 
 665.49  3445  8281 244924.2 
 665.55  3450  8358 312964 
 665.59  3455  8435 321389.3 
 665.65  3460  8512 282094.8 
 665.69  3465  8590 308368 
 665.75  3470  8667 324751.3 
 665.79  3475  8745 275436.5 
 665.85  3480  8823 304768 
 665.89  3485  8901 304944.3 
 665.94  3490  8979 286048.3 
 665.99  3495  9057 284447 
 666.05  3500  9135 330396.3 
 666.19  3505  7350 342037.3 
 666.23  3510  7429 318309.3 
 666.27  3515  7509 296486.5 
 666.31  3520  7589 328141 
 666.36  3525  7669 260283 
 666.4  3530  7749 312468 
 666.44  3535  7829 329400.5 
 666.48  3540  7910 341794.8 
 666.53  3545  7990 343693.8 
 666.56  3550  8071 346359 
 666.6  3555  8152 317145 
 666.64  3560  8233 326215.3 
 666.68  3565  8314 299504.3 
 666.72  3570  8396 247545 
 666.76  3575  8477 292220.3 
 666.8  3580  8559 248548.8 
 666.84  3585  8641 209608 
 666.89  3590  8723 271751.8 
 666.92  3595  8805 332695 
 666.97  3600  8887 351335.3 
 667.01  3605  8970 294398.3 
 667.05  3610  9053 268627.3 
 667.09  3615  9135 306056.8 
 667.14  3620  9219 259637.8 
 667.17  3625  9302 338379.8 
 667.22  3630  9385 311711.5 
end
uaIntegration time is 0.2294 seconds per sampledt  3.1E-08 cy 1dh270619El Arenosillo 37.1 6.73 3.394313pr1000dark .75 
 690.04  2900  579 2.75 
 690.1  2905  645 2.5 
 690.14  2910  710 3.75 
 690.2  2915  776 8.75 
 690.24  2920  841 14.5 
 690.3  2925  907 18 
 690.34  2930  973 37.25 
 690.39  2935  1039 66.25 
 690.45  2940  1105 94 
 690.49  2945  1171 145.25 
 690.55  2950  1237 239.25 
 690.59  2955  1303 437.25 
 690.65  2960  1370 687.75 
 690.69  2965  1436 742.75 
 690.75  2970  1502 926.25 
 690.79  2975  1569 1943.25 
 690.85  2980  1636 2234.5 
 690.89  2985  1703 2174.25 
 690.94  2990  1769 3934 
 691  2995  1836 5044 
 691.04  3000  1903 4831.75 
 691.1  3005  1970 6242.5 
 691.14  3010  2038 9403.25 
 691.2  3015  2105 11829 
 691.24  3020  2172 10015.25 
 691.3  3025  2240 17510.75 
 691.34  3030  2307 26029.5 
 691.39  3035  2375 29632 
 691.44  3040  2443 27850.25 
 691.5  3045  2511 35217.25 
 691.54  3050  2579 45362 
 691.59  3055  2647 44523.5 
 691.65  3060  2715 43291.5 
 691.69  3065  2783 49463.5 
 691.75  3070  2851 64021.75 
 691.79  3075  2920 71654 
 691.85  3080  2988 74530.5 
 691.89  3085  3057 81976.25 
 691.95  3090  3126 69989.75 
 691.99  3095  3194 75087.75 
 692.04  3100  3263 73920.5 
 692.09  3105  3332 115731.8 
 692.15  3110  3401 134311 
 692.19  3115  3471 128780.8 
 692.24  3120  3540 119929.3 
 692.3  3125  3609 136218 
 692.34  3130  3679 141414 
 692.4  3135  3748 144875 
 692.44  3140  3818 162640.5 
 692.5  3145  3888 137888 
 692.54  3150  3958 173339.8 
 692.6  3155  4028 151521.8 
 692.64  3160  4098 128124.5 
 692.69  3165  4168 169830.2 
 692.74  3170  4238 204946.2 
 692.8  3175  4309 212098 
 692.84  3180  4379 163843 
 692.89  3185  4450 188482.5 
 692.95  3190  4521 208615.5 
 692.99  3195  4592 189187.5 
 693.05  3200  4663 222282.8 
 693.09  3205  4734 248494 
 693.15  3210  4805 212154.2 
 693.19  3215  4876 203756.2 
 693.25  3220  4947 230939.8 
 693.29  3225  5019 201694.2 
 693.34  3230  5090 191535.2 
 693.39  3235  5162 215216.8 
 693.45  3240  5234 242171.2 
 693.49  3245  5306 252302.8 
 693.54  3250  5378 236351.2 
 693.6  3255  5450 280449.5 
 693.64  3260  5522 314845.3 
 693.7  3265  5595 307342.5 
 693.74  3270  5667 309779 
 693.8  3275  5740 302532 
 693.84  3280  5813 287678.8 
 693.9  3285  5885 284244.5 
 693.94  3290  5958 314041.3 
 693.99  3295  6031 345618.5 
 694.04  3300  6105 350603.3 
 694.1  3305  6178 306783.8 
 694.14  3310  6251 309659 
 694.19  3315  6325 307613.5 
 694.25  3320  6399 319611.5 
 694.29  3325  6472 312646.3 
 694.35  3330  6546 314031.5 
 694.39  3335  6620 299419 
 694.45  3340  6694 301172.5 
 694.49  3345  6769 330370.8 
 694.55  3350  6843 312081.8 
 694.59  3355  6918 344719.5 
 694.65  3360  6992 262362.5 
 694.69  3365  7067 300176 
 694.75  3370  7142 260236 
 694.79  3375  7217 304388.3 
 694.84  3380  7292 300181 
 694.9  3385  7367 320023 
 694.94  3390  7443 324441.8 
 695  3395  7518 309847.3 
 695.04  3400  7594 359623.3 
 695.1  3405  7670 334817.8 
 695.14  3410  7746 321776.8 
 695.2  3415  7822 299981.5 
 695.24  3420  7898 344299.3 
 695.29  3425  7974 324167.5 
 695.34  3430  8051 348272.5 
 695.4  3435  8127 333553.5 
 695.44  3440  8204 270367 
 695.49  3445  8281 256691.5 
 695.55  3450  8358 326017 
 695.59  3455  8435 334683 
 695.65  3460  8512 294183 
 695.69  3465  8590 321419.5 
 695.75  3470  8667 337092.5 
 695.79  3475  8745 287071.5 
 695.85  3480  8823 316455 
 695.89  3485  8901 316376.3 
 695.94  3490  8979 296803.3 
 695.99  3495  9057 294453.3 
 696.05  3500  9135 342628.5 
 696.19  3505  7350 353204.5 
 696.23  3510  7429 328453 
 696.28  3515  7509 306425.3 
 696.31  3520  7589 338793.3 
 696.36  3525  7669 269540 
 696.4  3530  7749 323590.8 
 696.44  3535  7829 340698.5 
 696.48  3540  7910 353397.8 
 696.53  3545  7990 355598 
 696.56  3550  8071 358399.3 
 696.61  3555  8152 329163.3 
 696.65  3560  8233 338769.5 
 696.69  3565  8314 312268.8 
 696.73  3570  8396 259224.5 
 696.77  3575  8477 306274.5 
 696.81  3580  8559 260227.8 
 696.85  3585  8641 219898 
 696.9  3590  8723 286180.8 
 696.93  3595  8805 347782 
 696.98  3600  8887 364998.3 
 697.02  3605  8970 307216.8 
 697.06  3610  9053 281110.5 
 697.1  3615  9135 318974 
 697.14  3620  9219 271919 
 697.17  3625  9302 352195.8 
 697.22  3630  9385 325835.5 
end
uaIntegration time is 0.2294 seconds per sampledt  3.1E-08 cy 1dh270619El Arenosillo 37.1 6.73 3.394313pr1000dark 1.15 
 720.05  2900  579 2.75 
 720.11  2905  645 3.25 
 720.15  2910  710 3.75 
 720.21  2915  776 10.75 
 720.25  2920  841 19.25 
 720.31  2925  907 24 
 720.35  2930  973 44.5 
 720.4  2935  1039 83.25 
 720.46  2940  1105 118.25 
 720.5  2945  1171 171.5 
 720.56  2950  1237 274.25 
 720.6  2955  1303 501.5 
 720.66  2960  1370 814.75 
 720.7  2965  1436 842.5 
 720.76  2970  1502 1065 
 720.8  2975  1569 2187 
 720.86  2980  1636 2478.25 
 720.9  2985  1703 2448 
 720.95  2990  1769 4360.75 
 721.01  2995  1836 5501.25 
 721.05  3000  1903 5308.5 
 721.11  3005  1970 6799.75 
 721.15  3010  2038 10276 
 721.21  3015  2105 12737.75 
 721.25  3020  2172 10750.5 
 721.31  3025  2240 18835.5 
 721.35  3030  2307 27854.5 
 721.4  3035  2375 31681.5 
 721.45  3040  2443 29707.5 
 721.51  3045  2511 37520.25 
 721.55  3050  2579 48089 
 721.6  3055  2647 47137.5 
 721.66  3060  2715 45778.25 
 721.7  3065  2783 52260.75 
 721.76  3070  2851 67470.5 
 721.8  3075  2920 75275.5 
 721.86  3080  2988 78437.25 
 721.9  3085  3057 85954 
 721.96  3090  3126 73281 
 722  3095  3194 78554.5 
 722.05  3100  3263 76981.75 
 722.1  3105  3332 119718 
 722.16  3110  3401 139758.3 
 722.2  3115  3471 133749.8 
 722.25  3120  3540 124494.3 
 722.31  3125  3609 141129 
 722.35  3130  3679 146550.8 
 722.41  3135  3748 150113 
 722.45  3140  3818 168406 
 722.51  3145  3888 143309.3 
 722.55  3150  3958 179144 
 722.61  3155  4028 157182 
 722.65  3160  4098 132766.3 
 722.7  3165  4168 175693.2 
 722.75  3170  4238 211616 
 722.81  3175  4309 218980.8 
 722.85  3180  4379 169409 
 722.9  3185  4450 194488.2 
 722.96  3190  4521 214580.5 
 723  3195  4592 194739.5 
 723.06  3200  4663 228934.5 
 723.1  3205  4734 255457.8 
 723.16  3210  4805 218229 
 723.2  3215  4876 209620.8 
 723.26  3220  4947 237968.5 
 723.3  3225  5019 208002.8 
 723.35  3230  5090 197534 
 723.4  3235  5162 221748.2 
 723.46  3240  5234 249399.2 
 723.5  3245  5306 259206.2 
 723.55  3250  5378 242720 
 723.61  3255  5450 286858.8 
 723.65  3260  5522 322429.3 
 723.71  3265  5595 314410.8 
 723.75  3270  5667 317087.3 
 723.81  3275  5740 309792.3 
 723.85  3280  5813 294704 
 723.91  3285  5885 291148.5 
 723.95  3290  5958 320740 
 724  3295  6031 352920.3 
 724.05  3300  6105 358060.5 
 724.11  3305  6178 314467.5 
 724.15  3310  6251 316860.8 
 724.2  3315  6325 314902 
 724.26  3320  6399 326608.5 
 724.3  3325  6472 320103.5 
 724.36  3330  6546 321118.8 
 724.4  3335  6620 306308 
 724.46  3340  6694 307378.3 
 724.5  3345  6769 336785.8 
 724.56  3350  6843 318512 
 724.6  3355  6918 351753.3 
 724.65  3360  6992 268767.3 
 724.7  3365  7067 306100.5 
 724.76  3370  7142 266035.5 
 724.8  3375  7217 311783 
 724.85  3380  7292 306624.5 
 724.91  3385  7367 325039.8 
 724.95  3390  7443 329898.8 
 725.01  3395  7518 315049 
 725.05  3400  7594 365386 
 725.11  3405  7670 340803.3 
 725.15  3410  7746 327850 
 725.21  3415  7822 305882.5 
 725.25  3420  7898 350366.3 
 725.3  3425  7974 330896 
 725.35  3430  8051 355199.3 
 725.41  3435  8127 340007.5 
 725.45  3440  8204 275737.3 
 725.5  3445  8281 262958.3 
 725.56  3450  8358 332042.3 
 725.6  3455  8435 340721.3 
 725.66  3460  8512 300352.3 
 725.7  3465  8590 328521.8 
 725.76  3470  8667 344876.3 
 725.8  3475  8745 294043 
 725.86  3480  8823 324179.3 
 725.9  3485  8901 324585.3 
 725.95  3490  8979 304890.5 
 726  3495  9057 302706.5 
 726.06  3500  9135 350600 
 726.2  3505  7350 362148.5 
 726.24  3510  7429 337431 
 726.29  3515  7509 316055 
 726.32  3520  7589 348227 
 726.37  3525  7669 277627.3 
 726.4  3530  7749 331976.8 
 726.45  3535  7829 349383 
 726.49  3540  7910 361629 
 726.53  3545  7990 363563 
 726.57  3550  8071 366196 
 726.61  3555  8152 336364.5 
 726.65  3560  8233 345669 
 726.69  3565  8314 318444.5 
 726.73  3570  8396 263636.5 
 726.76  3575  8477 311106.8 
 726.81  3580  8559 263762 
 726.85  3585  8641 223517.8 
 726.89  3590  8723 289282.8 
 726.93  3595  8805 352151 
 726.98  3600  8887 369711.3 
 727.01  3605  8970 311428.8 
 727.06  3610  9053 283940.8 
 727.1  3615  9135 323288.5 
 727.13  3620  9219 276289 
 727.17  3625  9302 356768 
 727.22  3630  9385 329366.3 
end
uaIntegration time is 0.2294 seconds per sampledt  3.1E-08 cy 1dh270619El Arenosillo 37.1 6.73 3.394313pr1000dark .85 
 750.05  2900  579 3 
 750.11  2905  645 3.75 
 750.15  2910  710 4 
 750.21  2915  776 11.5 
 750.25  2920  841 18.5 
 750.31  2925  907 21.75 
 750.35  2930  973 48.5 
 750.4  2935  1039 82.75 
 750.46  2940  1105 117.5 
 750.5  2945  1171 179.5 
 750.56  2950  1237 287.75 
 750.6  2955  1303 511.5 
 750.66  2960  1370 814 
 750.7  2965  1436 869.5 
 750.76  2970  1502 1081.5 
 750.8  2975  1569 2208 
 750.86  2980  1636 2585 
 750.9  2985  1703 2462 
 750.95  2990  1769 4458.5 
 751.01  2995  1836 5650.25 
 751.05  3000  1903 5407.25 
 751.11  3005  1970 7021.5 
 751.15  3010  2038 10389 
 751.21  3015  2105 12959.25 
 751.25  3020  2172 11031 
 751.31  3025  2240 19224.5 
 751.35  3030  2307 28298.5 
 751.4  3035  2375 32254 
 751.45  3040  2443 30283.25 
 751.51  3045  2511 38220.25 
 751.55  3050  2579 48953 
 751.6  3055  2647 48056.25 
 751.66  3060  2715 46438 
 751.7  3065  2783 53157.25 
 751.76  3070  2851 68583.5 
 751.8  3075  2920 76388.5 
 751.86  3080  2988 79434 
 751.9  3085  3057 87015.75 
 751.96  3090  3126 74662 
 752  3095  3194 79491.5 
 752.06  3100  3263 78170.75 
 752.1  3105  3332 121102.5 
 752.16  3110  3401 141881 
 752.2  3115  3471 136150.8 
 752.25  3120  3540 126346 
 752.31  3125  3609 143499.8 
 752.35  3130  3679 148845.3 
 752.41  3135  3748 152309.5 
 752.45  3140  3818 171493.5 
 752.51  3145  3888 145050 
 752.55  3150  3958 181814.5 
 752.61  3155  4028 159598.3 
 752.65  3160  4098 134358.8 
 752.7  3165  4168 177530.2 
 752.75  3170  4238 214609 
 752.81  3175  4309 222332.5 
 752.85  3180  4379 172061.2 
 752.9  3185  4450 195893 
 752.96  3190  4521 218303.2 
 753  3195  4592 197182.5 
 753.06  3200  4663 231764.5 
 753.1  3205  4734 259041.8 
 753.16  3210  4805 222124.8 
 753.2  3215  4876 212181.5 
 753.26  3220  4947 240972.8 
 753.3  3225  5019 210676.2 
 753.36  3230  5090 199728.8 
 753.4  3235  5162 223941.8 
 753.46  3240  5234 251043.5 
 753.5  3245  5306 262160.5 
 753.55  3250  5378 245819.8 
 753.61  3255  5450 289657.5 
 753.65  3260  5522 325780.5 
 753.71  3265  5595 317773.5 
 753.75  3270  5667 320852.5 
 753.81  3275  5740 313115.8 
 753.85  3280  5813 298006.8 
 753.91  3285  5885 294443 
 753.95  3290  5958 323440.3 
 754  3295  6031 356692.3 
 754.05  3300  6105 361735.5 
 754.11  3305  6178 317963 
 754.15  3310  6251 319741.5 
 754.2  3315  6325 317371 
 754.26  3320  6399 330111.5 
 754.3  3325  6472 322382.5 
 754.36  3330  6546 324162.5 
 754.4  3335  6620 309333 
 754.46  3340  6694 310032.8 
 754.5  3345  6769 340325 
 754.56  3350  6843 321767.3 
 754.6  3355  6918 354867 
 754.66  3360  6992 271790.8 
 754.7  3365  7067 308559.3 
 754.76  3370  7142 268587.5 
 754.8  3375  7217 312600.5 
 754.85  3380  7292 309560.8 
 754.91  3385  7367 327951.5 
 754.95  3390  7443 333023.3 
 755.01  3395  7518 316900.3 
 755.05  3400  7594 367633 
 755.11  3405  7670 343020.8 
 755.15  3410  7746 330048.3 
 755.21  3415  7822 308181.8 
 755.25  3420  7898 352766.3 
 755.31  3425  7974 333280.5 
 755.35  3430  8051 357787.5 
 755.41  3435  8127 342335 
 755.45  3440  8204 280423.8 
 755.5  3445  8281 263043 
 755.56  3450  8358 334142.8 
 755.6  3455  8435 342747 
 755.66  3460  8512 302407 
 755.7  3465  8590 329843.5 
 755.76  3470  8667 347108.3 
 755.8  3475  8745 295934.5 
 755.86  3480  8823 325591.5 
 755.9  3485  8901 325150.3 
 755.96  3490  8979 306587.8 
 756  3495  9057 303576.3 
 756.06  3500  9135 351167.3 
 756.2  3505  7350 363604.5 
 756.24  3510  7429 339596 
 756.29  3515  7509 317018 
 756.32  3520  7589 349895.3 
 756.37  3525  7669 278725.3 
 756.41  3530  7749 332832.5 
 756.45  3535  7829 350239.5 
 756.49  3540  7910 362885 
 756.54  3545  7990 364959.8 
 756.58  3550  8071 367775.8 
 756.61  3555  8152 337807 
 756.65  3560  8233 347117.3 
 756.69  3565  8314 320376.3 
 756.73  3570  8396 264869.3 
 756.77  3575  8477 312065.3 
 756.81  3580  8559 266478.3 
 756.85  3585  8641 225165.2 
 756.9  3590  8723 289783.8 
 756.93  3595  8805 353142.3 
 756.98  3600  8887 371786.5 
 757.02  3605  8970 314561 
 757.06  3610  9053 286894 
 757.1  3615  9135 326257 
 757.14  3620  9219 278117.3 
 757.18  3625  9302 359531.5 
 757.23  3630  9385 333167.5 
end
uaIntegration time is 0.2294 seconds per sampledt  3.1E-08 cy 1dh270619El Arenosillo 37.1 6.73 3.394313pr1000dark 1.4 
 780.05  2900  579 2.25 
 780.11  2905  645 2.25 
 780.15  2910  710 5.25 
 780.21  2915  776 10.75 
 780.25  2920  841 17.25 
 780.31  2925  907 25.75 
 780.35  2930  973 42.75 
 780.4  2935  1039 78.5 
 780.46  2940  1105 111.25 
 780.5  2945  1171 175 
 780.56  2950  1237 279.25 
 780.6  2955  1303 504.25 
 780.66  2960  1370 816.75 
 780.7  2965  1436 867.75 
 780.76  2970  1502 1058.25 
 780.8  2975  1569 2199 
 780.86  2980  1636 2582.25 
 780.9  2985  1703 2460.75 
 780.95  2990  1769 4408.25 
 781.01  2995  1836 5625.5 
 781.05  3000  1903 5466.75 
 781.11  3005  1970 6945.5 
 781.15  3010  2038 10145.5 
 781.21  3015  2105 12819.75 
 781.25  3020  2172 10872.75 
 781.31  3025  2240 17871 
 781.35  3030  2307 26634 
 781.4  3035  2375 30417.75 
 781.45  3040  2443 29257.5 
 781.51  3045  2511 33457.75 
 781.55  3050  2579 41948.5 
 781.6  3055  2647 41753.5 
 781.66  3060  2715 41294 
 781.7  3065  2783 45599.75 
 781.76  3070  2851 59133.25 
 781.8  3075  2920 67596.5 
 781.86  3080  2988 75185.75 
 781.9  3085  3057 75827.25 
 781.96  3090  3126 60014.75 
 782  3095  3194 63725.5 
 782.06  3100  3263 62324 
 782.1  3105  3332 104891.3 
 782.16  3110  3401 124678.8 
 782.2  3115  3471 118654.8 
 782.25  3120  3540 106452.8 
 782.31  3125  3609 118265.3 
 782.35  3130  3679 119480.8 
 782.41  3135  3748 122448.5 
 782.45  3140  3818 138382 
 782.51  3145  3888 116604.8 
 782.55  3150  3958 145776.5 
 782.61  3155  4028 124449.5 
 782.65  3160  4098 103403.5 
 782.7  3165  4168 135880 
 782.75  3170  4238 166078.5 
 782.81  3175  4309 173899 
 782.85  3180  4379 134692 
 782.9  3185  4450 152538 
 782.96  3190  4521 174954 
 783  3195  4592 162704.5 
 783.06  3200  4663 192745.8 
 783.1  3205  4734 219518.8 
 783.16  3210  4805 193072.5 
 783.2  3215  4876 186080.5 
 783.26  3220  4947 209758 
 783.3  3225  5019 182701.5 
 783.36  3230  5090 180083 
 783.4  3235  5162 200709 
 783.46  3240  5234 216900 
 783.5  3245  5306 224773.8 
 783.55  3250  5378 209746 
 783.61  3255  5450 258373 
 783.65  3260  5522 297663.8 
 783.71  3265  5595 295485.3 
 783.75  3270  5667 299845.5 
 783.81  3275  5740 291970.3 
 783.85  3280  5813 282194 
 783.91  3285  5885 277956.5 
 783.95  3290  5958 299090.3 
 784.01  3295  6031 331331.5 
 784.05  3300  6105 334319.3 
 784.11  3305  6178 295121.5 
 784.15  3310  6251 292005.3 
 784.2  3315  6325 286754.5 
 784.26  3320  6399 288331.8 
 784.3  3325  6472 284220.5 
 784.36  3330  6546 284143.5 
 784.4  3335  6620 267736.8 
 784.46  3340  6694 263503.8 
 784.5  3345  6769 282195.3 
 784.56  3350  6843 267363.5 
 784.6  3355  6918 313112.3 
 784.65  3360  6992 240409.5 
 784.7  3365  7067 279087 
 784.76  3370  7142 242500.2 
 784.8  3375  7217 296598.8 
 784.85  3380  7292 291821.5 
 784.91  3385  7367 304474 
 784.95  3390  7443 308750 
 785.01  3395  7518 290829 
 785.05  3400  7594 342539.5 
 785.11  3405  7670 313364.5 
 785.15  3410  7746 284103 
 785.21  3415  7822 266351 
 785.25  3420  7898 310585.3 
 785.3  3425  7974 297073.5 
 785.35  3430  8051 319165.3 
 785.41  3435  8127 307950.3 
 785.45  3440  8204 240416.5 
 785.5  3445  8281 215645 
 785.56  3450  8358 286664 
 785.6  3455  8435 300474 
 785.66  3460  8512 268416 
 785.7  3465  8590 292699.8 
 785.76  3470  8667 307642.3 
 785.8  3475  8745 262713.3 
 785.86  3480  8823 302532.3 
 785.9  3485  8901 301047.3 
 785.96  3490  8979 288421.5 
 786  3495  9057 285175 
 786.06  3500  9135 314517.5 
 786.2  3505  7350 326514.3 
 786.24  3510  7429 296442.3 
 786.29  3515  7509 264424.5 
 786.32  3520  7589 288359 
 786.37  3525  7669 230084.2 
 786.41  3530  7749 278855.3 
 786.45  3535  7829 288527 
 786.49  3540  7910 301089.5 
 786.54  3545  7990 302489.3 
 786.57  3550  8071 310032 
 786.61  3555  8152 284352.5 
 786.65  3560  8233 292733 
 786.69  3565  8314 268952.5 
 786.73  3570  8396 223528.2 
 786.77  3575  8477 265684.3 
 786.81  3580  8559 232045.5 
 786.85  3585  8641 189138.5 
 786.9  3590  8723 250628.2 
 786.93  3595  8805 313711.3 
 786.98  3600  8887 318785 
 787.02  3605  8970 261373.8 
 787.06  3610  9053 234005 
 787.1  3615  9135 270418.3 
 787.14  3620  9219 227239 
 787.17  3625  9302 294399 
 787.22  3630  9385 272292 
end
uaIntegration time is 0.2294 seconds per sampledt  3.1E-08 cy 1dh270619El Arenosillo 37.1 6.73 3.394313pr1000dark 1.05 
 810.04  2900  579 1.5 
 810.1  2905  645 1.75 
 810.14  2910  710 4 
 810.2  2915  776 8.25 
 810.24  2920  841 13 
 810.3  2925  907 16.25 
 810.34  2930  973 33.75 
 810.39  2935  1039 59.25 
 810.45  2940  1105 90.75 
 810.49  2945  1171 137.25 
 810.55  2950  1237 213.5 
 810.59  2955  1303 398.25 
 810.65  2960  1370 654.5 
 810.69  2965  1436 709.75 
 810.75  2970  1502 870.25 
 810.79  2975  1569 1796.5 
 810.85  2980  1636 2145.25 
 810.89  2985  1703 2039 
 810.94  2990  1769 3690.25 
 811  2995  1836 4748 
 811.04  3000  1903 4602 
 811.1  3005  1970 5869.25 
 811.14  3010  2038 8897.5 
 811.2  3015  2105 11238.75 
 811.24  3020  2172 9524 
 811.3  3025  2240 16599.25 
 811.34  3030  2307 24798.75 
 811.39  3035  2375 28487.5 
 811.44  3040  2443 26800.75 
 811.5  3045  2511 33960.25 
 811.54  3050  2579 43578.25 
 811.59  3055  2647 42974.5 
 811.65  3060  2715 41676.25 
 811.69  3065  2783 47922.75 
 811.75  3070  2851 61859.75 
 811.79  3075  2920 69342 
 811.85  3080  2988 72286.75 
 811.89  3085  3057 79377.25 
 811.95  3090  3126 67960.25 
 811.99  3095  3194 72650.25 
 812.04  3100  3263 71307 
 812.09  3105  3332 111055.8 
 812.15  3110  3401 130283.8 
 812.19  3115  3471 125102.8 
 812.24  3120  3540 116303.8 
 812.3  3125  3609 132363 
 812.34  3130  3679 137457 
 812.4  3135  3748 140433.3 
 812.44  3140  3818 158776.5 
 812.5  3145  3888 134371.5 
 812.54  3150  3958 168870.5 
 812.6  3155  4028 148058 
 812.64  3160  4098 124846.8 
 812.69  3165  4168 165734.3 
 812.74  3170  4238 200848.2 
 812.8  3175  4309 208220.8 
 812.84  3180  4379 160607 
 812.89  3185  4450 183173.5 
 812.95  3190  4521 204586.5 
 812.99  3195  4592 184395.2 
 813.05  3200  4663 217586 
 813.09  3205  4734 243600.5 
 813.15  3210  4805 208274 
 813.19  3215  4876 198796.8 
 813.25  3220  4947 225875.5 
 813.29  3225  5019 197287.2 
 813.34  3230  5090 186946.8 
 813.39  3235  5162 209995.2 
 813.45  3240  5234 236823.5 
 813.49  3245  5306 246326.5 
 813.54  3250  5378 230114 
 813.6  3255  5450 272438 
 813.64  3260  5522 308022 
 813.7  3265  5595 300533.8 
 813.74  3270  5667 303874 
 813.8  3275  5740 296598.8 
 813.84  3280  5813 281941.3 
 813.9  3285  5885 278607.5 
 813.94  3290  5958 306573.8 
 814  3295  6031 339313 
 814.04  3300  6105 344031.3 
 814.1  3305  6178 301157.3 
 814.14  3310  6251 303032.3 
 814.19  3315  6325 300704.8 
 814.25  3320  6399 313199.3 
 814.29  3325  6472 306104.3 
 814.35  3330  6546 307437.5 
 814.39  3335  6620 293256.5 
 814.45  3340  6694 293374.5 
 814.49  3345  6769 322953 
 814.55  3350  6843 305062 
 814.59  3355  6918 337462.5 
 814.65  3360  6992 257150 
 814.69  3365  7067 292330.5 
 814.75  3370  7142 254208.5 
 814.79  3375  7217 297036.5 
 814.84  3380  7292 294373.3 
 814.9  3385  7367 312288.5 
 814.94  3390  7443 317577.8 
 815  3395  7518 301293.8 
 815.04  3400  7594 351100.3 
 815.1  3405  7670 327330.8 
 815.14  3410  7746 314900.8 
 815.2  3415  7822 293289 
 815.24  3420  7898 336877.8 
 815.29  3425  7974 317978.5 
 815.34  3430  8051 341713.8 
 815.4  3435  8127 326721.3 
 815.44  3440  8204 266927.8 
 815.49  3445  8281 250319.2 
 815.55  3450  8358 319237.5 
 815.59  3455  8435 327778.8 
 815.65  3460  8512 288302 
 815.69  3465  8590 314953.5 
 815.75  3470  8667 331785.8 
 815.79  3475  8745 281806 
 815.85  3480  8823 309981 
 815.89  3485  8901 310337.8 
 815.95  3490  8979 291535.5 
 815.99  3495  9057 288950.5 
 816.05  3500  9135 335934.5 
 816.19  3505  7350 347526.5 
 816.23  3510  7429 323721.3 
 816.28  3515  7509 301135 
 816.32  3520  7589 333650 
 816.36  3525  7669 264624.3 
 816.4  3530  7749 317152.5 
 816.44  3535  7829 334307.3 
 816.48  3540  7910 346505 
 816.53  3545  7990 348399.8 
 816.56  3550  8071 351046 
 816.61  3555  8152 321661 
 816.65  3560  8233 330552.8 
 816.69  3565  8314 304434.3 
 816.73  3570  8396 250547.5 
 816.77  3575  8477 295784.5 
 816.81  3580  8559 251629.5 
 816.85  3585  8641 212122.8 
 816.9  3590  8723 274504.3 
 816.93  3595  8805 335573.5 
 816.98  3600  8887 354616 
 817.02  3605  8970 298038.5 
 817.06  3610  9053 271610.5 
 817.1  3615  9135 310291.3 
 817.14  3620  9219 263535.3 
 817.17  3625  9302 342830.5 
 817.22  3630  9385 317398.5 
end
uaIntegration time is 0.2294 seconds per sampledt  3.1E-08 cy 1dh270619El Arenosillo 37.1 6.73 3.394313pr1000dark 1.05 
 840.04  2900  579 2.25 
 840.1  2905  645 2 
 840.14  2910  710 3.5 
 840.2  2915  776 5.25 
 840.24  2920  841 8.25 
 840.3  2925  907 11.75 
 840.34  2930  973 21.75 
 840.39  2935  1039 45.25 
 840.45  2940  1105 64.5 
 840.49  2945  1171 99 
 840.55  2950  1237 170.5 
 840.59  2955  1303 304 
 840.65  2960  1370 500.75 
 840.69  2965  1436 559.75 
 840.75  2970  1502 681.75 
 840.79  2975  1569 1425 
 840.85  2980  1636 1769.75 
 840.89  2985  1703 1668.25 
 840.94  2990  1769 3016 
 841  2995  1836 3965.75 
 841.04  3000  1903 3905.75 
 841.1  3005  1970 4848.75 
 841.14  3010  2038 7457.25 
 841.2  3015  2105 9769.75 
 841.24  3020  2172 8161.5 
 841.3  3025  2240 14088.5 
 841.34  3030  2307 21603 
 841.39  3035  2375 25196.25 
 841.44  3040  2443 23690.5 
 841.5  3045  2511 30239 
 841.54  3050  2579 39055.75 
 841.59  3055  2647 38945.25 
 841.65  3060  2715 37525 
 841.69  3065  2783 43242.5 
 841.75  3070  2851 56021.5 
 841.79  3075  2920 63278.5 
 841.85  3080  2988 66218.25 
 841.89  3085  3057 72518 
 841.95  3090  3126 62517.75 
 841.99  3095  3194 66856 
 842.04  3100  3263 65909.5 
 842.09  3105  3332 101981.8 
 842.15  3110  3401 120997 
 842.19  3115  3471 116684 
 842.24  3120  3540 108371.8 
 842.3  3125  3609 123368.8 
 842.34  3130  3679 128432.3 
 842.4  3135  3748 131149 
 842.44  3140  3818 148807 
 842.5  3145  3888 125698.8 
 842.54  3150  3958 158489.5 
 842.6  3155  4028 139480.5 
 842.64  3160  4098 117092 
 842.69  3165  4168 155888.8 
 842.74  3170  4238 188685.2 
 842.8  3175  4309 195957.2 
 842.84  3180  4379 150848.8 
 842.89  3185  4450 173279.5 
 842.95  3190  4521 192912 
 842.99  3195  4592 173648.5 
 843.05  3200  4663 204927.8 
 843.09  3205  4734 230520.8 
 843.15  3210  4805 197349.5 
 843.19  3215  4876 188876.2 
 843.25  3220  4947 214504.5 
 843.29  3225  5019 187313.8 
 843.34  3230  5090 177099.2 
 843.39  3235  5162 199994.2 
 843.45  3240  5234 225298.8 
 843.49  3245  5306 234771.2 
 843.54  3250  5378 219279.5 
 843.6  3255  5450 259961 
 843.64  3260  5522 294755 
 843.7  3265  5595 287662.3 
 843.74  3270  5667 290524.5 
 843.8  3275  5740 283113.5 
 843.84  3280  5813 268732.8 
 843.9  3285  5885 265705.5 
 843.94  3290  5958 293678.8 
 843.99  3295  6031 325395.5 
 844.04  3300  6105 330336.8 
 844.1  3305  6178 288726.3 
 844.14  3310  6251 289930.3 
 844.19  3315  6325 288034.5 
 844.25  3320  6399 299821.3 
 844.29  3325  6472 293152.3 
 844.35  3330  6546 294334 
 844.39  3335  6620 280482.8 
 844.45  3340  6694 280801 
 844.49  3345  6769 309428 
 844.55  3350  6843 291890.8 
 844.59  3355  6918 323620.8 
 844.64  3360  6992 246045.2 
 844.69  3365  7067 279045 
 844.75  3370  7142 241846 
 844.79  3375  7217 283482.8 
 844.84  3380  7292 280229.8 
 844.9  3385  7367 297432.8 
 844.94  3390  7443 302988.5 
 845  3395  7518 287867 
 845.04  3400  7594 336234.8 
 845.1  3405  7670 313148.5 
 845.14  3410  7746 300396 
 845.2  3415  7822 279618.3 
 845.24  3420  7898 322249 
 845.29  3425  7974 303477.5 
 845.34  3430  8051 326912.3 
 845.4  3435  8127 312182.5 
 845.44  3440  8204 252833 
 845.49  3445  8281 238049.8 
 845.55  3450  8358 304396.5 
 845.59  3455  8435 313310.8 
 845.65  3460  8512 274619.3 
 845.69  3465  8590 300389.3 
 845.75  3470  8667 316917.8 
 845.79  3475  8745 268750 
 845.85  3480  8823 296145.8 
 845.89  3485  8901 297101 
 845.94  3490  8979 278760.8 
 845.99  3495  9057 276081.3 
 846.05  3500  9135 321466.5 
 846.19  3505  7350 332627 
 846.23  3510  7429 309479.3 
 846.28  3515  7509 287853.8 
 846.31  3520  7589 319240 
 846.36  3525  7669 251822.2 
 846.4  3530  7749 303438.8 
 846.44  3535  7829 320290.3 
 846.48  3540  7910 332605.8 
 846.53  3545  7990 334269.8 
 846.57  3550  8071 337262.5 
 846.6  3555  8152 308097.8 
 846.64  3560  8233 316852.3 
 846.68  3565  8314 291450 
 846.72  3570  8396 239021.8 
 846.76  3575  8477 283249 
 846.8  3580  8559 240286 
 846.84  3585  8641 202153 
 846.89  3590  8723 262238 
 846.92  3595  8805 322008.3 
 846.97  3600  8887 340753.8 
 847.01  3605  8970 285690.3 
 847.05  3610  9053 259376.5 
 847.09  3615  9135 296855.8 
 847.13  3620  9219 252205.8 
 847.17  3625  9302 328154.3 
 847.21  3630  9385 304675 
end
