uxIntegration time is 0.2294 seconds per sampledt  2.7E-08 cy 1dh240119Izana 28.3081 16.4992 2.750537pr770dark 1.55 
 463.1  2900  562 .25 
 463.13  2905  628 .75 
 463.17  2910  694 1 
 463.2  2915  760 1.25 
 463.24  2920  826 2 
 463.27  2925  892 2 
 463.31  2930  958 1.75 
 463.34  2935  1024 1.5 
 463.38  2940  1090 0 
 463.42  2945  1156 1 
 463.45  2950  1223 2.75 
 463.49  2955  1289 2.5 
 463.52  2960  1356 2 
 463.56  2965  1423 0 
 463.6  2970  1490 1 
 463.63  2975  1556 1.75 
 463.67  2980  1623 1.75 
 463.7  2985  1691 0 
 463.74  2990  1758 2.25 
 463.77  2995  1825 2.25 
 463.8  3000  1892 0 
 463.83  3005  1960 .5 
 463.86  3010  2027 1.5 
 463.89  3015  2095 2 
 463.91  3020  2163 1.5 
 463.94  3025  2231 2 
 463.97  3030  2299 1.5 
 464  3035  2367 1 
 464.03  3040  2435 2 
 464.05  3045  2503 2.5 
 464.08  3050  2572 3.5 
 464.11  3055  2640 1.5 
 464.14  3060  2709 1 
 464.17  3065  2777 2.5 
 464.2  3070  2846 3 
 464.23  3075  2915 3 
 464.25  3080  2984 4.5 
 464.28  3085  3053 4 
 464.31  3090  3122 3.5 
 464.34  3095  3192 3 
 464.37  3100  3261 4 
 464.39  3105  3331 5 
 464.42  3110  3400 7.5 
 464.45  3115  3470 6 
 464.48  3120  3540 9 
 464.51  3125  3610 8 
 464.54  3130  3680 7.5 
 464.56  3135  3750 10 
 464.59  3140  3820 11.5 
 464.62  3145  3890 11 
 464.65  3150  3961 16 
 464.68  3155  4032 11 
 464.71  3160  4102 10.5 
 464.73  3165  4173 16.5 
 464.76  3170  4244 23.5 
 464.79  3175  4315 20.5 
 464.82  3180  4386 13.5 
 464.85  3185  4457 23 
 464.88  3190  4529 26.5 
 464.91  3195  4600 26.5 
 464.93  3200  4672 27 
 464.96  3205  4744 35.5 
 464.99  3210  4815 39 
 465.02  3215  4887 35.5 
 465.05  3220  4959 33 
 465.08  3225  5032 33.5 
 465.11  3230  5104 29 
 465.14  3235  5176 46.5 
 465.16  3240  5249 55.5 
 465.19  3245  5322 58.5 
 465.22  3250  5394 45 
 465.25  3255  5467 56.5 
 465.28  3260  5540 77 
 465.31  3265  5614 94 
 465.33  3270  5687 98.5 
 465.36  3275  5760 90 
 465.39  3280  5834 66 
 465.42  3285  5907 80.5 
 465.45  3290  5981 119 
 465.48  3295  6055 143.5 
 465.51  3300  6129 155 
 465.54  3305  6203 99.5 
 465.56  3310  6278 93 
 465.59  3315  6352 113.5 
 465.62  3320  6427 139 
 465.65  3325  6501 153 
 465.68  3330  6576 149 
 465.71  3335  6651 111.5 
 465.74  3340  6726 121.5 
 465.77  3345  6801 155.5 
 465.79  3350  6877 156 
 465.82  3355  6952 186 
 465.85  3360  7028 129 
 465.88  3365  7104 148.5 
 465.91  3370  7179 113 
 465.94  3375  7255 141 
 465.97  3380  7332 152 
 465.99  3385  7408 182.5 
 466.02  3390  7484 187 
 466.05  3395  7561 180.5 
 466.08  3400  7638 198.5 
 466.11  3405  7715 175 
 466.14  3410  7792 194.5 
 466.17  3415  7869 183 
 466.19  3420  7946 205.5 
 466.22  3425  8024 199 
 466.25  3430  8101 212 
 466.28  3435  8179 201 
 466.31  3440  8257 129 
 466.34  3445  8335 162 
 466.37  3450  8413 212.5 
 466.4  3455  8491 208 
 466.43  3460  8570 193 
 466.46  3465  8648 213 
 466.48  3470  8727 216.5 
 466.51  3475  8806 183.5 
 466.54  3480  8885 212 
 466.57  3485  8965 212.5 
 466.6  3490  9044 190 
 466.63  3495  9124 196.5 
 466.66  3500  9203 271.5 
 466.79  3505  7381 267 
 466.82  3510  7461 236.5 
 466.85  3515  7541 219.5 
 466.88  3520  7621 246 
 466.91  3525  7702 187.5 
 466.93  3530  7782 239.5 
 466.96  3535  7863 254 
 466.99  3540  7944 288 
 467.02  3545  8025 284.5 
 467.05  3550  8106 283 
 467.08  3555  8187 253.5 
 467.11  3560  8268 266 
 467.14  3565  8350 243 
 467.17  3570  8432 185.5 
 467.2  3575  8514 228.5 
 467.23  3580  8596 194 
 467.26  3585  8678 159.5 
 467.28  3590  8760 214 
 467.31  3595  8843 282.5 
 467.34  3600  8925 295.5 
 467.37  3605  9008 242.5 
 467.4  3610  9091 220.5 
 467.43  3615  9174 266.5 
 467.46  3620  9258 219.5 
 467.49  3625  9341 307 
 467.52  3630  9425 276 
end
uxIntegration time is 0.2294 seconds per sampledt  2.7E-08 cy 1dh240119Izana 28.3081 16.4992 2.750537pr770dark 1.6 
 469.75  2900  562 1.25 
 469.78  2905  628 2.25 
 469.82  2910  694 1.75 
 469.85  2915  760 1.75 
 469.89  2920  826 1.75 
 469.92  2925  892 1.25 
 469.96  2930  958 .5 
 470  2935  1024 2.5 
 470.03  2940  1090 3 
 470.07  2945  1156 2 
 470.11  2950  1223 3.25 
 470.14  2955  1289 2.25 
 470.18  2960  1356 3 
 470.21  2965  1423 1.75 
 470.25  2970  1490 2 
 470.29  2975  1556 1.25 
 470.32  2980  1623 2.5 
 470.36  2985  1691 1.5 
 470.39  2990  1758 1.5 
 470.43  2995  1825 2.5 
 470.46  3000  1892 4 
 470.48  3005  1960 .5 
 470.51  3010  2027 .5 
 470.54  3015  2095 2 
 470.57  3020  2163 7.5 
 470.6  3025  2231 1.5 
 470.62  3030  2299 3.5 
 470.65  3035  2367 11.5 
 470.68  3040  2435 3 
 470.71  3045  2503 4.5 
 470.74  3050  2572 4.5 
 470.77  3055  2640 5.5 
 470.8  3060  2709 4.5 
 470.82  3065  2777 5 
 470.85  3070  2846 6 
 470.88  3075  2915 10 
 470.91  3080  2984 10.5 
 470.94  3085  3053 10 
 470.97  3090  3122 5.5 
 470.99  3095  3192 9.5 
 471.02  3100  3261 9 
 471.05  3105  3331 15 
 471.08  3110  3400 18 
 471.11  3115  3470 20 
 471.14  3120  3540 21.5 
 471.16  3125  3610 20 
 471.19  3130  3680 22.5 
 471.22  3135  3750 23 
 471.25  3140  3820 28 
 471.28  3145  3890 26.5 
 471.31  3150  3961 34.5 
 471.33  3155  4032 33.5 
 471.36  3160  4102 28.5 
 471.39  3165  4173 42 
 471.42  3170  4244 53 
 471.45  3175  4315 58 
 471.48  3180  4386 44.5 
 471.5  3185  4457 55.5 
 471.53  3190  4529 78 
 471.56  3195  4600 55.5 
 471.59  3200  4672 69.5 
 471.62  3205  4744 96 
 471.65  3210  4815 105.5 
 471.67  3215  4887 95 
 471.7  3220  4959 92.5 
 471.73  3225  5032 75.5 
 471.76  3230  5104 90.5 
 471.79  3235  5176 142.5 
 471.82  3240  5249 175 
 471.85  3245  5322 150 
 471.87  3250  5394 125.5 
 471.9  3255  5467 170 
 471.93  3260  5540 243 
 471.96  3265  5614 292.5 
 471.99  3270  5687 293 
 472.02  3275  5760 256 
 472.05  3280  5834 205 
 472.07  3285  5907 241.5 
 472.1  3290  5981 367.5 
 472.13  3295  6055 443 
 472.16  3300  6129 436.5 
 472.19  3305  6203 317 
 472.22  3310  6278 298 
 472.25  3315  6352 322 
 472.28  3320  6427 406.5 
 472.3  3325  6501 449.5 
 472.33  3330  6576 429.5 
 472.36  3335  6651 354.5 
 472.39  3340  6726 362 
 472.42  3345  6801 456 
 472.45  3350  6877 471.5 
 472.48  3355  6952 561.5 
 472.51  3360  7028 392 
 472.53  3365  7104 428 
 472.56  3370  7179 329.5 
 472.59  3375  7255 430.5 
 472.62  3380  7332 431 
 472.65  3385  7408 552 
 472.68  3390  7484 544.5 
 472.71  3395  7561 532.5 
 472.73  3400  7638 585 
 472.76  3405  7715 532 
 472.79  3410  7792 559.5 
 472.82  3415  7869 557 
 472.85  3420  7946 642.5 
 472.88  3425  8024 600 
 472.91  3430  8101 633 
 472.94  3435  8179 586 
 472.97  3440  8257 404 
 473  3445  8335 474 
 473.03  3450  8413 631 
 473.05  3455  8491 620 
 473.08  3460  8570 550.5 
 473.11  3465  8648 621.5 
 473.14  3470  8727 636 
 473.17  3475  8806 535.5 
 473.2  3480  8885 623 
 473.23  3485  8965 649 
 473.26  3490  9044 551.5 
 473.29  3495  9124 602.5 
 473.31  3500  9203 769.5 
 473.45  3505  7381 767 
 473.47  3510  7461 706.5 
 473.5  3515  7541 642.5 
 473.53  3520  7621 746.5 
 473.56  3525  7702 558 
 473.59  3530  7782 699.5 
 473.62  3535  7863 763 
 473.65  3540  7944 816 
 473.68  3545  8025 813 
 473.71  3550  8106 817.5 
 473.74  3555  8187 743.5 
 473.77  3560  8268 777 
 473.8  3565  8350 706.5 
 473.82  3570  8432 556.5 
 473.85  3575  8514 670.5 
 473.88  3580  8596 567 
 473.91  3585  8678 467.5 
 473.94  3590  8760 649.5 
 473.97  3595  8843 817.5 
 474  3600  8925 887 
 474.03  3605  9008 720.5 
 474.06  3610  9091 629 
 474.09  3615  9174 750 
 474.12  3620  9258 629.5 
 474.15  3625  9341 883.5 
 474.18  3630  9425 804.5 
end
uxIntegration time is 0.2294 seconds per sampledt  2.7E-08 cy 1dh240119Izana 28.3081 16.4992 2.750537pr770dark 2.15 
 493.72  2900  562 2.25 
 493.75  2905  628 1 
 493.79  2910  694 2.25 
 493.82  2915  760 .5 
 493.86  2920  826 1.5 
 493.89  2925  892 2 
 493.93  2930  958 .25 
 493.96  2935  1024 1.5 
 494  2940  1090 2.75 
 494.04  2945  1156 1 
 494.07  2950  1223 1.75 
 494.11  2955  1289 2.5 
 494.14  2960  1356 3 
 494.18  2965  1423 2 
 494.21  2970  1490 1.75 
 494.25  2975  1556 1.5 
 494.29  2980  1623 2 
 494.32  2985  1691 2.25 
 494.36  2990  1758 1 
 494.39  2995  1825 3 
 494.42  3000  1892 2 
 494.45  3005  1960 2.5 
 494.48  3010  2027 3.5 
 494.51  3015  2095 3 
 494.53  3020  2163 5 
 494.56  3025  2231 5 
 494.59  3030  2299 8 
 494.62  3035  2367 11 
 494.65  3040  2435 10 
 494.68  3045  2503 11.5 
 494.7  3050  2572 17.5 
 494.73  3055  2640 17.5 
 494.76  3060  2709 18 
 494.79  3065  2777 25.5 
 494.82  3070  2846 28 
 494.85  3075  2915 35.5 
 494.87  3080  2984 40 
 494.9  3085  3053 45 
 494.93  3090  3122 40.5 
 494.96  3095  3192 52 
 494.99  3100  3261 53.5 
 495.02  3105  3331 84.5 
 495.04  3110  3400 100 
 495.07  3115  3470 106 
 495.1  3120  3540 122.5 
 495.13  3125  3610 140.5 
 495.16  3130  3680 170 
 495.19  3135  3750 172 
 495.21  3140  3820 217.5 
 495.24  3145  3890 219.5 
 495.27  3150  3961 308.5 
 495.3  3155  4032 252.5 
 495.33  3160  4102 258.5 
 495.36  3165  4173 411 
 495.39  3170  4244 502 
 495.41  3175  4315 508.5 
 495.44  3180  4386 442.5 
 495.47  3185  4457 673.5 
 495.5  3190  4529 888 
 495.53  3195  4600 672 
 495.56  3200  4672 773 
 495.58  3205  4744 1135 
 495.61  3210  4815 1275.5 
 495.64  3215  4887 1228.5 
 495.67  3220  4959 1142 
 495.7  3225  5032 935 
 495.73  3230  5104 1084 
 495.75  3235  5176 1689.5 
 495.78  3240  5249 2055.5 
 495.81  3245  5322 1930.5 
 495.84  3250  5394 1530.5 
 495.87  3255  5467 2043.5 
 495.9  3260  5540 2945 
 495.92  3265  5614 3355 
 495.95  3270  5687 3294.5 
 495.98  3275  5760 2956 
 496.01  3280  5834 2352 
 496.04  3285  5907 2849.5 
 496.07  3290  5981 3871.5 
 496.1  3295  6055 4549 
 496.12  3300  6129 4550 
 496.15  3305  6203 3371.5 
 496.18  3310  6278 3350 
 496.21  3315  6352 3559.5 
 496.24  3320  6427 4196.5 
 496.27  3325  6501 4376.5 
 496.3  3330  6576 4290 
 496.33  3335  6651 3685.5 
 496.35  3340  6726 3713.5 
 496.38  3345  6801 4542.5 
 496.41  3350  6877 4503 
 496.44  3355  6952 5238 
 496.47  3360  7028 3604.5 
 496.5  3365  7104 4231 
 496.53  3370  7179 3321.5 
 496.56  3375  7255 4194 
 496.58  3380  7332 4201.5 
 496.61  3385  7408 4932.5 
 496.64  3390  7484 4890 
 496.67  3395  7561 4935.5 
 496.7  3400  7638 5563 
 496.73  3405  7715 4964 
 496.76  3410  7792 5005 
 496.79  3415  7869 4793 
 496.82  3420  7946 5555.5 
 496.84  3425  8024 5260 
 496.87  3430  8101 5682 
 496.9  3435  8179 5236.5 
 496.93  3440  8257 3589.5 
 496.96  3445  8335 4303.5 
 496.99  3450  8413 5480 
 497.02  3455  8491 5372 
 497.05  3460  8570 4751.5 
 497.07  3465  8648 5424.5 
 497.1  3470  8727 5548 
 497.13  3475  8806 4580 
 497.16  3480  8885 5355 
 497.19  3485  8965 5394.5 
 497.22  3490  9044 4751.5 
 497.25  3495  9124 5082.5 
 497.28  3500  9203 6446.5 
 497.41  3505  7381 6473 
 497.44  3510  7461 5875.5 
 497.47  3515  7541 5426 
 497.5  3520  7621 6149 
 497.53  3525  7702 4703.5 
 497.56  3530  7782 5913 
 497.59  3535  7863 6343 
 497.61  3540  7944 6648 
 497.64  3545  8025 6771 
 497.67  3550  8106 6797.5 
 497.7  3555  8187 6058 
 497.73  3560  8268 6335.5 
 497.76  3565  8350 5715 
 497.79  3570  8432 4538 
 497.82  3575  8514 5484 
 497.85  3580  8596 4553.5 
 497.88  3585  8678 3799.5 
 497.91  3590  8760 5171.5 
 497.94  3595  8843 6542 
 497.96  3600  8925 7088.5 
 497.99  3605  9008 5641.5 
 498.02  3610  9091 5106 
 498.06  3615  9174 6021.5 
 498.11  3620  9258 4996.5 
 498.14  3625  9341 6971 
 498.16  3630  9425 6387.5 
end
uxIntegration time is 0.2294 seconds per sampledt  2.7E-08 cy 1dh240119Izana 28.3081 16.4992 2.804185pr770dark 2.05 
 765.26  2900  562 .5 
 765.29  2905  628 1.5 
 765.33  2910  694 2 
 765.37  2915  760 3 
 765.4  2920  826 2.25 
 765.44  2925  892 2 
 765.47  2930  958 4.25 
 765.51  2935  1024 4.5 
 765.54  2940  1090 7.75 
 765.58  2945  1156 9.25 
 765.62  2950  1223 16.25 
 765.65  2955  1289 29.25 
 765.69  2960  1356 47 
 765.72  2965  1423 62.5 
 765.76  2970  1490 74.5 
 765.79  2975  1556 164.75 
 765.83  2980  1623 215.5 
 765.87  2985  1691 216.25 
 765.9  2990  1758 397.5 
 765.94  2995  1825 546 
 765.97  3000  1892 549 
 765.99  3005  1960 736 
 766.02  3010  2027 1132 
 766.05  3015  2095 1558 
 766.08  3020  2163 1344.5 
 766.11  3025  2231 2382.5 
 766.14  3030  2299 3809 
 766.17  3035  2367 4462.5 
 766.19  3040  2435 4254.5 
 766.22  3045  2503 5531 
 766.25  3050  2572 7412 
 766.28  3055  2640 7719 
 766.31  3060  2709 7307.5 
 766.34  3065  2777 8633.5 
 766.36  3070  2846 11493 
 766.39  3075  2915 13378 
 766.42  3080  2984 14061 
 766.45  3085  3053 15570 
 766.48  3090  3122 13703.5 
 766.51  3095  3192 14807 
 766.54  3100  3261 14839.5 
 766.56  3105  3331 23053.5 
 766.59  3110  3400 28031 
 766.62  3115  3470 27259.5 
 766.65  3120  3540 25589 
 766.68  3125  3610 29550.5 
 766.71  3130  3680 31257 
 766.74  3135  3750 31319 
 766.76  3140  3820 36891.5 
 766.79  3145  3890 31046.5 
 766.82  3150  3961 39673 
 766.85  3155  4032 35118.5 
 766.88  3160  4102 29043.5 
 766.91  3165  4173 39386 
 766.94  3170  4244 48494.5 
 766.97  3175  4315 51244.5 
 766.99  3180  4386 38909.5 
 767.02  3185  4457 44890.5 
 767.05  3190  4529 51821.5 
 767.08  3195  4600 44877.5 
 767.11  3200  4672 54303 
 767.14  3205  4744 62581 
 767.17  3210  4815 54198.5 
 767.2  3215  4887 50125.5 
 767.22  3220  4959 57766 
 767.25  3225  5032 49895 
 767.28  3230  5104 46945.5 
 767.31  3235  5176 54369 
 767.34  3240  5249 62537 
 767.37  3245  5322 65272 
 767.4  3250  5394 59915.5 
 767.42  3255  5467 72687.5 
 767.45  3260  5540 85663 
 767.48  3265  5614 83968 
 767.51  3270  5687 84526.5 
 767.54  3275  5760 81574.5 
 767.57  3280  5834 76157 
 767.6  3285  5907 75997 
 767.63  3290  5981 86759 
 767.66  3295  6055 98196.5 
 767.68  3300  6129 99538.5 
 767.71  3305  6203 83489.5 
 767.74  3310  6278 84694.5 
 767.77  3315  6352 84232.5 
 767.8  3320  6427 88443 
 767.83  3325  6501 86773 
 767.86  3330  6576 86603.5 
 767.89  3335  6651 79970 
 767.91  3340  6726 82936 
 767.94  3345  6801 92169 
 767.97  3350  6877 86424 
 768  3355  6952 97304 
 768.04  3360  7028 66869 
 768.09  3365  7104 82668 
 768.12  3370  7179 67504 
 768.15  3375  7255 85651 
 768.18  3380  7332 79533 
 768.21  3385  7408 90660.5 
 768.24  3390  7484 88451 
 768.27  3395  7561 88982 
 768.3  3400  7638 103117.5 
 768.33  3405  7715 91551 
 768.36  3410  7792 88645.5 
 768.38  3415  7869 83896 
 768.41  3420  7946 97177.5 
 768.44  3425  8024 91588.5 
 768.47  3430  8101 98742 
 768.5  3435  8179 92083 
 768.53  3440  8257 64681 
 768.56  3445  8335 74835 
 768.59  3450  8413 93946 
 768.62  3455  8491 91699.5 
 768.65  3460  8570 80779 
 768.68  3465  8648 91733 
 768.71  3470  8727 93734.5 
 768.74  3475  8806 77518 
 768.77  3480  8885 90054.5 
 768.8  3485  8965 90007 
 768.83  3490  9044 79767.5 
 768.85  3495  9124 83608 
 768.88  3500  9203 106037.5 
 769.02  3505  7381 104921.5 
 769.05  3510  7461 95818 
 769.07  3515  7541 87694 
 769.1  3520  7621 99143 
 769.13  3525  7702 75220 
 769.16  3530  7782 93523 
 769.19  3535  7863 100364.5 
 769.22  3540  7944 105087 
 769.25  3545  8025 105790.5 
 769.28  3550  8106 106961.5 
 769.31  3555  8187 95483 
 769.34  3560  8268 98950 
 769.37  3565  8350 88746.5 
 769.4  3570  8432 71252 
 769.43  3575  8514 86751 
 769.46  3580  8596 71391 
 769.48  3585  8678 58819.5 
 769.51  3590  8760 80785 
 769.54  3595  8843 102061 
 769.57  3600  8925 109318 
 769.6  3605  9008 87112 
 769.63  3610  9091 78899.5 
 769.66  3615  9174 92566.5 
 769.71  3620  9258 76891.5 
 769.74  3625  9341 106360.5 
 769.79  3630  9425 95356.5 
end
uxIntegration time is 0.2294 seconds per sampledt  2.7E-08 cy 1dh240119Izana 28.3081 16.4992 2.804185pr770dark 2.45 
 789.22  2900  562 3.5 
 789.25  2905  628 3 
 789.29  2910  694 1.75 
 789.32  2915  760 3.5 
 789.36  2920  826 3.25 
 789.4  2925  892 2.25 
 789.43  2930  958 3.75 
 789.47  2935  1024 6 
 789.5  2940  1090 10.25 
 789.54  2945  1156 10.5 
 789.57  2950  1223 15.25 
 789.61  2955  1289 31 
 789.65  2960  1356 53.5 
 789.68  2965  1423 63.5 
 789.72  2970  1490 84.5 
 789.75  2975  1556 179.5 
 789.79  2980  1623 229.25 
 789.82  2985  1691 225.25 
 789.86  2990  1758 433.5 
 789.9  2995  1825 582 
 789.92  3000  1892 599 
 789.95  3005  1960 765.5 
 789.98  3010  2027 1188.5 
 790.01  3015  2095 1631.5 
 790.04  3020  2163 1392 
 790.07  3025  2231 2459 
 790.09  3030  2299 3909.5 
 790.12  3035  2367 4678.5 
 790.15  3040  2435 4359 
 790.18  3045  2503 5692.5 
 790.21  3050  2572 7541.5 
 790.24  3055  2640 7939 
 790.26  3060  2709 7439.5 
 790.29  3065  2777 8819 
 790.32  3070  2846 11591 
 790.35  3075  2915 13645.5 
 790.38  3080  2984 14309 
 790.41  3085  3053 15888 
 790.44  3090  3122 14018.5 
 790.46  3095  3192 14984 
 790.49  3100  3261 15004 
 790.52  3105  3331 23159 
 790.55  3110  3400 28393 
 790.58  3115  3470 27797.5 
 790.61  3120  3540 25856 
 790.64  3125  3610 29890 
 790.66  3130  3680 31523 
 790.69  3135  3750 31751.5 
 790.72  3140  3820 37286.5 
 790.75  3145  3890 31258.5 
 790.78  3150  3961 39937.5 
 790.81  3155  4032 35507.5 
 790.84  3160  4102 28977.5 
 790.86  3165  4173 39693 
 790.89  3170  4244 48532.5 
 790.92  3175  4315 51802 
 790.95  3180  4386 39261 
 790.98  3185  4457 44740 
 791.01  3190  4529 52100 
 791.04  3195  4600 44956 
 791.06  3200  4672 54383.5 
 791.09  3205  4744 62748 
 791.12  3210  4815 54674.5 
 791.15  3215  4887 50206.5 
 791.18  3220  4959 58148 
 791.21  3225  5032 50382.5 
 791.24  3230  5104 47108 
 791.27  3235  5176 54687.5 
 791.29  3240  5249 62653 
 791.32  3245  5322 65396 
 791.35  3250  5394 60297.5 
 791.38  3255  5467 72612 
 791.41  3260  5540 86023 
 791.44  3265  5614 84048.5 
 791.47  3270  5687 84930 
 791.5  3275  5760 82285 
 791.52  3280  5834 76698.5 
 791.55  3285  5907 76276.5 
 791.58  3290  5981 87162.5 
 791.61  3295  6055 98526.5 
 791.64  3300  6129 100031.5 
 791.67  3305  6203 84267 
 791.7  3310  6278 84850 
 791.73  3315  6352 84398 
 791.75  3320  6427 88501 
 791.78  3325  6501 86832.5 
 791.81  3330  6576 87041.5 
 791.84  3335  6651 80411.5 
 791.87  3340  6726 82900 
 791.9  3345  6801 92608 
 791.93  3350  6877 86487.5 
 791.96  3355  6952 97615 
 791.99  3360  7028 67233.5 
 792.01  3365  7104 82841 
 792.04  3370  7179 67574 
 792.07  3375  7255 85720.5 
 792.1  3380  7332 80093.5 
 792.13  3385  7408 90730 
 792.16  3390  7484 89168 
 792.19  3395  7561 89129.5 
 792.22  3400  7638 103664 
 792.24  3405  7715 91793 
 792.27  3410  7792 88795 
 792.3  3415  7869 83901 
 792.33  3420  7946 97781 
 792.36  3425  8024 91890 
 792.39  3430  8101 99216 
 792.42  3435  8179 92451 
 792.45  3440  8257 65054 
 792.48  3445  8335 74918 
 792.51  3450  8413 94206.5 
 792.54  3455  8491 92179.5 
 792.57  3460  8570 80954 
 792.6  3465  8648 91789 
 792.63  3470  8727 94371 
 792.65  3475  8806 77408.5 
 792.68  3480  8885 90269 
 792.71  3485  8965 90510 
 792.74  3490  9044 80181.5 
 792.77  3495  9124 84020.5 
 792.8  3500  9203 106294.5 
 792.93  3505  7381 105590 
 792.96  3510  7461 96543.5 
 792.99  3515  7541 87770 
 793.02  3520  7621 99720 
 793.05  3525  7702 75787.5 
 793.08  3530  7782 93731 
 793.11  3535  7863 101109.5 
 793.14  3540  7944 105533 
 793.17  3545  8025 106331 
 793.2  3550  8106 107669 
 793.23  3555  8187 95933 
 793.25  3560  8268 99325.5 
 793.28  3565  8350 89959 
 793.31  3570  8432 71513.5 
 793.34  3575  8514 86738.5 
 793.37  3580  8596 71882.5 
 793.4  3585  8678 59204.5 
 793.43  3590  8760 80647 
 793.46  3595  8843 102365.5 
 793.49  3600  8925 109993 
 793.52  3605  9008 87859.5 
 793.55  3610  9091 78997.5 
 793.58  3615  9174 92996 
 793.61  3620  9258 77113 
 793.64  3625  9341 106735 
 793.67  3630  9425 96354.5 
end
uxIntegration time is 0.2294 seconds per sampledt  2.7E-08 cy 1dh240119Izana 28.3081 16.4992 2.804185pr770dark 1.9 
 816.73  2900  562 3.25 
 816.76  2905  628 2.5 
 816.8  2910  694 1.75 
 816.84  2915  760 3 
 816.87  2920  826 2.5 
 816.91  2925  892 2.5 
 816.94  2930  958 4 
 816.98  2935  1024 6.25 
 817.01  2940  1090 9.75 
 817.05  2945  1156 9.75 
 817.08  2950  1223 16.5 
 817.12  2955  1289 33.25 
 817.16  2960  1356 54.25 
 817.19  2965  1423 63.5 
 817.23  2970  1490 79.75 
 817.27  2975  1556 178.5 
 817.3  2980  1623 229.75 
 817.34  2985  1691 225.75 
 817.37  2990  1758 430.25 
 817.41  2995  1825 581.25 
 817.44  3000  1892 592.5 
 817.47  3005  1960 777.5 
 817.5  3010  2027 1213.5 
 817.52  3015  2095 1633 
 817.55  3020  2163 1382 
 817.58  3025  2231 2489.5 
 817.61  3030  2299 3913.5 
 817.64  3035  2367 4674 
 817.67  3040  2435 4386.5 
 817.69  3045  2503 5712.5 
 817.72  3050  2572 7591 
 817.75  3055  2640 8000.5 
 817.78  3060  2709 7493 
 817.81  3065  2777 8886.5 
 817.84  3070  2846 11571.5 
 817.86  3075  2915 13688.5 
 817.89  3080  2984 14348 
 817.92  3085  3053 15928 
 817.95  3090  3122 14084.5 
 817.98  3095  3192 15020 
 818.01  3100  3261 15096 
 818.03  3105  3331 23213 
 818.06  3110  3400 28564.5 
 818.09  3115  3470 27767.5 
 818.12  3120  3540 25999 
 818.15  3125  3610 29915.5 
 818.18  3130  3680 31585.5 
 818.21  3135  3750 31848.5 
 818.23  3140  3820 37341.5 
 818.26  3145  3890 31385.5 
 818.29  3150  3961 40093 
 818.32  3155  4032 35769 
 818.35  3160  4102 29185.5 
 818.38  3165  4173 39838.5 
 818.41  3170  4244 48678 
 818.43  3175  4315 52027.5 
 818.46  3180  4386 39375 
 818.49  3185  4457 44938.5 
 818.52  3190  4529 52343 
 818.55  3195  4600 45246 
 818.58  3200  4672 54621.5 
 818.61  3205  4744 62957 
 818.63  3210  4815 54901.5 
 818.66  3215  4887 50515.5 
 818.69  3220  4959 58267 
 818.72  3225  5032 50542.5 
 818.75  3230  5104 47293.5 
 818.78  3235  5176 54684.5 
 818.81  3240  5249 62867 
 818.84  3245  5322 65700.5 
 818.86  3250  5394 60310 
 818.89  3255  5467 72896.5 
 818.92  3260  5540 86283 
 818.95  3265  5614 84430 
 818.98  3270  5687 85066.5 
 819.01  3275  5760 82279 
 819.04  3280  5834 76916 
 819.07  3285  5907 76561 
 819.1  3290  5981 86916 
 819.13  3295  6055 98653 
 819.15  3300  6129 100270 
 819.18  3305  6203 84604 
 819.21  3310  6278 85224 
 819.24  3315  6352 84351.5 
 819.27  3320  6427 88701 
 819.3  3325  6501 87355.5 
 819.33  3330  6576 87195.5 
 819.36  3335  6651 80803 
 819.38  3340  6726 83208 
 819.41  3345  6801 92876.5 
 819.44  3350  6877 86960.5 
 819.47  3355  6952 97895 
 819.5  3360  7028 67568 
 819.53  3365  7104 83163 
 819.56  3370  7179 67962 
 819.59  3375  7255 85894 
 819.62  3380  7332 80199 
 819.64  3385  7408 90943.5 
 819.67  3390  7484 89050.5 
 819.7  3395  7561 89137.5 
 819.73  3400  7638 103904 
 819.76  3405  7715 91945 
 819.79  3410  7792 89424.5 
 819.82  3415  7869 84102.5 
 819.85  3420  7946 97581.5 
 819.87  3425  8024 92259 
 819.9  3430  8101 99227.5 
 819.93  3435  8179 92573 
 819.96  3440  8257 65363.5 
 819.99  3445  8335 74857 
 820.02  3450  8413 94240.5 
 820.05  3455  8491 92548 
 820.08  3460  8570 81209 
 820.11  3465  8648 91770 
 820.14  3470  8727 94569.5 
 820.17  3475  8806 77501.5 
 820.2  3480  8885 90527 
 820.23  3485  8965 90623.5 
 820.25  3490  9044 80188.5 
 820.28  3495  9124 84039.5 
 820.31  3500  9203 106607 
 820.44  3505  7381 105724.5 
 820.47  3510  7461 96389 
 820.5  3515  7541 87891.5 
 820.53  3520  7621 99841 
 820.56  3525  7702 75588 
 820.59  3530  7782 93852 
 820.62  3535  7863 100908 
 820.65  3540  7944 105321 
 820.68  3545  8025 106332.5 
 820.71  3550  8106 107467 
 820.74  3555  8187 95804 
 820.77  3560  8268 99237 
 820.8  3565  8350 90005.5 
 820.83  3570  8432 71417 
 820.85  3575  8514 86611 
 820.88  3580  8596 71780 
 820.91  3585  8678 59156 
 820.94  3590  8760 80492.5 
 820.97  3595  8843 102327.5 
 821  3600  8925 110079 
 821.03  3605  9008 87698.5 
 821.06  3610  9091 79042.5 
 821.09  3615  9174 92944.5 
 821.12  3620  9258 77047 
 821.15  3625  9341 106509.5 
 821.18  3630  9425 96398.5 
end
uxIntegration time is 0.2294 seconds per sampledt  2.7E-08 cy 1dh240119Izana 28.3081 16.4992 2.804185pr770dark 2.7 
 830.62  2900  562 1.75 
 830.66  2905  628 2 
 830.69  2910  694 3 
 830.73  2915  760 1.75 
 830.76  2920  826 2 
 830.8  2925  892 2 
 830.83  2930  958 4 
 830.87  2935  1024 5.25 
 830.9  2940  1090 6.5 
 830.94  2945  1156 9.75 
 830.98  2950  1223 16.75 
 831.01  2955  1289 30.25 
 831.05  2960  1356 53 
 831.08  2965  1423 61.25 
 831.12  2970  1490 80.25 
 831.15  2975  1556 167.25 
 831.19  2980  1623 219.5 
 831.23  2985  1691 219.75 
 831.26  2990  1758 410.25 
 831.3  2995  1825 572.5 
 831.33  3000  1892 548.5 
 831.35  3005  1960 750 
 831.38  3010  2027 1165 
 831.41  3015  2095 1590.5 
 831.44  3020  2163 1344 
 831.47  3025  2231 2411.5 
 831.5  3030  2299 3785 
 831.53  3035  2367 4534 
 831.55  3040  2435 4306 
 831.58  3045  2503 5594.5 
 831.61  3050  2572 7541 
 831.64  3055  2640 7856.5 
 831.67  3060  2709 7341.5 
 831.7  3065  2777 8626 
 831.72  3070  2846 11312 
 831.75  3075  2915 13381.5 
 831.78  3080  2984 14088 
 831.81  3085  3053 15597.5 
 831.84  3090  3122 13912 
 831.87  3095  3192 14874 
 831.9  3100  3261 14894.5 
 831.92  3105  3331 22962.5 
 831.95  3110  3400 28252 
 831.98  3115  3470 27397.5 
 832.01  3120  3540 25640.5 
 832.04  3125  3610 29603.5 
 832.07  3130  3680 31140 
 832.1  3135  3750 31420.5 
 832.13  3140  3820 36889 
 832.15  3145  3890 31090 
 832.18  3150  3961 39687 
 832.21  3155  4032 35301.5 
 832.24  3160  4102 28868.5 
 832.27  3165  4173 39437 
 832.3  3170  4244 48089 
 832.32  3175  4315 51580.5 
 832.35  3180  4386 39092 
 832.38  3185  4457 44566 
 832.41  3190  4529 51946 
 832.44  3195  4600 44976 
 832.47  3200  4672 54180.5 
 832.5  3205  4744 62534.5 
 832.52  3210  4815 54300 
 832.55  3215  4887 50135 
 832.58  3220  4959 57740.5 
 832.61  3225  5032 50206 
 832.64  3230  5104 46995 
 832.67  3235  5176 54350 
 832.7  3240  5249 62297.5 
 832.72  3245  5322 65104.5 
 832.75  3250  5394 59740.5 
 832.78  3255  5467 72416 
 832.81  3260  5540 85672 
 832.84  3265  5614 83626 
 832.87  3270  5687 84313 
 832.9  3275  5760 81569.5 
 832.93  3280  5834 76078 
 832.96  3285  5907 75964.5 
 832.98  3290  5981 86442 
 833.01  3295  6055 97934.5 
 833.04  3300  6129 99497 
 833.07  3305  6203 84034.5 
 833.1  3310  6278 84513 
 833.13  3315  6352 83619 
 833.16  3320  6427 88094.5 
 833.19  3325  6501 86512.5 
 833.22  3330  6576 86314.5 
 833.25  3335  6651 80203.5 
 833.27  3340  6726 82479 
 833.3  3345  6801 91829 
 833.33  3350  6877 86096 
 833.36  3355  6952 97020 
 833.39  3360  7028 66893 
 833.42  3365  7104 82458 
 833.45  3370  7179 67319 
 833.48  3375  7255 85051 
 833.51  3380  7332 79581 
 833.54  3385  7408 90126.5 
 833.56  3390  7484 88499 
 833.59  3395  7561 88308 
 833.62  3400  7638 102970.5 
 833.65  3405  7715 91122 
 833.68  3410  7792 88329 
 833.71  3415  7869 83378.5 
 833.74  3420  7946 97002.5 
 833.77  3425  8024 91225.5 
 833.8  3430  8101 98492.5 
 833.83  3435  8179 91815.5 
 833.86  3440  8257 64588 
 833.88  3445  8335 74246.5 
 833.92  3450  8413 93562.5 
 833.94  3455  8491 91616.5 
 833.97  3460  8570 80342.5 
 834  3465  8648 90933 
 834.03  3470  8727 93586 
 834.06  3475  8806 76825 
 834.09  3480  8885 89463.5 
 834.12  3485  8965 89629.5 
 834.15  3490  9044 79388 
 834.18  3495  9124 83339 
 834.21  3500  9203 105531 
 834.34  3505  7381 104730.5 
 834.37  3510  7461 95371 
 834.4  3515  7541 87025.5 
 834.43  3520  7621 98809 
 834.46  3525  7702 74901.5 
 834.49  3530  7782 92709 
 834.51  3535  7863 99946 
 834.54  3540  7944 104444.5 
 834.57  3545  8025 105487 
 834.6  3550  8106 106611.5 
 834.63  3555  8187 95129 
 834.66  3560  8268 98074.5 
 834.69  3565  8350 89006.5 
 834.72  3570  8432 70636.5 
 834.75  3575  8514 85807.5 
 834.78  3580  8596 71245 
 834.81  3585  8678 58579 
 834.84  3590  8760 79771.5 
 834.87  3595  8843 101294.5 
 834.9  3600  8925 108856 
 834.93  3605  9008 86737.5 
 834.95  3610  9091 78306 
 834.98  3615  9174 92078.5 
 835.01  3620  9258 76141 
 835.04  3625  9341 105170 
 835.07  3630  9425 95351.5 
end
uxIntegration time is 0.2294 seconds per sampledt  2.7E-08 cy 1dh240119Izana 28.3081 16.4992 2.804185pr770dark 2.2 
 851.2  2900  562 2.75 
 851.24  2905  628 2.25 
 851.27  2910  694 1.5 
 851.31  2915  760 2.25 
 851.34  2920  826 2.5 
 851.38  2925  892 3 
 851.42  2930  958 2.25 
 851.45  2935  1024 4.5 
 851.49  2940  1090 5.75 
 851.52  2945  1156 9 
 851.56  2950  1223 14.75 
 851.59  2955  1289 25.5 
 851.63  2960  1356 46.75 
 851.67  2965  1423 52.75 
 851.7  2970  1490 70 
 851.74  2975  1556 149.75 
 851.77  2980  1623 196.5 
 851.81  2985  1691 195 
 851.84  2990  1758 362.5 
 851.88  2995  1825 503.5 
 851.91  3000  1892 521.5 
 851.94  3005  1960 676 
 851.97  3010  2027 1072 
 851.99  3015  2095 1466 
 852.02  3020  2163 1268 
 852.05  3025  2231 2225 
 852.08  3030  2299 3552.5 
 852.11  3035  2367 4292.5 
 852.14  3040  2435 4046 
 852.16  3045  2503 5243 
 852.19  3050  2572 7022.5 
 852.22  3055  2640 7437.5 
 852.25  3060  2709 6988 
 852.28  3065  2777 8278.5 
 852.31  3070  2846 10815.5 
 852.34  3075  2915 12809 
 852.37  3080  2984 13549 
 852.39  3085  3053 14993.5 
 852.42  3090  3122 13369 
 852.45  3095  3192 14259 
 852.48  3100  3261 14371.5 
 852.51  3105  3331 22236 
 852.54  3110  3400 27305 
 852.56  3115  3470 26538 
 852.59  3120  3540 24941 
 852.62  3125  3610 28673 
 852.65  3130  3680 30269 
 852.68  3135  3750 30670.5 
 852.71  3140  3820 35890 
 852.74  3145  3890 30273 
 852.76  3150  3961 38722 
 852.79  3155  4032 34533 
 852.82  3160  4102 28220.5 
 852.85  3165  4173 38588.5 
 852.88  3170  4244 47184.5 
 852.91  3175  4315 50286.5 
 852.93  3180  4386 38207.5 
 852.96  3185  4457 43640 
 852.99  3190  4529 50870.5 
 853.02  3195  4600 43908.5 
 853.05  3200  4672 52913 
 853.08  3205  4744 61307 
 853.1  3210  4815 53364.5 
 853.13  3215  4887 49244.5 
 853.16  3220  4959 56544 
 853.19  3225  5032 49122 
 853.22  3230  5104 45814 
 853.25  3235  5176 53444 
 853.28  3240  5249 61332 
 853.3  3245  5322 64074.5 
 853.33  3250  5394 58870 
 853.36  3255  5467 70920 
 853.39  3260  5540 84054 
 853.42  3265  5614 82054.5 
 853.45  3270  5687 82977 
 853.48  3275  5760 80351.5 
 853.5  3280  5834 74873 
 853.53  3285  5907 74531.5 
 853.56  3290  5981 84832 
 853.59  3295  6055 96125 
 853.62  3300  6129 98022.5 
 853.65  3305  6203 82447 
 853.68  3310  6278 82873 
 853.71  3315  6352 82153 
 853.74  3320  6427 86576 
 853.76  3325  6501 84941.5 
 853.79  3330  6576 85157.5 
 853.82  3335  6651 78619.5 
 853.85  3340  6726 80919.5 
 853.88  3345  6801 90461 
 853.91  3350  6877 84499 
 853.94  3355  6952 95320 
 853.97  3360  7028 65790.5 
 853.99  3365  7104 80995.5 
 854.02  3370  7179 66206.5 
 854.05  3375  7255 83370 
 854.08  3380  7332 77835.5 
 854.11  3385  7408 88573 
 854.14  3390  7484 86806 
 854.17  3395  7561 86824.5 
 854.2  3400  7638 100960.5 
 854.23  3405  7715 89355.5 
 854.25  3410  7792 86944.5 
 854.28  3415  7869 81731.5 
 854.31  3420  7946 94992.5 
 854.34  3425  8024 89532 
 854.37  3430  8101 96628 
 854.4  3435  8179 89989.5 
 854.43  3440  8257 63657.5 
 854.46  3445  8335 72670.5 
 854.49  3450  8413 91468 
 854.52  3455  8491 89850 
 854.55  3460  8570 78667.5 
 854.57  3465  8648 89071.5 
 854.6  3470  8727 91618 
 854.63  3475  8806 75203.5 
 854.66  3480  8885 87843 
 854.69  3485  8965 87737 
 854.72  3490  9044 77903.5 
 854.75  3495  9124 81399 
 854.78  3500  9203 103385.5 
 854.91  3505  7381 102563 
 854.94  3510  7461 93396 
 854.97  3515  7541 85365.5 
 855  3520  7621 96775 
 855.03  3525  7702 73324.5 
 855.06  3530  7782 90925.5 
 855.09  3535  7863 97916.5 
 855.11  3540  7944 102314 
 855.14  3545  8025 103196 
 855.17  3550  8106 104296.5 
 855.2  3555  8187 92999.5 
 855.23  3560  8268 96170 
 855.26  3565  8350 87301 
 855.29  3570  8432 69229 
 855.32  3575  8514 83924 
 855.35  3580  8596 69507 
 855.38  3585  8678 57481 
 855.41  3590  8760 78040 
 855.44  3595  8843 98986.5 
 855.47  3600  8925 106413 
 855.5  3605  9008 85072.5 
 855.52  3610  9091 76414 
 855.55  3615  9174 90145.5 
 855.58  3620  9258 74387.5 
 855.61  3625  9341 102921.5 
 855.64  3630  9425 93331.5 
end
uxIntegration time is 0.2294 seconds per sampledt  2.7E-08 cy 1dh240119Izana 28.3081 16.4992 2.804185pr770dark 1.9 
 878.7  2900  562 2.25 
 878.74  2905  628 2 
 878.78  2910  694 2.25 
 878.81  2915  760 1.25 
 878.85  2920  826 3.25 
 878.88  2925  892 2 
 878.92  2930  958 2 
 878.95  2935  1024 3.25 
 878.99  2940  1090 5.75 
 879.02  2945  1156 5.25 
 879.06  2950  1223 10.75 
 879.1  2955  1289 19 
 879.13  2960  1356 39 
 879.17  2965  1423 39 
 879.2  2970  1490 50.5 
 879.24  2975  1556 116.25 
 879.27  2980  1623 147 
 879.31  2985  1691 145 
 879.35  2990  1758 283 
 879.38  2995  1825 400 
 879.41  3000  1892 401 
 879.44  3005  1960 532.5 
 879.47  3010  2027 828 
 879.5  3015  2095 1199.5 
 879.52  3020  2163 1032.5 
 879.55  3025  2231 1833.5 
 879.58  3030  2299 2933.5 
 879.61  3035  2367 3558 
 879.64  3040  2435 3381.5 
 879.67  3045  2503 4413.5 
 879.69  3050  2572 6032.5 
 879.72  3055  2640 6367.5 
 879.75  3060  2709 6002.5 
 879.78  3065  2777 7140.5 
 879.81  3070  2846 9475.5 
 879.84  3075  2915 11287.5 
 879.86  3080  2984 11817 
 879.89  3085  3053 13177 
 879.92  3090  3122 11725 
 879.95  3095  3192 12681.5 
 879.98  3100  3261 12816 
 880.01  3105  3331 19622 
 880.03  3110  3400 24334 
 880.06  3115  3470 23705.5 
 880.09  3120  3540 22329.5 
 880.12  3125  3610 25850.5 
 880.15  3130  3680 27388 
 880.18  3135  3750 27582.5 
 880.21  3140  3820 32476 
 880.23  3145  3890 27395 
 880.26  3150  3961 35163.5 
 880.29  3155  4032 31314.5 
 880.32  3160  4102 25713.5 
 880.35  3165  4173 35168 
 880.38  3170  4244 42967.5 
 880.41  3175  4315 45854 
 880.43  3180  4386 34953 
 880.46  3185  4457 39922 
 880.49  3190  4529 46711.5 
 880.52  3195  4600 40296 
 880.55  3200  4672 48514 
 880.58  3205  4744 56133 
 880.6  3210  4815 49101.5 
 880.63  3215  4887 45368 
 880.66  3220  4959 52105 
 880.69  3225  5032 45152 
 880.72  3230  5104 42429.5 
 880.75  3235  5176 49281 
 880.78  3240  5249 56601 
 880.8  3245  5322 59210.5 
 880.83  3250  5394 54176 
 880.86  3255  5467 65653 
 880.89  3260  5540 77754.5 
 880.92  3265  5614 76257 
 880.95  3270  5687 77111 
 880.98  3275  5760 74132 
 881.01  3280  5834 69056.5 
 881.03  3285  5907 69124 
 881.06  3290  5981 78716.5 
 881.09  3295  6055 89097 
 881.12  3300  6129 90866.5 
 881.15  3305  6203 76190 
 881.18  3310  6278 76702.5 
 881.21  3315  6352 76125 
 881.24  3320  6427 79889.5 
 881.26  3325  6501 78764.5 
 881.29  3330  6576 78633.5 
 881.32  3335  6651 72951 
 881.35  3340  6726 74882 
 881.38  3345  6801 83553.5 
 881.41  3350  6877 78245.5 
 881.44  3355  6952 88343.5 
 881.47  3360  7028 60902 
 881.5  3365  7104 74785.5 
 881.53  3370  7179 61123.5 
 881.55  3375  7255 77362.5 
 881.58  3380  7332 72236 
 881.61  3385  7408 82141 
 881.64  3390  7484 80271 
 881.67  3395  7561 80596 
 881.7  3400  7638 93544.5 
 881.73  3405  7715 82808.5 
 881.76  3410  7792 80471 
 881.79  3415  7869 75707.5 
 881.82  3420  7946 87867.5 
 881.85  3425  8024 82939.5 
 881.87  3430  8101 89368.5 
 881.9  3435  8179 83551 
 881.93  3440  8257 58647 
 881.96  3445  8335 67137.5 
 881.99  3450  8413 84578 
 882.02  3455  8491 83068.5 
 882.05  3460  8570 72773 
 882.08  3465  8648 82459 
 882.11  3470  8727 85053.5 
 882.14  3475  8806 69525.5 
 882.17  3480  8885 81102.5 
 882.19  3485  8965 81313 
 882.22  3490  9044 72108.5 
 882.25  3495  9124 75510.5 
 882.28  3500  9203 95645.5 
 882.41  3505  7381 94757 
 882.44  3510  7461 86552.5 
 882.47  3515  7541 78837.5 
 882.5  3520  7621 89519.5 
 882.53  3525  7702 67870 
 882.56  3530  7782 84069 
 882.59  3535  7863 90494 
 882.62  3540  7944 94656 
 882.65  3545  8025 95455.5 
 882.68  3550  8106 96284.5 
 882.71  3555  8187 86098 
 882.74  3560  8268 88947 
 882.77  3565  8350 80660.5 
 882.8  3570  8432 63784.5 
 882.83  3575  8514 77589.5 
 882.85  3580  8596 64217.5 
 882.88  3585  8678 52949.5 
 882.91  3590  8760 72087.5 
 882.94  3595  8843 91392 
 882.97  3600  8925 98662.5 
 883  3605  9008 78416 
 883.03  3610  9091 70546.5 
 883.06  3615  9174 83057 
 883.09  3620  9258 68859 
 883.12  3625  9341 95117 
 883.15  3630  9425 85922 
end
uxIntegration time is 0.2294 seconds per sampledt  2.7E-08 cy 1dh240119Izana 28.3081 16.4992 2.804185pr770dark 1.85 
 892.62  2900  562 2 
 892.65  2905  628 2 
 892.69  2910  694 2 
 892.73  2915  760 1.5 
 892.76  2920  826 1.75 
 892.8  2925  892 3 
 892.83  2930  958 2.75 
 892.87  2935  1024 2 
 892.9  2940  1090 3.5 
 892.94  2945  1156 6 
 892.98  2950  1223 8 
 893.01  2955  1289 13.25 
 893.05  2960  1356 28.5 
 893.08  2965  1423 30.5 
 893.12  2970  1490 40.5 
 893.15  2975  1556 91.5 
 893.19  2980  1623 119.5 
 893.23  2985  1691 115 
 893.26  2990  1758 240.75 
 893.3  2995  1825 330.75 
 893.33  3000  1892 348 
 893.36  3005  1960 447 
 893.38  3010  2027 735.5 
 893.41  3015  2095 1005 
 893.44  3020  2163 885.5 
 893.47  3025  2231 1583.5 
 893.5  3030  2299 2596.5 
 893.53  3035  2367 3138 
 893.55  3040  2435 2972 
 893.58  3045  2503 3900 
 893.61  3050  2572 5385 
 893.64  3055  2640 5689 
 893.67  3060  2709 5312 
 893.7  3065  2777 6482 
 893.73  3070  2846 8545.5 
 893.75  3075  2915 10160 
 893.78  3080  2984 10698 
 893.81  3085  3053 11962.5 
 893.84  3090  3122 10708 
 893.87  3095  3192 11595 
 893.9  3100  3261 11698 
 893.93  3105  3331 18128.5 
 893.95  3110  3400 22454 
 893.98  3115  3470 21831.5 
 894.01  3120  3540 20647 
 894.04  3125  3610 23988.5 
 894.07  3130  3680 25435 
 894.1  3135  3750 25472 
 894.13  3140  3820 30138.5 
 894.16  3145  3890 25592 
 894.18  3150  3961 32936.5 
 894.21  3155  4032 29284 
 894.24  3160  4102 24010 
 894.27  3165  4173 32961 
 894.3  3170  4244 40092.5 
 894.33  3175  4315 42933.5 
 894.36  3180  4386 32826 
 894.39  3185  4457 37515.5 
 894.41  3190  4529 43919 
 894.44  3195  4600 37869.5 
 894.47  3200  4672 45575 
 894.5  3205  4744 52957.5 
 894.53  3210  4815 46299.5 
 894.56  3215  4887 42835.5 
 894.59  3220  4959 49013 
 894.61  3225  5032 42472 
 894.64  3230  5104 39947 
 894.67  3235  5176 46568 
 894.7  3240  5249 53515 
 894.73  3245  5322 55659 
 894.76  3250  5394 51097.5 
 894.79  3255  5467 62006 
 894.82  3260  5540 73765 
 894.85  3265  5614 72087.5 
 894.88  3270  5687 72744 
 894.9  3275  5760 70193.5 
 894.93  3280  5834 65270.5 
 894.96  3285  5907 65286.5 
 894.99  3290  5981 74562.5 
 895.02  3295  6055 84441 
 895.05  3300  6129 85949.5 
 895.08  3305  6203 72251 
 895.11  3310  6278 72422 
 895.13  3315  6352 72015.5 
 895.16  3320  6427 76021 
 895.19  3325  6501 74519 
 895.22  3330  6576 74650 
 895.25  3335  6651 68879.5 
 895.28  3340  6726 70822.5 
 895.31  3345  6801 79203 
 895.34  3350  6877 74256 
 895.36  3355  6952 83768 
 895.39  3360  7028 57657.5 
 895.42  3365  7104 70896.5 
 895.45  3370  7179 57961.5 
 895.48  3375  7255 73436 
 895.51  3380  7332 68491 
 895.54  3385  7408 77831.5 
 895.57  3390  7484 76295.5 
 895.6  3395  7561 76239 
 895.63  3400  7638 88647 
 895.65  3405  7715 78516.5 
 895.68  3410  7792 76088.5 
 895.71  3415  7869 71714.5 
 895.74  3420  7946 83394.5 
 895.77  3425  8024 78731 
 895.8  3430  8101 84632.5 
 895.83  3435  8179 79102 
 895.86  3440  8257 55552 
 895.89  3445  8335 63687 
 895.92  3450  8413 80412.5 
 895.95  3455  8491 78641 
 895.98  3460  8570 68965.5 
 896.01  3465  8648 78020 
 896.03  3470  8727 80598.5 
 896.06  3475  8806 65894 
 896.09  3480  8885 77050 
 896.12  3485  8965 76965 
 896.15  3490  9044 68474.5 
 896.18  3495  9124 71419.5 
 896.21  3500  9203 90627.5 
 896.34  3505  7381 89828.5 
 896.37  3510  7461 82027 
 896.4  3515  7541 74682.5 
 896.43  3520  7621 84842 
 896.46  3525  7702 64140.5 
 896.49  3530  7782 79684 
 896.52  3535  7863 85744.5 
 896.55  3540  7944 89400 
 896.58  3545  8025 90482 
 896.61  3550  8106 91377.5 
 896.64  3555  8187 81470 
 896.66  3560  8268 84435.5 
 896.69  3565  8350 76542.5 
 896.72  3570  8432 60414 
 896.75  3575  8514 73730.5 
 896.78  3580  8596 60953.5 
 896.81  3585  8678 50112 
 896.84  3590  8760 68102 
 896.87  3595  8843 86650 
 896.9  3600  8925 93154.5 
 896.93  3605  9008 74192 
 896.96  3610  9091 66953 
 896.99  3615  9174 78776.5 
 897.02  3620  9258 65108.5 
 897.05  3625  9341 90182.5 
 897.08  3630  9425 81452.5 
end
uxIntegration time is 0.2294 seconds per sampledt  2.7E-08 cy 1dh240119Izana 28.3081 16.4992 2.804185pr770dark 1.75 
 913.17  2900  562 1.5 
 913.2  2905  628 2.5 
 913.24  2910  694 2.75 
 913.27  2915  760 1.5 
 913.31  2920  826 2 
 913.34  2925  892 2.25 
 913.38  2930  958 1 
 913.41  2935  1024 2.5 
 913.45  2940  1090 2.5 
 913.48  2945  1156 3.5 
 913.52  2950  1223 4.5 
 913.56  2955  1289 9.5 
 913.59  2960  1356 17 
 913.63  2965  1423 20.5 
 913.66  2970  1490 27.75 
 913.7  2975  1556 61.5 
 913.73  2980  1623 80.75 
 913.77  2985  1691 82 
 913.81  2990  1758 156.25 
 913.84  2995  1825 244.5 
 913.87  3000  1892 255.5 
 913.9  3005  1960 329 
 913.93  3010  2027 542 
 913.96  3015  2095 759.5 
 913.98  3020  2163 679 
 914.01  3025  2231 1238 
 914.04  3030  2299 2004.5 
 914.07  3035  2367 2458.5 
 914.1  3040  2435 2385 
 914.13  3045  2503 3149.5 
 914.16  3050  2572 4369.5 
 914.18  3055  2640 4650 
 914.21  3060  2709 4424 
 914.24  3065  2777 5297 
 914.27  3070  2846 7075 
 914.3  3075  2915 8540 
 914.33  3080  2984 9006 
 914.36  3085  3053 10114 
 914.38  3090  3122 9134.5 
 914.41  3095  3192 9870.5 
 914.44  3100  3261 10109.5 
 914.47  3105  3331 15636 
 914.5  3110  3400 19320.5 
 914.53  3115  3470 18978 
 914.55  3120  3540 18005 
 914.58  3125  3610 21027.5 
 914.61  3130  3680 22291 
 914.64  3135  3750 22366.5 
 914.67  3140  3820 26543.5 
 914.7  3145  3890 22657 
 914.72  3150  3961 29085 
 914.75  3155  4032 25838.5 
 914.78  3160  4102 21268 
 914.81  3165  4173 29464.5 
 914.84  3170  4244 35804 
 914.87  3175  4315 38350.5 
 914.9  3180  4386 29259 
 914.92  3185  4457 33820 
 914.95  3190  4529 39634.5 
 914.98  3195  4600 33933.5 
 915.01  3200  4672 40901 
 915.04  3205  4744 47575 
 915.07  3210  4815 41960 
 915.1  3215  4887 38725 
 915.12  3220  4959 43959.5 
 915.15  3225  5032 38388 
 915.18  3230  5104 36078.5 
 915.21  3235  5176 42265 
 915.24  3240  5249 48555 
 915.27  3245  5322 50567 
 915.3  3250  5394 46188.5 
 915.33  3255  5467 56198 
 915.35  3260  5540 66906 
 915.38  3265  5614 65501 
 915.41  3270  5687 66182 
 915.44  3275  5760 63633 
 915.47  3280  5834 59213 
 915.5  3285  5907 59423.5 
 915.53  3290  5981 67864 
 915.56  3295  6055 77055.5 
 915.59  3300  6129 78374 
 915.61  3305  6203 65905 
 915.64  3310  6278 66068.5 
 915.67  3315  6352 65520.5 
 915.7  3320  6427 69245.5 
 915.73  3325  6501 68052.5 
 915.76  3330  6576 68114.5 
 915.79  3335  6651 62971 
 915.82  3340  6726 64635.5 
 915.85  3345  6801 72280 
 915.88  3350  6877 67739.5 
 915.9  3355  6952 76592.5 
 915.93  3360  7028 52573 
 915.96  3365  7104 64739.5 
 915.99  3370  7179 52821.5 
 916.02  3375  7255 66806.5 
 916.05  3380  7332 62496 
 916.08  3385  7408 70921 
 916.11  3390  7484 69451 
 916.13  3395  7561 69535.5 
 916.16  3400  7638 80846 
 916.19  3405  7715 71682 
 916.22  3410  7792 69570.5 
 916.25  3415  7869 65490 
 916.28  3420  7946 76339.5 
 916.31  3425  8024 71743.5 
 916.34  3430  8101 77408 
 916.37  3435  8179 72166 
 916.4  3440  8257 50824.5 
 916.42  3445  8335 58002.5 
 916.45  3450  8413 73221.5 
 916.48  3455  8491 71924.5 
 916.51  3460  8570 62952 
 916.54  3465  8648 71192 
 916.57  3470  8727 73716.5 
 916.6  3475  8806 60232.5 
 916.63  3480  8885 70307.5 
 916.65  3485  8965 70219 
 916.68  3490  9044 62321.5 
 916.71  3495  9124 65350 
 916.74  3500  9203 82750.5 
 916.87  3505  7381 82170 
 916.9  3510  7461 74794 
 916.93  3515  7541 68267 
 916.96  3520  7621 77601.5 
 916.99  3525  7702 58719 
 917.02  3530  7782 72824 
 917.05  3535  7863 78251.5 
 917.08  3540  7944 82023 
 917.11  3545  8025 82626.5 
 917.14  3550  8106 83532.5 
 917.17  3555  8187 74417.5 
 917.2  3560  8268 76965 
 917.22  3565  8350 69811 
 917.25  3570  8432 55298 
 917.28  3575  8514 67041 
 917.31  3580  8596 55471.5 
 917.34  3585  8678 45695.5 
 917.37  3590  8760 62023.5 
 917.4  3595  8843 79138 
 917.43  3600  8925 85063 
 917.46  3605  9008 67626.5 
 917.49  3610  9091 60990 
 917.52  3615  9174 71677 
 917.55  3620  9258 59473.5 
 917.58  3625  9341 82218 
 917.61  3630  9425 74196.5 
end
uxIntegration time is 0.2294 seconds per sampledt  2.7E-08 cy 1dh240119Izana 28.3081 16.4992 2.804185pr770dark 2.55 
 940.6  2900  562 3.25 
 940.64  2905  628 1.5 
 940.67  2910  694 2.75 
 940.71  2915  760 1.5 
 940.74  2920  826 1.75 
 940.78  2925  892 1.5 
 940.82  2930  958 3.5 
 940.85  2935  1024 2 
 940.89  2940  1090 2.75 
 940.92  2945  1156 4 
 940.96  2950  1223 2.75 
 940.99  2955  1289 4.5 
 941.03  2960  1356 10.25 
 941.07  2965  1423 10 
 941.1  2970  1490 15.75 
 941.14  2975  1556 30.25 
 941.17  2980  1623 45 
 941.21  2985  1691 47.25 
 941.24  2990  1758 90.75 
 941.28  2995  1825 132.25 
 941.31  3000  1892 144.5 
 941.34  3005  1960 200 
 941.37  3010  2027 343 
 941.4  3015  2095 489 
 941.42  3020  2163 440 
 941.45  3025  2231 806.5 
 941.48  3030  2299 1330 
 941.51  3035  2367 1651.5 
 941.54  3040  2435 1620.5 
 941.57  3045  2503 2192.5 
 941.59  3050  2572 3061.5 
 941.62  3055  2640 3336 
 941.65  3060  2709 3152.5 
 941.68  3065  2777 3874.5 
 941.71  3070  2846 5247.5 
 941.74  3075  2915 6371.5 
 941.76  3080  2984 6821.5 
 941.79  3085  3053 7651 
 941.82  3090  3122 6895.5 
 941.85  3095  3192 7665.5 
 941.88  3100  3261 7868 
 941.91  3105  3331 12237 
 941.94  3110  3400 15236 
 941.97  3115  3470 15010 
 942  3120  3540 14388.5 
 942.02  3125  3610 16912.5 
 942.05  3130  3680 17930 
 942.08  3135  3750 18055.5 
 942.11  3140  3820 21584 
 942.14  3145  3890 18582 
 942.17  3150  3961 23943 
 942.2  3155  4032 21168.5 
 942.22  3160  4102 17506 
 942.25  3165  4173 24447 
 942.28  3170  4244 29912 
 942.31  3175  4315 31778.5 
 942.34  3180  4386 24389.5 
 942.37  3185  4457 28371 
 942.4  3190  4529 33397 
 942.42  3195  4600 28564 
 942.45  3200  4672 34280.5 
 942.48  3205  4744 40214 
 942.51  3210  4815 35669.5 
 942.54  3215  4887 32911.5 
 942.57  3220  4959 37283.5 
 942.6  3225  5032 32270.5 
 942.62  3230  5104 30676.5 
 942.65  3235  5176 36116.5 
 942.68  3240  5249 41542.5 
 942.71  3245  5322 43249.5 
 942.74  3250  5394 39347.5 
 942.77  3255  5467 48088 
 942.8  3260  5540 57292.5 
 942.83  3265  5614 56500 
 942.85  3270  5687 57053 
 942.88  3275  5760 54702 
 942.91  3280  5834 50720 
 942.94  3285  5907 51166 
 942.97  3290  5981 58627.5 
 943  3295  6055 66430.5 
 943.03  3300  6129 67607.5 
 943.06  3305  6203 56888.5 
 943.08  3310  6278 56797 
 943.11  3315  6352 56553 
 943.14  3320  6427 59746.5 
 943.17  3325  6501 58795.5 
 943.2  3330  6576 58883.5 
 943.23  3335  6651 54314.5 
 943.26  3340  6726 55566.5 
 943.29  3345  6801 62290 
 943.32  3350  6877 58586 
 943.35  3355  6952 65930 
 943.37  3360  7028 45439 
 943.4  3365  7104 55771.5 
 943.43  3370  7179 45675 
 943.46  3375  7255 57646 
 943.49  3380  7332 53869.5 
 943.52  3385  7408 61181.5 
 943.55  3390  7484 59964.5 
 943.58  3395  7561 59997.5 
 943.61  3400  7638 69698.5 
 943.63  3405  7715 61780 
 943.66  3410  7792 59995 
 943.69  3415  7869 56611.5 
 943.72  3420  7946 65787 
 943.75  3425  8024 61949 
 943.78  3430  8101 66510 
 943.81  3435  8179 62241 
 943.84  3440  8257 43812.5 
 943.87  3445  8335 49935.5 
 943.9  3450  8413 63069.5 
 943.93  3455  8491 61957 
 943.96  3460  8570 54228 
 943.98  3465  8648 61412.5 
 944.01  3470  8727 63251 
 944.04  3475  8806 51694 
 944.07  3480  8885 60516 
 944.1  3485  8965 60419.5 
 944.13  3490  9044 53703.5 
 944.16  3495  9124 56038.5 
 944.19  3500  9203 71298.5 
 944.32  3505  7381 70905.5 
 944.35  3510  7461 64532 
 944.38  3515  7541 58715.5 
 944.41  3520  7621 66574.5 
 944.44  3525  7702 50521 
 944.47  3530  7782 62589.5 
 944.5  3535  7863 67566 
 944.52  3540  7944 70469.5 
 944.55  3545  8025 71258 
 944.58  3550  8106 72118 
 944.61  3555  8187 64138 
 944.64  3560  8268 66128.5 
 944.67  3565  8350 59832 
 944.7  3570  8432 47602.5 
 944.73  3575  8514 57606 
 944.76  3580  8596 47748 
 944.79  3585  8678 39233 
 944.82  3590  8760 53343 
 944.85  3595  8843 67783 
 944.88  3600  8925 73050 
 944.91  3605  9008 58089.5 
 944.94  3610  9091 52386.5 
 944.97  3615  9174 61526.5 
 944.99  3620  9258 51054 
 945.02  3625  9341 70361 
 945.05  3630  9425 63773.5 
end
uxIntegration time is 0.2294 seconds per sampledt  2.7E-08 cy 1dh240119Izana 28.3081 16.4992 2.804185pr770dark 2.25 
 954.5  2900  562 1.75 
 954.54  2905  628 2.5 
 954.58  2910  694 1.75 
 954.61  2915  760 2 
 954.65  2920  826 1 
 954.68  2925  892 1.5 
 954.72  2930  958 1.75 
 954.75  2935  1024 2 
 954.79  2940  1090 2.5 
 954.83  2945  1156 1.75 
 954.86  2950  1223 4 
 954.9  2955  1289 4.5 
 954.93  2960  1356 7 
 954.97  2965  1423 7.25 
 955  2970  1490 9.75 
 955.04  2975  1556 22.25 
 955.08  2980  1623 30.25 
 955.11  2985  1691 33.25 
 955.15  2990  1758 61.5 
 955.18  2995  1825 93.75 
 955.21  3000  1892 104 
 955.24  3005  1960 143.5 
 955.27  3010  2027 245.5 
 955.3  3015  2095 355.5 
 955.33  3020  2163 329.5 
 955.35  3025  2231 604.5 
 955.38  3030  2299 1040 
 955.41  3035  2367 1312 
 955.44  3040  2435 1264.5 
 955.47  3045  2503 1699 
 955.5  3050  2572 2431.5 
 955.53  3055  2640 2700 
 955.55  3060  2709 2546 
 955.58  3065  2777 3116 
 955.61  3070  2846 4300.5 
 955.64  3075  2915 5313.5 
 955.67  3080  2984 5678 
 955.7  3085  3053 6376 
 955.72  3090  3122 5786.5 
 955.75  3095  3192 6533 
 955.78  3100  3261 6725.5 
 955.81  3105  3331 10417 
 955.84  3110  3400 13052 
 955.87  3115  3470 12814 
 955.9  3120  3540 12427.5 
 955.92  3125  3610 14623 
 955.95  3130  3680 15665 
 955.98  3135  3750 15714 
 956.01  3140  3820 18821.5 
 956.04  3145  3890 16369 
 956.07  3150  3961 21004 
 956.09  3155  4032 18633 
 956.12  3160  4102 15600.5 
 956.15  3165  4173 21663 
 956.18  3170  4244 26411 
 956.21  3175  4315 28000 
 956.24  3180  4386 21559 
 956.26  3185  4457 25311 
 956.29  3190  4529 29907.5 
 956.32  3195  4600 25516.5 
 956.35  3200  4672 30634 
 956.38  3205  4744 36051.5 
 956.41  3210  4815 31980.5 
 956.44  3215  4887 29712.5 
 956.46  3220  4959 33396 
 956.49  3225  5032 29039 
 956.52  3230  5104 27525.5 
 956.55  3235  5176 32576.5 
 956.58  3240  5249 37530.5 
 956.61  3245  5322 39003.5 
 956.64  3250  5394 35463.5 
 956.66  3255  5467 43100 
 956.69  3260  5540 51820 
 956.72  3265  5614 51099.5 
 956.75  3270  5687 51563.5 
 956.78  3275  5760 49592.5 
 956.81  3280  5834 45603 
 956.84  3285  5907 46218.5 
 956.86  3290  5981 53016 
 956.89  3295  6055 60361.5 
 956.92  3300  6129 61478.5 
 956.95  3305  6203 51281.5 
 956.98  3310  6278 51342.5 
 957.01  3315  6352 51214.5 
 957.04  3320  6427 54283 
 957.07  3325  6501 53290 
 957.1  3330  6576 53198 
 957.12  3335  6651 49073 
 957.15  3340  6726 50352.5 
 957.18  3345  6801 56520.5 
 957.21  3350  6877 53151.5 
 957.24  3355  6952 59897 
 957.27  3360  7028 41164 
 957.3  3365  7104 50447 
 957.33  3370  7179 41330.5 
 957.36  3375  7255 52188 
 957.38  3380  7332 48789 
 957.41  3385  7408 55716 
 957.44  3390  7484 54491.5 
 957.47  3395  7561 54343.5 
 957.5  3400  7638 63090 
 957.53  3405  7715 55978 
 957.56  3410  7792 54530 
 957.59  3415  7869 51315.5 
 957.62  3420  7946 59587 
 957.65  3425  8024 56160.5 
 957.67  3430  8101 60642 
 957.7  3435  8179 56348.5 
 957.73  3440  8257 39633 
 957.76  3445  8335 45377 
 957.79  3450  8413 57330 
 957.82  3455  8491 56159 
 957.85  3460  8570 49138 
 957.88  3465  8648 55824.5 
 957.91  3470  8727 57446.5 
 957.94  3475  8806 47032.5 
 957.97  3480  8885 54630 
 958  3485  8965 54756.5 
 958.02  3490  9044 48634 
 958.05  3495  9124 50909.5 
 958.08  3500  9203 64526 
 958.22  3505  7381 64413.5 
 958.25  3510  7461 58507 
 958.27  3515  7541 53279 
 958.3  3520  7621 60507.5 
 958.33  3525  7702 45837 
 958.36  3530  7782 56783 
 958.39  3535  7863 61190.5 
 958.42  3540  7944 63813.5 
 958.45  3545  8025 64527 
 958.48  3550  8106 65159.5 
 958.51  3555  8187 57861 
 958.54  3560  8268 59747.5 
 958.57  3565  8350 54251 
 958.6  3570  8432 42840 
 958.63  3575  8514 51973 
 958.65  3580  8596 43057 
 958.68  3585  8678 35580.5 
 958.71  3590  8760 48234.5 
 958.74  3595  8843 61467 
 958.77  3600  8925 65984 
 958.8  3605  9008 52485.5 
 958.83  3610  9091 47180.5 
 958.86  3615  9174 55626 
 958.89  3620  9258 46045.5 
 958.92  3625  9341 63613.5 
 958.95  3630  9425 57754.5 
end
uxIntegration time is 0.2294 seconds per sampledt  2.7E-08 cy 1dh240119Izana 28.3081 16.4992 2.804185pr770dark 1.75 
 974.99  2900  562 7.75 
 975.02  2905  628 1.75 
 975.06  2910  694 2 
 975.09  2915  760 1.75 
 975.13  2920  826 1.75 
 975.16  2925  892 1.75 
 975.2  2930  958 1 
 975.24  2935  1024 1.75 
 975.27  2940  1090 2.25 
 975.31  2945  1156 2 
 975.34  2950  1223 1 
 975.38  2955  1289 2.25 
 975.41  2960  1356 4.25 
 975.45  2965  1423 3.5 
 975.49  2970  1490 5.25 
 975.52  2975  1556 13.25 
 975.56  2980  1623 12.5 
 975.59  2985  1691 17.25 
 975.63  2990  1758 33.5 
 975.66  2995  1825 54.75 
 975.69  3000  1892 55.5 
 975.72  3005  1960 79 
 975.75  3010  2027 137 
 975.78  3015  2095 212 
 975.81  3020  2163 189 
 975.84  3025  2231 358.5 
 975.86  3030  2299 630.5 
 975.89  3035  2367 807.5 
 975.92  3040  2435 815.5 
 975.95  3045  2503 1103 
 975.98  3050  2572 1639.5 
 976.01  3055  2640 1832 
 976.03  3060  2709 1746 
 976.06  3065  2777 2147.5 
 976.09  3070  2846 3032 
 976.12  3075  2915 3820 
 976.15  3080  2984 4093.5 
 976.18  3085  3053 4642.5 
 976.2  3090  3122 4237 
 976.23  3095  3192 4839 
 976.26  3100  3261 4995 
 976.29  3105  3331 7921.5 
 976.32  3110  3400 9856 
 976.35  3115  3470 9779 
 976.38  3120  3540 9603.5 
 976.4  3125  3610 11346.5 
 976.43  3130  3680 12181.5 
 976.46  3135  3750 12215 
 976.49  3140  3820 14876.5 
 976.52  3145  3890 13080.5 
 976.55  3150  3961 16803 
 976.58  3155  4032 14789 
 976.61  3160  4102 12460.5 
 976.63  3165  4173 17410.5 
 976.66  3170  4244 21362.5 
 976.69  3175  4315 22775.5 
 976.72  3180  4386 17536.5 
 976.75  3185  4457 20718 
 976.78  3190  4529 24544.5 
 976.81  3195  4600 20809 
 976.83  3200  4672 24900.5 
 976.86  3205  4744 29602.5 
 976.89  3210  4815 26616.5 
 976.92  3215  4887 24571 
 976.95  3220  4959 27596.5 
 976.98  3225  5032 23906 
 977  3230  5104 22794.5 
 977.03  3235  5176 27224.5 
 977.06  3240  5249 31436 
 977.09  3245  5322 32527.5 
 977.12  3250  5394 29550.5 
 977.15  3255  5467 35995.5 
 977.18  3260  5540 43389 
 977.2  3265  5614 42955.5 
 977.23  3270  5687 43558.5 
 977.26  3275  5760 41585.5 
 977.29  3280  5834 38194 
 977.32  3285  5907 38658 
 977.35  3290  5981 44850 
 977.38  3295  6055 50916 
 977.4  3300  6129 51697 
 977.43  3305  6203 43164.5 
 977.46  3310  6278 43152 
 977.49  3315  6352 42985 
 977.52  3320  6427 45881.5 
 977.55  3325  6501 45135 
 977.58  3330  6576 45116.5 
 977.61  3335  6651 41409.5 
 977.64  3340  6726 42398.5 
 977.67  3345  6801 47698 
 977.69  3350  6877 44862 
 977.72  3355  6952 50724.5 
 977.75  3360  7028 34917.5 
 977.78  3365  7104 42713 
 977.81  3370  7179 34732 
 977.84  3375  7255 43802.5 
 977.87  3380  7332 41251.5 
 977.89  3385  7408 46960.5 
 977.92  3390  7484 45969 
 977.95  3395  7561 45892.5 
 977.98  3400  7638 53415.5 
 978.01  3405  7715 47283.5 
 978.04  3410  7792 46064.5 
 978.08  3415  7869 43298 
 978.12  3420  7946 50625.5 
 978.15  3425  8024 47401.5 
 978.18  3430  8101 51195 
 978.21  3435  8179 47575.5 
 978.24  3440  8257 33324.5 
 978.27  3445  8335 38152 
 978.3  3450  8413 48249 
 978.33  3455  8491 47326.5 
 978.36  3460  8570 41330 
 978.38  3465  8648 46831 
 978.41  3470  8727 48355 
 978.44  3475  8806 39569 
 978.47  3480  8885 46085 
 978.5  3485  8965 46151 
 978.53  3490  9044 40933 
 978.56  3495  9124 42821.5 
 978.59  3500  9203 54246 
 978.73  3505  7381 54341.5 
 978.77  3510  7461 49344.5 
 978.8  3515  7541 44862 
 978.83  3520  7621 50928.5 
 978.86  3525  7702 38674.5 
 978.89  3530  7782 47857 
 978.92  3535  7863 51443 
 978.95  3540  7944 53707 
 978.98  3545  8025 54270.5 
 979.01  3550  8106 54713.5 
 979.04  3555  8187 48897.5 
 979.06  3560  8268 50430.5 
 979.09  3565  8350 45717.5 
 979.12  3570  8432 36064.5 
 979.15  3575  8514 43719.5 
 979.18  3580  8596 36106.5 
 979.21  3585  8678 29835 
 979.24  3590  8760 40453 
 979.27  3595  8843 51448 
 979.3  3600  8925 55560 
 979.33  3605  9008 44304 
 979.36  3610  9091 39702 
 979.39  3615  9174 46782 
 979.42  3620  9258 38717 
 979.45  3625  9341 53349 
 979.47  3630  9425 48487 
end
uxIntegration time is 0.2294 seconds per sampledt  2.7E-08 cy 1dh240119Izana 28.3081 16.4992 2.804185pr770dark 2.3 
 1017.5  2900  562 2 
 1017.54  2905  628 1 
 1017.57  2910  694 2.5 
 1017.61  2915  760 1.5 
 1017.65  2920  826 1.75 
 1017.68  2925  892 1.25 
 1017.72  2930  958 2.75 
 1017.75  2935  1024 1.75 
 1017.79  2940  1090 3.25 
 1017.82  2945  1156 1 
 1017.86  2950  1223 2.5 
 1017.9  2955  1289 .5 
 1017.93  2960  1356 2.5 
 1017.97  2965  1423 2.75 
 1018  2970  1490 2.75 
 1018.04  2975  1556 4 
 1018.07  2980  1623 4.5 
 1018.11  2985  1691 5 
 1018.15  2990  1758 8.25 
 1018.18  2995  1825 13.25 
 1018.21  3000  1892 9.5 
 1018.24  3005  1960 21.5 
 1018.27  3010  2027 31.5 
 1018.3  3015  2095 46 
 1018.32  3020  2163 48 
 1018.35  3025  2231 92 
 1018.38  3030  2299 174 
 1018.41  3035  2367 226 
 1018.44  3040  2435 220.5 
 1018.46  3045  2503 318 
 1018.49  3050  2572 500.5 
 1018.52  3055  2640 606 
 1018.55  3060  2709 583.5 
 1018.58  3065  2777 756.5 
 1018.61  3070  2846 1099.5 
 1018.64  3075  2915 1458.5 
 1018.67  3080  2984 1605 
 1018.69  3085  3053 1858 
 1018.72  3090  3122 1728 
 1018.75  3095  3192 2132.5 
 1018.78  3100  3261 2254.5 
 1018.81  3105  3331 3589.5 
 1018.84  3110  3400 4614.5 
 1018.87  3115  3470 4635.5 
 1018.89  3120  3540 4712 
 1018.92  3125  3610 5803 
 1018.95  3130  3680 6317 
 1018.98  3135  3750 6297 
 1019.01  3140  3820 7807.5 
 1019.04  3145  3890 7105.5 
 1019.07  3150  3961 9247 
 1019.1  3155  4032 8123.5 
 1019.12  3160  4102 7018.5 
 1019.15  3165  4173 10135.5 
 1019.18  3170  4244 12282.5 
 1019.21  3175  4315 13073 
 1019.24  3180  4386 10232.5 
 1019.27  3185  4457 12566 
 1019.3  3190  4529 15042 
 1019.32  3195  4600 12637.5 
 1019.35  3200  4672 14985.5 
 1019.38  3205  4744 18271.5 
 1019.41  3210  4815 16819.5 
 1019.44  3215  4887 15675.5 
 1019.47  3220  4959 17236.5 
 1019.5  3225  5032 14809 
 1019.52  3230  5104 14348 
 1019.55  3235  5176 17626 
 1019.58  3240  5249 20445.5 
 1019.61  3245  5322 21108.5 
 1019.64  3250  5394 18735.5 
 1019.67  3255  5467 23202.5 
 1019.7  3260  5540 28489.5 
 1019.72  3265  5614 28512 
 1019.75  3270  5687 28840 
 1019.78  3275  5760 27308 
 1019.81  3280  5834 24790.5 
 1019.84  3285  5907 25524 
 1019.87  3290  5981 29857.5 
 1019.9  3295  6055 34376 
 1019.93  3300  6129 34790 
 1019.95  3305  6203 28748 
 1019.98  3310  6278 28427 
 1020.01  3315  6352 28600 
 1020.04  3320  6427 30782.5 
 1020.07  3325  6501 30393.5 
 1020.1  3330  6576 30391.5 
 1020.13  3335  6651 27744 
 1020.16  3340  6726 28344.5 
 1020.19  3345  6801 32256.5 
 1020.21  3350  6877 30335 
 1020.24  3355  6952 34415 
 1020.27  3360  7028 23670 
 1020.3  3365  7104 28778.5 
 1020.33  3370  7179 23382 
 1020.36  3375  7255 29284.5 
 1020.39  3380  7332 27816 
 1020.41  3385  7408 31821 
 1020.44  3390  7484 31189.5 
 1020.47  3395  7561 31032 
 1020.5  3400  7638 35978.5 
 1020.53  3405  7715 31920 
 1020.56  3410  7792 31099.5 
 1020.59  3415  7869 29292 
 1020.62  3420  7946 34173.5 
 1020.65  3425  8024 32065.5 
 1020.68  3430  8101 34598.5 
 1020.71  3435  8179 32276.5 
 1020.74  3440  8257 22526.5 
 1020.77  3445  8335 25728.5 
 1020.79  3450  8413 32681 
 1020.82  3455  8491 31970.5 
 1020.85  3460  8570 28130 
 1020.88  3465  8648 31713 
 1020.91  3470  8727 32702.5 
 1020.94  3475  8806 26821.5 
 1020.97  3480  8885 31107 
 1021  3485  8965 31167.5 
 1021.03  3490  9044 27459 
 1021.05  3495  9124 28984.5 
 1021.08  3500  9203 36677 
 1021.22  3505  7381 36810 
 1021.25  3510  7461 33436 
 1021.27  3515  7541 30333 
 1021.3  3520  7621 34434 
 1021.33  3525  7702 26154 
 1021.36  3530  7782 32192 
 1021.39  3535  7863 34762.5 
 1021.42  3540  7944 36359.5 
 1021.45  3545  8025 36669.5 
 1021.48  3550  8106 37070 
 1021.51  3555  8187 32938.5 
 1021.54  3560  8268 34026 
 1021.57  3565  8350 30894.5 
 1021.6  3570  8432 24376 
 1021.63  3575  8514 29355 
 1021.66  3580  8596 24486 
 1021.68  3585  8678 20158 
 1021.71  3590  8760 27210 
 1021.74  3595  8843 34584 
 1021.77  3600  8925 37336 
 1021.8  3605  9008 29809.5 
 1021.83  3610  9091 26654.5 
 1021.86  3615  9174 31350.5 
 1021.89  3620  9258 25917 
 1021.92  3625  9341 35876.5 
 1021.95  3630  9425 32646 
end
uxIntegration time is 0.2294 seconds per sampledt  2.7E-08 cy 1dh240119Izana 28.3081 16.4992 2.804185pr770dark 1.15 
 1048.65  2900  562 1 
 1048.69  2905  628 1.75 
 1048.72  2910  694 2 
 1048.76  2915  760 3 
 1048.79  2920  826 2.75 
 1048.83  2925  892 2.5 
 1048.86  2930  958 1.5 
 1048.9  2935  1024 1.25 
 1048.94  2940  1090 1 
 1048.97  2945  1156 1.75 
 1049.01  2950  1223 2.25 
 1049.04  2955  1289 2.25 
 1049.08  2960  1356 2.25 
 1049.11  2965  1423 2 
 1049.15  2970  1490 1.75 
 1049.19  2975  1556 2.5 
 1049.22  2980  1623 3 
 1049.26  2985  1691 3 
 1049.29  2990  1758 3.5 
 1049.33  2995  1825 4.5 
 1049.36  3000  1892 4.5 
 1049.38  3005  1960 7 
 1049.41  3010  2027 10 
 1049.44  3015  2095 14 
 1049.47  3020  2163 12 
 1049.5  3025  2231 26.5 
 1049.53  3030  2299 41.5 
 1049.55  3035  2367 59.5 
 1049.58  3040  2435 61 
 1049.61  3045  2503 85.5 
 1049.64  3050  2572 146.5 
 1049.67  3055  2640 163.5 
 1049.7  3060  2709 157 
 1049.72  3065  2777 209 
 1049.75  3070  2846 320 
 1049.78  3075  2915 461.5 
 1049.81  3080  2984 499.5 
 1049.84  3085  3053 608.5 
 1049.87  3090  3122 578 
 1049.89  3095  3192 762 
 1049.92  3100  3261 850 
 1049.95  3105  3331 1371.5 
 1049.98  3110  3400 1768.5 
 1050.01  3115  3470 1816 
 1050.04  3120  3540 1976.5 
 1050.07  3125  3610 2503.5 
 1050.1  3130  3680 2775 
 1050.12  3135  3750 2685 
 1050.15  3140  3820 3513.5 
 1050.18  3145  3890 3362.5 
 1050.21  3150  3961 4509 
 1050.24  3155  4032 3890.5 
 1050.27  3160  4102 3428.5 
 1050.3  3165  4173 5186.5 
 1050.32  3170  4244 6315 
 1050.35  3175  4315 6683 
 1050.38  3180  4386 5394.5 
 1050.41  3185  4457 6848.5 
 1050.44  3190  4529 8467 
 1050.47  3195  4600 6853 
 1050.5  3200  4672 8195.5 
 1050.53  3205  4744 10260 
 1050.55  3210  4815 9751 
 1050.58  3215  4887 9239 
 1050.61  3220  4959 9827.5 
 1050.64  3225  5032 8446 
 1050.67  3230  5104 8372 
 1050.7  3235  5176 10723.5 
 1050.73  3240  5249 12629 
 1050.75  3245  5322 12703 
 1050.78  3250  5394 11068.5 
 1050.81  3255  5467 13866.5 
 1050.84  3260  5540 17499 
 1050.87  3265  5614 18006.5 
 1050.9  3270  5687 18019 
 1050.92  3275  5760 16867 
 1050.95  3280  5834 15131.5 
 1050.98  3285  5907 15884 
 1051.01  3290  5981 19119 
 1051.04  3295  6055 22001 
 1051.07  3300  6129 22148.5 
 1051.1  3305  6203 18296 
 1051.13  3310  6278 17881 
 1051.15  3315  6352 18163 
 1051.18  3320  6427 19803 
 1051.21  3325  6501 19712.5 
 1051.24  3330  6576 19626.5 
 1051.27  3335  6651 17840.5 
 1051.3  3340  6726 18137.5 
 1051.33  3345  6801 20725 
 1051.36  3350  6877 19763 
 1051.39  3355  6952 22509 
 1051.41  3360  7028 15427 
 1051.44  3365  7104 18784 
 1051.47  3370  7179 15115 
 1051.5  3375  7255 18893.5 
 1051.53  3380  7332 18204 
 1051.56  3385  7408 20816 
 1051.59  3390  7484 20516 
 1051.62  3395  7561 20471.5 
 1051.65  3400  7638 23541.5 
 1051.67  3405  7715 20879.5 
 1051.7  3410  7792 20451 
 1051.73  3415  7869 19351.5 
 1051.76  3420  7946 22603 
 1051.79  3425  8024 21219 
 1051.82  3430  8101 22843 
 1051.85  3435  8179 21156 
 1051.88  3440  8257 14901 
 1051.91  3445  8335 16949 
 1051.94  3450  8413 21640.5 
 1051.96  3455  8491 21183 
 1051.99  3460  8570 18631 
 1052.02  3465  8648 21010 
 1052.05  3470  8727 21558 
 1052.08  3475  8806 17695.5 
 1052.11  3480  8885 20699.5 
 1052.14  3485  8965 20724 
 1052.17  3490  9044 18305.5 
 1052.2  3495  9124 19274.5 
 1052.22  3500  9203 24393 
 1052.36  3505  7381 24436 
 1052.39  3510  7461 22116 
 1052.42  3515  7541 20197.5 
 1052.44  3520  7621 22960.5 
 1052.47  3525  7702 17517 
 1052.5  3530  7782 21583 
 1052.53  3535  7863 23224 
 1052.56  3540  7944 24337.5 
 1052.59  3545  8025 24410 
 1052.62  3550  8106 24777 
 1052.65  3555  8187 21946.5 
 1052.68  3560  8268 22643.5 
 1052.71  3565  8350 20634.5 
 1052.74  3570  8432 16287.5 
 1052.77  3575  8514 19617 
 1052.79  3580  8596 16286 
 1052.82  3585  8678 13488.5 
 1052.85  3590  8760 18154 
 1052.88  3595  8843 23107.5 
 1052.91  3600  8925 24876.5 
 1052.94  3605  9008 19851.5 
 1052.97  3610  9091 17843.5 
 1053  3615  9174 21002 
 1053.04  3620  9258 17402 
 1053.09  3625  9341 24011 
 1053.13  3630  9425 21823.5 
end
uxIntegration time is 0.2294 seconds per sampledt  2.7E-08 cy 1dh240119Izana 28.3081 16.4992 2.804185pr770dark 2.45 
 1062.62  2900  562 .75 
 1062.66  2905  628 .75 
 1062.69  2910  694 2 
 1062.73  2915  760 2.75 
 1062.76  2920  826 1.75 
 1062.8  2925  892 2.5 
 1062.84  2930  958 1 
 1062.87  2935  1024 2.25 
 1062.91  2940  1090 1 
 1062.94  2945  1156 .75 
 1062.98  2950  1223 2 
 1063.01  2955  1289 1.5 
 1063.05  2960  1356 2.5 
 1063.09  2965  1423 2 
 1063.12  2970  1490 1.5 
 1063.16  2975  1556 2.25 
 1063.19  2980  1623 3 
 1063.23  2985  1691 2.25 
 1063.26  2990  1758 2.75 
 1063.3  2995  1825 5.5 
 1063.33  3000  1892 3 
 1063.36  3005  1960 4.5 
 1063.38  3010  2027 7.5 
 1063.41  3015  2095 12.5 
 1063.44  3020  2163 8 
 1063.47  3025  2231 14.5 
 1063.5  3030  2299 26.5 
 1063.53  3035  2367 33.5 
 1063.55  3040  2435 34.5 
 1063.58  3045  2503 47 
 1063.61  3050  2572 66.5 
 1063.64  3055  2640 83 
 1063.67  3060  2709 80 
 1063.7  3065  2777 100 
 1063.72  3070  2846 157.5 
 1063.75  3075  2915 227.5 
 1063.78  3080  2984 253.5 
 1063.81  3085  3053 306 
 1063.84  3090  3122 290 
 1063.87  3095  3192 410.5 
 1063.9  3100  3261 452 
 1063.92  3105  3331 735 
 1063.95  3110  3400 976 
 1063.98  3115  3470 980.5 
 1064.01  3120  3540 1080 
 1064.04  3125  3610 1405.5 
 1064.07  3130  3680 1608 
 1064.09  3135  3750 1573 
 1064.12  3140  3820 2071.5 
 1064.15  3145  3890 2103.5 
 1064.18  3150  3961 2777 
 1064.21  3155  4032 2406 
 1064.24  3160  4102 2179 
 1064.27  3165  4173 3337.5 
 1064.3  3170  4244 4124 
 1064.32  3175  4315 4283 
 1064.35  3180  4386 3463 
 1064.38  3185  4457 4615 
 1064.41  3190  4529 5747.5 
 1064.44  3195  4600 4630.5 
 1064.47  3200  4672 5464.5 
 1064.5  3205  4744 7068 
 1064.53  3210  4815 6911.5 
 1064.55  3215  4887 6514.5 
 1064.58  3220  4959 6780.5 
 1064.61  3225  5032 5864 
 1064.64  3230  5104 5970 
 1064.67  3235  5176 7796 
 1064.7  3240  5249 9217.5 
 1064.73  3245  5322 9285 
 1064.75  3250  5394 7896 
 1064.78  3255  5467 9984.5 
 1064.81  3260  5540 12909.5 
 1064.84  3265  5614 13396 
 1064.87  3270  5687 13428.5 
 1064.9  3275  5760 12464.5 
 1064.93  3280  5834 10942.5 
 1064.96  3285  5907 11690 
 1064.99  3290  5981 14381 
 1065.01  3295  6055 16667.5 
 1065.04  3300  6129 16738.5 
 1065.07  3305  6203 13460 
 1065.1  3310  6278 13283.5 
 1065.13  3315  6352 13488.5 
 1065.16  3320  6427 14989 
 1065.19  3325  6501 15065 
 1065.22  3330  6576 14836 
 1065.24  3335  6651 13399 
 1065.27  3340  6726 13661 
 1065.3  3345  6801 15859.5 
 1065.33  3350  6877 15067.5 
 1065.36  3355  6952 17212.5 
 1065.39  3360  7028 11845.5 
 1065.42  3365  7104 14256 
 1065.45  3370  7179 11558 
 1065.48  3375  7255 14466.5 
 1065.5  3380  7332 13802 
 1065.53  3385  7408 15880 
 1065.56  3390  7484 15785 
 1065.59  3395  7561 15725.5 
 1065.62  3400  7638 18092 
 1065.65  3405  7715 16130.5 
 1065.68  3410  7792 15765 
 1065.71  3415  7869 14856.5 
 1065.74  3420  7946 17348 
 1065.77  3425  8024 16341 
 1065.79  3430  8101 17602 
 1065.82  3435  8179 16317.5 
 1065.85  3440  8257 11394 
 1065.88  3445  8335 13065.5 
 1065.91  3450  8413 16598 
 1065.94  3455  8491 16451.5 
 1065.97  3460  8570 14383 
 1066  3465  8648 16237.5 
 1066.03  3470  8727 16693.5 
 1066.06  3475  8806 13634.5 
 1066.09  3480  8885 15926 
 1066.11  3485  8965 16057 
 1066.14  3490  9044 14231.5 
 1066.17  3495  9124 14945.5 
 1066.2  3500  9203 18875.5 
 1066.33  3505  7381 18920 
 1066.36  3510  7461 17261.5 
 1066.39  3515  7541 15562.5 
 1066.42  3520  7621 17760 
 1066.45  3525  7702 13466 
 1066.48  3530  7782 16705.5 
 1066.51  3535  7863 17947.5 
 1066.54  3540  7944 18858 
 1066.57  3545  8025 19059 
 1066.6  3550  8106 19282.5 
 1066.63  3555  8187 17106.5 
 1066.65  3560  8268 17594.5 
 1066.68  3565  8350 16019 
 1066.71  3570  8432 12600 
 1066.74  3575  8514 15230 
 1066.77  3580  8596 12631.5 
 1066.8  3585  8678 10507.5 
 1066.83  3590  8760 14055.5 
 1066.86  3595  8843 18022.5 
 1066.89  3600  8925 19396 
 1066.92  3605  9008 15417 
 1066.94  3610  9091 13837.5 
 1066.97  3615  9174 16209.5 
 1067  3620  9258 13571 
 1067.03  3625  9341 18717 
 1067.06  3630  9425 17070.5 
end
uxIntegration time is 0.2294 seconds per sampledt  2.7E-08 cy 1dh240119Izana 28.3081 16.4992 2.804185pr770dark 1.9 
 1093.59  2900  562 2 
 1093.63  2905  628 1.25 
 1093.66  2910  694 2 
 1093.7  2915  760 2 
 1093.74  2920  826 .5 
 1093.77  2925  892 .5 
 1093.81  2930  958 7.25 
 1093.84  2935  1024 1.25 
 1093.88  2940  1090 3 
 1093.91  2945  1156 2 
 1093.95  2950  1223 1.5 
 1093.99  2955  1289 2.5 
 1094.02  2960  1356 1 
 1094.06  2965  1423 1 
 1094.09  2970  1490 3 
 1094.13  2975  1556 1.75 
 1094.16  2980  1623 1.25 
 1094.2  2985  1691 3 
 1094.24  2990  1758 2 
 1094.27  2995  1825 3.75 
 1094.3  3000  1892 4 
 1094.33  3005  1960 2.5 
 1094.36  3010  2027 5 
 1094.38  3015  2095 5 
 1094.41  3020  2163 5.5 
 1094.44  3025  2231 6 
 1094.47  3030  2299 11 
 1094.5  3035  2367 15.5 
 1094.53  3040  2435 13 
 1094.55  3045  2503 17.5 
 1094.58  3050  2572 23 
 1094.61  3055  2640 21 
 1094.64  3060  2709 22.5 
 1094.67  3065  2777 30 
 1094.7  3070  2846 40.5 
 1094.72  3075  2915 50.5 
 1094.75  3080  2984 50.5 
 1094.78  3085  3053 67.5 
 1094.81  3090  3122 56 
 1094.84  3095  3192 69.5 
 1094.87  3100  3261 77.5 
 1094.9  3105  3331 130.5 
 1094.92  3110  3400 161.5 
 1094.95  3115  3470 161 
 1094.98  3120  3540 183.5 
 1095.01  3125  3610 235.5 
 1095.04  3130  3680 257 
 1095.07  3135  3750 264.5 
 1095.09  3140  3820 339 
 1095.12  3145  3890 352 
 1095.15  3150  3961 503.5 
 1095.18  3155  4032 422 
 1095.21  3160  4102 394.5 
 1095.24  3165  4173 660.5 
 1095.27  3170  4244 809 
 1095.29  3175  4315 831.5 
 1095.32  3180  4386 712.5 
 1095.35  3185  4457 1046.5 
 1095.38  3190  4529 1380.5 
 1095.41  3195  4600 1010.5 
 1095.44  3200  4672 1203.5 
 1095.47  3205  4744 1719.5 
 1095.49  3210  4815 1846.5 
 1095.52  3215  4887 1761.5 
 1095.55  3220  4959 1716.5 
 1095.58  3225  5032 1425 
 1095.61  3230  5104 1558.5 
 1095.64  3235  5176 2338.5 
 1095.66  3240  5249 2825 
 1095.69  3245  5322 2727.5 
 1095.72  3250  5394 2164 
 1095.75  3255  5467 2862 
 1095.78  3260  5540 3926 
 1095.81  3265  5614 4372 
 1095.84  3270  5687 4408 
 1095.86  3275  5760 3922.5 
 1095.89  3280  5834 3203.5 
 1095.92  3285  5907 3697.5 
 1095.95  3290  5981 4961 
 1095.98  3295  6055 5791.5 
 1096.01  3300  6129 5772.5 
 1096.04  3305  6203 4460 
 1096.06  3310  6278 4257 
 1096.09  3315  6352 4458 
 1096.12  3320  6427 5318.5 
 1096.15  3325  6501 5390 
 1096.18  3330  6576 5294 
 1096.21  3335  6651 4649 
 1096.24  3340  6726 4661 
 1096.27  3345  6801 5613.5 
 1096.3  3350  6877 5477.5 
 1096.32  3355  6952 6346.5 
 1096.35  3360  7028 4306 
 1096.38  3365  7104 5104 
 1096.41  3370  7179 4042.5 
 1096.44  3375  7255 5026.5 
 1096.47  3380  7332 5016.5 
 1096.5  3385  7408 5839 
 1096.52  3390  7484 5827.5 
 1096.55  3395  7561 5753 
 1096.58  3400  7638 6544.5 
 1096.61  3405  7715 5842 
 1096.64  3410  7792 5827.5 
 1096.67  3415  7869 5506 
 1096.7  3420  7946 6448 
 1096.73  3425  8024 6071.5 
 1096.76  3430  8101 6540.5 
 1096.79  3435  8179 6032 
 1096.81  3440  8257 4149 
 1096.84  3445  8335 4802.5 
 1096.87  3450  8413 6184.5 
 1096.9  3455  8491 6095 
 1096.93  3460  8570 5326.5 
 1096.96  3465  8648 6042 
 1096.99  3470  8727 6194 
 1097.02  3475  8806 5047.5 
 1097.05  3480  8885 5985.5 
 1097.07  3485  8965 5997.5 
 1097.1  3490  9044 5322 
 1097.13  3495  9124 5582.5 
 1097.16  3500  9203 7043.5 
 1097.29  3505  7381 7086.5 
 1097.32  3510  7461 6414 
 1097.35  3515  7541 5795.5 
 1097.38  3520  7621 6608 
 1097.41  3525  7702 5034.5 
 1097.44  3530  7782 6294.5 
 1097.47  3535  7863 6750 
 1097.5  3540  7944 7031 
 1097.53  3545  8025 7088.5 
 1097.56  3550  8106 7143.5 
 1097.59  3555  8187 6404 
 1097.62  3560  8268 6581 
 1097.65  3565  8350 5990.5 
 1097.68  3570  8432 4719.5 
 1097.7  3575  8514 5658.5 
 1097.73  3580  8596 4719 
 1097.76  3585  8678 3911 
 1097.79  3590  8760 5327 
 1097.82  3595  8843 6722 
 1097.85  3600  8925 7237 
 1097.88  3605  9008 5791 
 1097.91  3610  9091 5207 
 1097.94  3615  9174 6090 
 1097.97  3620  9258 5017.5 
 1098  3625  9341 6992 
 1098.03  3630  9425 6373 
end
uxIntegration time is 0.2294 seconds per sampledt  2.7E-08 cy 1dh240119Izana 28.3081 16.4992 2.750537pr770dark 1.2 
 1161.7  2900  562 1.75 
 1161.73  2905  628 2 
 1161.77  2910  694 2.25 
 1161.8  2915  760 .75 
 1161.84  2920  826 1.25 
 1161.87  2925  892 2.25 
 1161.91  2930  958 1.75 
 1161.94  2935  1024 2 
 1161.98  2940  1090 1.25 
 1162.02  2945  1156 .75 
 1162.05  2950  1223 2.5 
 1162.09  2955  1289 1.25 
 1162.12  2960  1356 1.25 
 1162.16  2965  1423 1.25 
 1162.19  2970  1490 1 
 1162.23  2975  1556 1.75 
 1162.27  2980  1623 .75 
 1162.3  2985  1691 .5 
 1162.34  2990  1758 2.5 
 1162.37  2995  1825 2.75 
 1162.4  3000  1892 2 
 1162.43  3005  1960 .5 
 1162.46  3010  2027 2 
 1162.49  3015  2095 2.5 
 1162.51  3020  2163 2 
 1162.54  3025  2231 1 
 1162.57  3030  2299 2 
 1162.6  3035  2367 2 
 1162.63  3040  2435 0 
 1162.66  3045  2503 0 
 1162.69  3050  2572 .5 
 1162.71  3055  2640 2 
 1162.74  3060  2709 .5 
 1162.77  3065  2777 3 
 1162.8  3070  2846 2 
 1162.83  3075  2915 6 
 1162.86  3080  2984 1 
 1162.88  3085  3053 2 
 1162.91  3090  3122 2 
 1162.94  3095  3192 1.5 
 1162.97  3100  3261 2 
 1163  3105  3331 2.5 
 1163.03  3110  3400 3 
 1163.05  3115  3470 .5 
 1163.08  3120  3540 1.5 
 1163.11  3125  3610 4.5 
 1163.14  3130  3680 4.5 
 1163.17  3135  3750 2 
 1163.2  3140  3820 2.5 
 1163.22  3145  3890 1.5 
 1163.25  3150  3961 2.5 
 1163.28  3155  4032 2.5 
 1163.31  3160  4102 2 
 1163.34  3165  4173 1.5 
 1163.37  3170  4244 2.5 
 1163.39  3175  4315 .5 
 1163.42  3180  4386 3 
 1163.45  3185  4457 1 
 1163.48  3190  4529 2 
 1163.51  3195  4600 2 
 1163.54  3200  4672 .5 
 1163.56  3205  4744 2 
 1163.59  3210  4815 2 
 1163.62  3215  4887 1.5 
 1163.65  3220  4959 3 
 1163.68  3225  5032 2 
 1163.71  3230  5104 1.5 
 1163.74  3235  5176 1 
 1163.76  3240  5249 2 
 1163.79  3245  5322 2 
 1163.82  3250  5394 1.5 
 1163.85  3255  5467 .5 
 1163.88  3260  5540 1 
 1163.91  3265  5614 0 
 1163.93  3270  5687 2 
 1163.96  3275  5760 2 
 1163.99  3280  5834 3 
 1164.02  3285  5907 2.5 
 1164.05  3290  5981 3 
 1164.08  3295  6055 2.5 
 1164.1  3300  6129 0 
 1164.13  3305  6203 2 
 1164.16  3310  6278 1.5 
 1164.19  3315  6352 2 
 1164.22  3320  6427 0 
 1164.25  3325  6501 1 
 1164.28  3330  6576 0 
 1164.3  3335  6651 2 
 1164.33  3340  6726 4 
 1164.36  3345  6801 2 
 1164.39  3350  6877 2 
 1164.42  3355  6952 1 
 1164.45  3360  7028 .5 
 1164.47  3365  7104 0 
 1164.5  3370  7179 0 
 1164.53  3375  7255 2 
 1164.56  3380  7332 2 
 1164.59  3385  7408 3 
 1164.62  3390  7484 3.5 
 1164.65  3395  7561 .5 
 1164.67  3400  7638 3 
 1164.7  3405  7715 2 
 1164.73  3410  7792 1.5 
 1164.76  3415  7869 2 
 1164.79  3420  7946 2 
 1164.82  3425  8024 2 
 1164.85  3430  8101 2 
 1164.88  3435  8179 1 
 1164.91  3440  8257 3 
 1164.93  3445  8335 3 
 1164.96  3450  8413 2 
 1164.99  3455  8491 3 
 1165.02  3460  8570 3 
 1165.05  3465  8648 3.5 
 1165.08  3470  8727 0 
 1165.11  3475  8806 2.5 
 1165.13  3480  8885 1 
 1165.16  3485  8965 1 
 1165.19  3490  9044 4.5 
 1165.22  3495  9124 2.5 
 1165.25  3500  9203 1.5 
 1165.38  3505  7381 1 
 1165.41  3510  7461 2 
 1165.44  3515  7541 5 
 1165.47  3520  7621 2 
 1165.5  3525  7702 2 
 1165.53  3530  7782 1 
 1165.56  3535  7863 1.5 
 1165.58  3540  7944 2 
 1165.61  3545  8025 2 
 1165.64  3550  8106 1 
 1165.67  3555  8187 2 
 1165.7  3560  8268 2 
 1165.73  3565  8350 4.5 
 1165.76  3570  8432 .5 
 1165.79  3575  8514 5.5 
 1165.82  3580  8596 .5 
 1165.85  3585  8678 0 
 1165.87  3590  8760 1 
 1165.9  3595  8843 1 
 1165.93  3600  8925 2 
 1165.96  3605  9008 2 
 1165.99  3610  9091 0 
 1166.02  3615  9174 2.5 
 1166.05  3620  9258 3 
 1166.08  3625  9341 2 
 1166.11  3630  9425 1 
end
uxIntegration time is 0.2294 seconds per sampledt  2.7E-08 cy 1dh240119Izana 28.3081 16.4992 2.750537pr770dark 1.35 
 1168.33  2900  562 1 
 1168.37  2905  628 1.25 
 1168.4  2910  694 2.75 
 1168.44  2915  760 1 
 1168.47  2920  826 1.75 
 1168.51  2925  892 .25 
 1168.54  2930  958 1 
 1168.58  2935  1024 2.5 
 1168.61  2940  1090 1.5 
 1168.65  2945  1156 0 
 1168.68  2950  1223 1.5 
 1168.72  2955  1289 2.5 
 1168.76  2960  1356 .75 
 1168.79  2965  1423 1.5 
 1168.83  2970  1490 1.75 
 1168.86  2975  1556 1.5 
 1168.9  2980  1623 .75 
 1168.93  2985  1691 2.5 
 1168.97  2990  1758 1.75 
 1169.01  2995  1825 1.25 
 1169.03  3000  1892 3 
 1169.06  3005  1960 0 
 1169.09  3010  2027 1 
 1169.12  3015  2095 1.5 
 1169.15  3020  2163 1 
 1169.18  3025  2231 0 
 1169.2  3030  2299 2.5 
 1169.23  3035  2367 3.5 
 1169.26  3040  2435 6 
 1169.29  3045  2503 2 
 1169.32  3050  2572 0 
 1169.35  3055  2640 2 
 1169.37  3060  2709 0 
 1169.4  3065  2777 2 
 1169.43  3070  2846 2.5 
 1169.46  3075  2915 1 
 1169.49  3080  2984 2 
 1169.51  3085  3053 3 
 1169.54  3090  3122 .5 
 1169.57  3095  3192 3 
 1169.6  3100  3261 1 
 1169.63  3105  3331 2 
 1169.66  3110  3400 .5 
 1169.68  3115  3470 0 
 1169.71  3120  3540 3 
 1169.74  3125  3610 1.5 
 1169.77  3130  3680 1.5 
 1169.8  3135  3750 2 
 1169.83  3140  3820 2.5 
 1169.85  3145  3890 0 
 1169.88  3150  3961 0 
 1169.91  3155  4032 2 
 1169.94  3160  4102 0 
 1169.97  3165  4173 3 
 1170  3170  4244 2 
 1170.02  3175  4315 1.5 
 1170.05  3180  4386 1 
 1170.08  3185  4457 5 
 1170.11  3190  4529 1 
 1170.14  3195  4600 1 
 1170.17  3200  4672 2 
 1170.2  3205  4744 2 
 1170.22  3210  4815 2 
 1170.25  3215  4887 2 
 1170.28  3220  4959 0 
 1170.31  3225  5032 2 
 1170.34  3230  5104 2.5 
 1170.37  3235  5176 1 
 1170.4  3240  5249 0 
 1170.42  3245  5322 2.5 
 1170.45  3250  5394 1.5 
 1170.48  3255  5467 2.5 
 1170.51  3260  5540 2 
 1170.54  3265  5614 2 
 1170.57  3270  5687 1.5 
 1170.59  3275  5760 1.5 
 1170.62  3280  5834 2 
 1170.65  3285  5907 2 
 1170.68  3290  5981 1 
 1170.71  3295  6055 0 
 1170.74  3300  6129 0 
 1170.77  3305  6203 0 
 1170.79  3310  6278 1.5 
 1170.82  3315  6352 0 
 1170.85  3320  6427 2.5 
 1170.88  3325  6501 3.5 
 1170.91  3330  6576 .5 
 1170.94  3335  6651 2 
 1170.97  3340  6726 2 
 1170.99  3345  6801 2 
 1171.02  3350  6877 3 
 1171.05  3355  6952 2 
 1171.08  3360  7028 .5 
 1171.11  3365  7104 2 
 1171.14  3370  7179 2.5 
 1171.17  3375  7255 0 
 1171.2  3380  7332 .5 
 1171.22  3385  7408 0 
 1171.25  3390  7484 0 
 1171.28  3395  7561 .5 
 1171.31  3400  7638 2 
 1171.34  3405  7715 2 
 1171.37  3410  7792 0 
 1171.4  3415  7869 2 
 1171.43  3420  7946 2.5 
 1171.45  3425  8024 2 
 1171.48  3430  8101 1.5 
 1171.51  3435  8179 5 
 1171.54  3440  8257 2 
 1171.57  3445  8335 1.5 
 1171.6  3450  8413 1.5 
 1171.63  3455  8491 1.5 
 1171.66  3460  8570 2.5 
 1171.68  3465  8648 3 
 1171.71  3470  8727 2 
 1171.74  3475  8806 0 
 1171.77  3480  8885 1 
 1171.8  3485  8965 1.5 
 1171.83  3490  9044 2 
 1171.86  3495  9124 .5 
 1171.89  3500  9203 1.5 
 1172.02  3505  7381 2 
 1172.05  3510  7461 1.5 
 1172.07  3515  7541 1 
 1172.1  3520  7621 1 
 1172.13  3525  7702 2 
 1172.16  3530  7782 2 
 1172.19  3535  7863 2 
 1172.22  3540  7944 1 
 1172.25  3545  8025 2.5 
 1172.28  3550  8106 1.5 
 1172.31  3555  8187 3 
 1172.34  3560  8268 2 
 1172.37  3565  8350 0 
 1172.4  3570  8432 1.5 
 1172.42  3575  8514 1 
 1172.45  3580  8596 0 
 1172.48  3585  8678 2 
 1172.51  3590  8760 1 
 1172.54  3595  8843 2 
 1172.57  3600  8925 0 
 1172.6  3605  9008 0 
 1172.63  3610  9091 1.5 
 1172.66  3615  9174 .5 
 1172.69  3620  9258 1 
 1172.71  3625  9341 1.5 
 1172.74  3630  9425 0 
end
