0.0100263220552392	0.0100263220552392	0.0100263220552392	0.0100263220552392	0.0100263220552392	0.0100263220552392	0.0100263220552392	0.0100263220552392	0.0100263220552392	0.0100263220552392	0.0100263220552392	0.0100263220552392	0.0100263220552392	0.0100263220552392	0.0100263220552392	0.0100263220552392
0.0100340408750843	0.0100340408750843	0.0100340408750843	0.0100340408750843	0.0100340408750843	0.0100340408750844	0.0100340408750843	0.0100340408750844	0.0100340408750844	0.0100340408750844	0.0100340408750844	0.0100340408750844	0.0100340408750844	0.0100340408750844	0.0100340408750844	0.0100340408750844
0.0101041529574919	0.0101041529574920	0.0101041529574920	0.0101041529574920	0.0101041529574920	0.0101041529574920	0.0101041529574920	0.0101041529574920	0.0101041529574920	0.0101041529574920	0.0101041529574920	0.0101041529574920	0.0101041529574920	0.0101041529574920	0.0101041529574920	0.0101041529574919
0.0101428865748266	0.0101428865748266	0.0101428865748266	0.0101428865748266	0.0101428865748266	0.0101428865748266	0.0101428865748266	0.0101428865748266	0.0101428865748266	0.0101428865748266	0.0101428865748266	0.0101428865748266	0.0101428865748266	0.0101428865748267	0.0101428865748267	0.0101428865748267
0.0101293226629769	0.0101293226629770	0.0101293226629770	0.0101293226629770	0.0101293226629770	0.0101293226629770	0.0101293226629770	0.0101293226629770	0.0101293226629770	0.0101293226629770	0.0101293226629770	0.0101293226629770	0.0101293226629770	0.0101293226629770	0.0101293226629770	0.0101293226629770
0.0100939932799272	0.0100939932799272	0.0100939932799272	0.0100939932799272	0.0100939932799272	0.0100939932799272	0.0100939932799270	0.0100939932799269	0.0100939932799269	0.0100939932799269	0.0100939932799269	0.0100939932799269	0.0100939932799269	0.0100939932799269	0.0100939932799269	0.0100939932799269
0.0100543291794640	0.0100543291794640	0.0100543291794640	0.0100543291794642	0.0100543291794642	0.0100543291794642	0.0100543291794642	0.0100543291794642	0.0100543291794642	0.0100543291794642	0.0100543291794642	0.0100543291794642	0.0100543291794643	0.0100543291794642	0.0100543291794642	0.0100543291794642
0.0100170972019940	0.0100170972019940	0.0100170972019940	0.0100170972019940	0.0100170972019940	0.0100170972019940	0.0100170972019939	0.0100170972019940	0.0100170972019940	0.0100170972019940	0.0100170972019940	0.0100170972019940	0.0100170972019940	0.0100170972019940	0.0100170972019940	0.0100170972019940
0.00998440831788917	0.00998440831788917	0.00998440831788914	0.00998440831788914	0.00998440831788914	0.00998440831788914	0.00998440831788914	0.00998440831788914	0.00998440831788914	0.00998440831788914	0.00998440831788914	0.00998440831788925	0.00998440831788925	0.00998440831788925	0.00998440831788925	0.00998440831788925
0.00995654817726339	0.00995654817726339	0.00995654817726339	0.00995654817726339	0.00995654817726339	0.00995654817726334	0.00995654817726334	0.00995654817726334	0.00995654817726334	0.00995654817726334	0.00995654817726334	0.00995654817726334	0.00995654817726334	0.00995654817726334	0.00995654817726334	0.00995654817726337
0.00993318745961882	0.00993318745961882	0.00993318745961882	0.00993318745961882	0.00993318745961882	0.00993318745961882	0.00993318745961882	0.00993318745961889	0.00993318745961866	0.00993318745961866	0.00993318745961866	0.00993318745961866	0.00993318745961866	0.00993318745961866	0.00993318745961866	0.00993318745961866
0.00991384319156478	0.00991384319156478	0.00991384319156496	0.00991384319156496	0.00991384319156496	0.00991384319156496	0.00991384319156496	0.00991384319156496	0.00991384319156496	0.00991384319156496	0.00991384319156496	0.00991384319156500	0.00991384319156500	0.00991384319156500	0.00991384319156500	0.00991384319156500
0.00989801173232291	0.00989801173232291	0.00989801173232291	0.00989801173232247	0.00989801173232247	0.00989801173232247	0.00989801173232247	0.00989801173232247	0.00989801173232247	0.00989801173232247	0.00989801173232247	0.00989801173232247	0.00989801173232249	0.00989801173232277	0.00989801173232277	0.00989801173232277
0.00988527601322707	0.00988527601322707	0.00988527601322707	0.00988527601322707	0.00988527601322723	0.00988527601322723	0.00988527601322723	0.00988527601322723	0.00988527601322723	0.00988527601322723	0.00988527601322723	0.00988527601322723	0.00988527601322723	0.00988527601322723	0.00988527601322715	0.00988527601322707
0.00987529599183275	0.00987529599183275	0.00987529599183275	0.00987529599183275	0.00987529599183275	0.00987529599183290	0.00987529599183312	0.00987529599183312	0.00987529599183312	0.00987529599183312	0.00987529599183312	0.00987529599183312	0.00987529599183312	0.00987529599183312	0.00987529599183312	0.00987529599183312
0.00986779163650742	0.00986779163650742	0.00986779163650742	0.00986779163650742	0.00986779163650742	0.00986779163650742	0.00986779163650714	0.00986779163650710	0.00986779163650710	0.00986779163650710	0.00986779163650710	0.00986779163650710	0.00986779163650710	0.00986779163650710	0.00986779163650710	0.00986779163650710
0.00986256483542252	0.00986256483542252	0.00986256483542252	0.00986256483542252	0.00986256483542252	0.00986256483542252	0.00986256483542252	0.00986256483542228	0.00986256483542228	0.00986256483542228	0.00986256483542228	0.00986256483542228	0.00986256483542228	0.00986256483542228	0.00986256483542228	0.00986256483542228
0.00985948577459885	0.00985948577459885	0.00985948577459885	0.00985948577459885	0.00985948577459885	0.00985948577459885	0.00985948577459885	0.00985948577459882	0.00985948577459841	0.00985948577459841	0.00985948577459841	0.00985948577459841	0.00985948577459841	0.00985948577459841	0.00985948577459841	0.00985948577459841
0.00985847081296025	0.00985847081296025	0.00985847081296025	0.00985847081296025	0.00985847081296025	0.00985847081296025	0.00985847081296025	0.00985847081296025	0.00985847081295991	0.00985847081295991	0.00985847081295991	0.00985847081295991	0.00985847081295991	0.00985847081295991	0.00985847081295991	0.00985847081295991