0.0813353136132319	0.0832538600207032	0.0852045918234656	0.0871916791376460	0.0892111399331550	0.0912688015853194	0.0933589820278702	0.0954866525374455	0.0976500795042142	0.0998544557494630	0.102093590190073	0.104371999172411	0.106689912830908	0.109048082592776	0.111447997235335	0.113888366078656
0.0790792634369710	0.0807999640172041	0.0825486470171932	0.0843286664877703	0.0861369286361423	0.0879780744666585	0.0898476788895182	0.0917496934613816	0.0936828062754397	0.0956511731330738	0.0976499261852430	0.0996827289099322	0.101749787317356	0.103851701500603	0.105989729337644	0.108162902180677
0.0769727133435832	0.0785093355892189	0.0800700451841326	0.0816574487561406	0.0832692635644568	0.0849090459209971	0.0865735174656198	0.0882656976772817	0.0899846591094103	0.0917336081042795	0.0935088865381360	0.0953133754918467	0.0971472586025110	0.0990109985528475	0.100905639234592	0.102830505503304
0.0750156633330685	0.0763819747367477	0.0777687863242838	0.0791780259427567	0.0806081447180985	0.0820617159483350	0.0835364977561751	0.0850346651851456	0.0865556380061260	0.0881017606630801	0.0896704712487515	0.0912639389181549	0.0928823266863734	0.0945259737495101	0.0961957269261788	0.0978911760465364
0.0732081134054270	0.0744178814597905	0.0756448704376468	0.0768903980476188	0.0781535720970675	0.0794360845486724	0.0807366197611839	0.0820565959849736	0.0833957429655867	0.0847556308094756	0.0861346803170897	0.0875344191888566	0.0889549915689430	0.0903966270905906	0.0918599924124039	0.0933449138103742
0.0715392538562223	0.0725971185167243	0.0736687387692086	0.0747545117570466	0.0758545631667166	0.0769694011012521	0.0780990870168553	0.0792439257936998	0.0804040187742464	0.0815799522853765	0.0827713759974023	0.0839792386839867	0.0852034254222004	0.0864443402559528	0.0877019079307301	0.0889765462691418
0.0697091129917624	0.0705954205330584	0.0714915365673082	0.0723975394723407	0.0733137285719504	0.0742401407336410	0.0751770901507451	0.0761244507300274	0.0770828156231849	0.0780520750254219	0.0790324007106194	0.0800241320035938	0.0810271410280138	0.0820417069302146	0.0830681213630154	0.0841062293782658
0.0682608715311187	0.0690249632108290	0.0697963391140013	0.0705751721842198	0.0713614577990325	0.0721554738923536	0.0729571914143630	0.0737667306478428	0.0745843118013788	0.0754100920618823	0.0762439473518184	0.0770861631587194	0.0779369047378813	0.0787959960960144	0.0796639458282996	0.0805405791615860
0.0671047175556762	0.0677789798134134	0.0684588572016981	0.0691445591876394	0.0698361342852226	0.0705334355531538	0.0712369166338282	0.0719466270691123	0.0726621224091619	0.0733844013826894	0.0741124890822021	0.0748474167548788	0.0755892052320892	0.0763366656755588	0.0770912883694625	0.0778532840868457
0.0661765541133348	0.0667830894369621	0.0673942091125992	0.0680099168478964	0.0686303381008445	0.0692555021113845	0.0698855499599102	0.0705205395006024	0.0711604774393653	0.0718054857064598	0.0724556401874496	0.0731108764668792	0.0737714503612405	0.0744373938917733	0.0751085903782658	0.0757852825904001
0.0654290145774346	0.0659836967828872	0.0665421266070208	0.0671043691881092	0.0676705402303106	0.0682406927203578	0.0688149223946436	0.0693931723093071	0.0699756095468506	0.0705622783738949	0.0711532002347266	0.0717483592067167	0.0723479513183506	0.0729519236986184	0.0735604214414902	0.0741733166909771
0.0648271471682315	0.0653416285421695	0.0658592906779215	0.0663803092021474	0.0669046167531598	0.0674323041302762	0.0679634763825776	0.0684983117464538	0.0690363930330006	0.0695783465289836	0.0701237291582184	0.0706728980025419	0.0712257833824357	0.0717825724265167	0.0723429994605371	0.0729074385025885
0.0643448115848541	0.0648280799352282	0.0653141080507588	0.0658030518405986	0.0662949502098292	0.0667898050359150	0.0672877208976875	0.0677886571751456	0.0682927512942424	0.0688000102590667	0.0693104805497966	0.0698241975025067	0.0703411747473828	0.0708614288767365	0.0713850422198852	0.0719120820408766
0.0639843019733745	0.0644436587785738	0.0649072486491677	0.0653669867915855	0.0658340960547768	0.0662966380743845	0.0667690657124102	0.0672408965780152	0.0677188682289985	0.0681911024464809	0.0686746738198857	0.0691611493303784	0.0696505419909933	0.0701427859078625	0.0706357669523393	0.0711341866387824
0.0636665488748481	0.0641072297235108	0.0645502200382804	0.0649955910901008	0.0654434399291889	0.0658937096089894	0.0663464765839562	0.0668017855656022	0.0672596996819813	0.0677202120303728	0.0681833735377555	0.0686491739495866	0.0691177360138353	0.0695889980489166	0.0700630492596794	0.0705398265833812
0.0634457820754900	0.0638729279469790	0.0643022634929697	0.0647338352314951	0.0651676854991842	0.0656038090882274	0.0660423275324891	0.0664832066030006	0.0669265360374407	0.0673722311736360	0.0678204788262381	0.0682711807621104	0.0687244660769096	0.0691803031931617	0.0696386832073318	0.0700997568959352
0.0632929646571566	0.0637108545341378	0.0641308434605660	0.0645529445590463	0.0649772300625695	0.0654037069181170	0.0658324620415281	0.0662634691971149	0.0666967507420836	0.0671324010780951	0.0675704404920249	0.0680108449488677	0.0684536550262628	0.0688989559451827	0.0693467103543234	0.0697970186153735
0.0632031950654425	0.0636156608705488	0.0640302058488237	0.0644467750824231	0.0648654652397893	0.0652863199473977	0.0657093353826282	0.0661345905601137	0.0665620671082913	0.0669918770133463	0.0674239353339773	0.0678583051142074	0.0682950633459821	0.0687342325763716	0.0691757839700379	0.0696198039029403
0.0631735688064729	0.0635842833390527	0.0639970266523414	0.0644117697436265	0.0648286243918543	0.0652476394863975	0.0656688051653100	0.0660921538766922	0.0665177123739255	0.0669455657829397	0.0673756737430244	0.0678081180227800	0.0682428975753938	0.0686800126233917	0.0691195295065558	0.0695614703620244