uxIntegration time is 0.2294 seconds per sampledt  3.4E-08 cy 1dh230619Arenosillo 37.1 6.73 2.92pr1000dark 1.3 
 302.47  2900  736 1.25 
 302.5  2905  803 1.25 
 302.54  2910  870 1.25 
 302.58  2915  937 1.5 
 302.62  2920  1004 1.5 
 302.65  2925  1071 2 
 302.69  2930  1138 1.25 
 302.73  2935  1206 1.5 
 302.76  2940  1273 1.25 
 302.8  2945  1341 1.25 
 302.84  2950  1408 1.5 
 302.88  2955  1476 1.25 
 302.91  2960  1544 1.25 
 302.95  2965  1611 1.5 
 302.99  2970  1679 1.5 
 303.02  2975  1747 1.75 
 303.06  2980  1815 1.75 
 303.1  2985  1883 1.25 
 303.13  2990  1952 1.5 
 303.17  2995  2020 2.25 
 303.2  3000  2088 1.5 
 303.23  3005  2157 2 
 303.26  3010  2225 2 
 303.29  3015  2294 2 
 303.31  3020  2362 4 
 303.34  3025  2431 4 
 303.37  3030  2500 6 
 303.4  3035  2569 4.5 
 303.43  3040  2638 5 
 303.46  3045  2707 6 
 303.48  3050  2776 5.5 
 303.51  3055  2845 7.5 
 303.54  3060  2915 7.5 
 303.57  3065  2984 9 
 303.6  3070  3054 12.5 
 303.63  3075  3123 15 
 303.65  3080  3193 16 
 303.68  3085  3263 18.5 
 303.71  3090  3333 16 
 303.74  3095  3403 19 
 303.77  3100  3473 19.5 
 303.8  3105  3543 27 
 303.82  3110  3613 35.5 
 303.85  3115  3683 35 
 303.88  3120  3754 34.5 
 303.91  3125  3824 46.5 
 303.94  3130  3895 48.5 
 303.97  3135  3965 44.5 
 304  3140  4036 56.5 
 304.03  3145  4107 49 
 304.05  3150  4178 57.5 
 304.08  3155  4249 50.5 
 304.11  3160  4320 51.5 
 304.14  3165  4391 72 
 304.17  3170  4462 81 
 304.2  3175  4534 85 
 304.22  3180  4605 65.5 
 304.25  3185  4677 86.5 
 304.28  3190  4748 108.5 
 304.31  3195  4820 73 
 304.34  3200  4892 84 
 304.37  3205  4964 106.5 
 304.39  3210  5036 98.5 
 304.42  3215  5108 98 
 304.45  3220  5180 91 
 304.48  3225  5253 63 
 304.51  3230  5325 84.5 
 304.54  3235  5397 102.5 
 304.56  3240  5470 123.5 
 304.59  3245  5543 103 
 304.62  3250  5616 74.5 
 304.88  3255  3766 62.5 
 304.91  3260  3840 83.5 
 304.94  3265  3914 100 
 304.97  3270  3988 110 
 304.99  3275  4063 83.5 
 305.02  3280  4137 69 
 305.05  3285  4212 92 
 305.08  3290  4287 136 
 305.11  3295  4361 153.5 
 305.14  3300  4436 149.5 
 305.17  3305  4511 101.5 
 305.2  3310  4586 101.5 
 305.23  3315  4662 112 
 305.25  3320  4737 150 
 305.28  3325  4812 159 
 305.31  3330  4888 155 
 305.34  3335  4964 119 
 305.37  3340  5039 120.5 
 305.4  3345  5115 157.5 
 305.43  3350  5191 160.5 
 305.45  3355  5267 192.5 
 305.49  3360  5344 131 
 305.52  3365  5420 150.5 
 305.55  3370  5496 112 
 305.57  3375  5573 135.5 
 305.6  3380  5650 152.5 
 305.63  3385  5726 169.5 
 305.66  3390  5803 168.5 
 305.69  3395  5880 176.5 
 305.72  3400  5957 185 
 305.75  3405  6035 176.5 
 305.78  3410  6112 181 
 305.81  3415  6189 176.5 
 305.83  3420  6267 194.5 
 305.86  3425  6345 193 
 305.89  3430  6422 204.5 
 305.92  3435  6500 178.5 
 305.95  3440  6578 135 
 305.98  3445  6657 135.5 
 306.01  3450  6735 179.5 
 306.04  3455  6813 175.5 
 306.07  3460  6892 167 
 306.1  3465  6971 178 
 306.13  3470  7049 180.5 
 306.16  3475  7128 152 
 306.19  3480  7207 177.5 
 306.22  3485  7286 174.5 
 306.25  3490  7366 163.5 
 306.28  3495  7445 152 
 306.31  3500  7525 200.5 
 306.34  3505  7604 201.5 
 306.37  3510  7684 174.5 
 306.4  3515  7764 163.5 
 306.43  3520  7844 178 
 306.46  3525  7924 140 
 306.49  3530  8005 190 
 306.52  3535  8085 190.5 
 306.55  3540  8166 197 
 306.58  3545  8246 190.5 
 306.61  3550  8327 188.5 
 306.64  3555  8408 176 
 306.67  3560  8489 187 
 306.71  3565  8570 146.5 
 306.74  3570  8652 120.5 
 306.77  3575  8733 143 
 306.8  3580  8815 114.5 
 306.83  3585  8897 108 
 306.86  3590  8979 141 
 306.89  3595  9061 160.5 
 306.92  3600  9143 166.5 
 306.95  3605  9225 144.5 
 306.98  3610  9308 120 
 307.01  3615  9390 144.5 
 307.04  3620  9473 120.5 
 307.07  3625  9556 164.5 
 307.1  3630  9639 148 
end
uxIntegration time is 0.2294 seconds per sampledt  3.4E-08 cy 1dh230619Arenosillo 37.1 6.73 3.39pr1000dark 3.3 
 479.21  2900  736 47 
 479.25  2905  803 44.5 
 479.28  2910  870 44.75 
 479.32  2915  937 45.5 
 479.36  2920  1004 45.75 
 479.4  2925  1071 48 
 479.43  2930  1138 46 
 479.47  2935  1206 47.75 
 479.51  2940  1273 50.5 
 479.54  2945  1341 46.25 
 479.58  2950  1408 48 
 479.62  2955  1476 49.75 
 479.66  2960  1544 56.25 
 479.69  2965  1611 62 
 479.73  2970  1679 66 
 479.77  2975  1747 73.75 
 479.8  2980  1815 88.25 
 479.84  2985  1883 92.75 
 479.88  2990  1952 133.5 
 479.92  2995  2020 191 
 479.94  3000  2088 195.5 
 479.97  3005  2157 267 
 480  3010  2225 410.5 
 480.03  3015  2294 604 
 480.06  3020  2362 574.5 
 480.09  3025  2431 1082 
 480.12  3030  2500 1777 
 480.14  3035  2569 2216.5 
 480.17  3040  2638 2178.5 
 480.2  3045  2707 3102.5 
 480.23  3050  2776 4550 
 480.26  3055  2845 4869 
 480.29  3060  2915 4869 
 480.31  3065  2984 5847.5 
 480.34  3070  3054 8431 
 480.37  3075  3123 10234 
 480.4  3080  3193 10963 
 480.43  3085  3263 12476.5 
 480.46  3090  3333 11180.5 
 480.48  3095  3403 12939.5 
 480.51  3100  3473 13209.5 
 480.54  3105  3543 20963 
 480.57  3110  3613 25171 
 480.6  3115  3683 24473 
 480.63  3120  3754 23693.5 
 480.66  3125  3824 27715.5 
 480.69  3130  3895 28878 
 480.71  3135  3965 28648 
 480.74  3140  4036 33095 
 480.77  3145  4107 28790 
 480.8  3150  4178 35947.5 
 480.83  3155  4249 29898.5 
 480.86  3160  4320 25317.5 
 480.88  3165  4391 34234 
 480.91  3170  4462 40387.5 
 480.94  3175  4534 39539 
 480.97  3180  4605 29307.5 
 481  3185  4677 34601 
 481.03  3190  4748 36699 
 481.05  3195  4820 30553 
 481.08  3200  4892 34664 
 481.11  3205  4964 38392.5 
 481.14  3210  5036 30937 
 481.17  3215  5108 28241 
 481.2  3220  5180 28942.5 
 481.22  3225  5253 22893.5 
 481.25  3230  5325 21124 
 481.28  3235  5397 22755.5 
 481.31  3240  5470 24121 
 481.34  3245  5543 22452 
 481.37  3250  5616 18708.5 
 481.63  3255  3766 13680 
 481.66  3260  3840 16135.5 
 481.69  3265  3914 15958 
 481.71  3270  3988 16039 
 481.74  3275  4063 15308 
 481.77  3280  4137 14161.5 
 481.8  3285  4212 14164.5 
 481.83  3290  4287 16928 
 481.86  3295  4361 18869 
 481.89  3300  4436 19111 
 481.92  3305  4511 15578 
 481.95  3310  4586 15937.5 
 481.98  3315  4662 15870 
 482  3320  4737 16591.5 
 482.03  3325  4812 16393.5 
 482.06  3330  4888 16277.5 
 482.09  3335  4964 14789 
 482.12  3340  5039 15372.5 
 482.15  3345  5115 17096 
 482.18  3350  5191 15994 
 482.21  3355  5267 18010 
 482.24  3360  5344 12278.5 
 482.26  3365  5420 15031.5 
 482.29  3370  5496 12078.5 
 482.32  3375  5573 15391 
 482.35  3380  5650 14403.5 
 482.38  3385  5726 16206.5 
 482.41  3390  5803 15710.5 
 482.44  3395  5880 15529 
 482.47  3400  5957 18125 
 482.5  3405  6035 15997.5 
 482.52  3410  6112 15344.5 
 482.55  3415  6189 14225 
 482.58  3420  6267 16775 
 482.61  3425  6345 15518 
 482.64  3430  6422 16747 
 482.67  3435  6500 15597.5 
 482.7  3440  6578 11194 
 482.73  3445  6657 11595 
 482.76  3450  6735 14935 
 482.79  3455  6813 14949.5 
 482.82  3460  6892 12592 
 482.85  3465  6971 14145.5 
 482.88  3470  7049 14858.5 
 482.91  3475  7128 11749.5 
 482.94  3480  7207 13356.5 
 482.96  3485  7286 13079.5 
 482.99  3490  7366 11653.5 
 483.02  3495  7445 11525 
 483.05  3500  7525 13883 
 483.08  3505  7604 14212 
 483.12  3510  7684 12580 
 483.15  3515  7764 11999 
 483.18  3520  7844 12616 
 483.21  3525  7924 9659.5 
 483.24  3530  8005 12134.5 
 483.27  3535  8085 12618 
 483.3  3540  8166 12793 
 483.33  3545  8246 12591 
 483.36  3550  8327 12304 
 483.39  3555  8408 10838 
 483.42  3560  8489 11076.5 
 483.45  3565  8570 9236 
 483.48  3570  8652 7649 
 483.51  3575  8733 9271.5 
 483.54  3580  8815 7046 
 483.57  3585  8897 6029.5 
 483.6  3590  8979 8630 
 483.63  3595  9061 10647.5 
 483.66  3600  9143 11146.5 
 483.69  3605  9225 8833 
 483.72  3610  9308 8173.5 
 483.75  3615  9390 9373 
 483.79  3620  9473 7980.5 
 483.82  3625  9556 11108 
 483.85  3630  9639 9340 
end
uxIntegration time is 0.2294 seconds per sampledt  3.4E-08 cy 1dh230619Arenosillo 37.1 6.73 3.56pr1000dark 7.1 
 539.21  2900  736 77.75 
 539.25  2905  803 76.5 
 539.29  2910  870 73.5 
 539.32  2915  937 77.5 
 539.36  2920  1004 76.25 
 539.4  2925  1071 77 
 539.43  2930  1138 81.5 
 539.47  2935  1206 83.5 
 539.51  2940  1273 88 
 539.55  2945  1341 89.75 
 539.58  2950  1408 94 
 539.62  2955  1476 106 
 539.66  2960  1544 128.25 
 539.69  2965  1611 147.75 
 539.73  2970  1679 168.25 
 539.77  2975  1747 263.5 
 539.8  2980  1815 324.75 
 539.84  2985  1883 349 
 539.88  2990  1952 597 
 539.92  2995  2020 798.25 
 539.94  3000  2088 833 
 539.97  3005  2157 1116 
 540  3010  2225 1735 
 540.03  3015  2294 2334 
 540.06  3020  2362 2090.5 
 540.09  3025  2431 3818 
 540.11  3030  2500 5948 
 540.14  3035  2569 7135.5 
 540.17  3040  2638 6853.5 
 540.2  3045  2707 9279 
 540.23  3050  2776 12555.5 
 540.26  3055  2845 13072.5 
 540.29  3060  2915 12725.5 
 540.31  3065  2984 14956.5 
 540.34  3070  3054 20428.5 
 540.37  3075  3123 23754.5 
 540.4  3080  3193 25004.5 
 540.43  3085  3263 27897 
 540.46  3090  3333 24291.5 
 540.48  3095  3403 26927 
 540.51  3100  3473 26731 
 540.54  3105  3543 42023 
 540.57  3110  3613 49574 
 540.6  3115  3683 47634 
 540.63  3120  3754 44783.5 
 540.65  3125  3824 51143.5 
 540.68  3130  3895 52482 
 540.71  3135  3965 52298 
 540.74  3140  4036 59130 
 540.77  3145  4107 50016.5 
 540.8  3150  4178 61910.5 
 540.82  3155  4249 51664 
 540.85  3160  4320 42795.5 
 540.88  3165  4391 56702.5 
 540.91  3170  4462 66190 
 540.94  3175  4534 65174.5 
 540.97  3180  4605 47490 
 540.99  3185  4677 54675 
 541.02  3190  4748 57712 
 541.05  3195  4820 48679 
 541.08  3200  4892 55263 
 541.11  3205  4964 60305.5 
 541.14  3210  5036 47548 
 541.16  3215  5108 43513.5 
 541.19  3220  5180 45655.5 
 541.22  3225  5253 36039.5 
 541.25  3230  5325 32884.5 
 541.28  3235  5397 34714.5 
 541.31  3240  5470 36669 
 541.34  3245  5543 34356 
 541.37  3250  5616 28758.5 
 541.63  3255  3766 21225 
 541.66  3260  3840 24540 
 541.68  3265  3914 24043 
 541.71  3270  3988 24065.5 
 541.74  3275  4063 23301 
 541.77  3280  4137 21606 
 541.8  3285  4212 21482 
 541.83  3290  4287 25181.5 
 541.86  3295  4361 27921 
 541.89  3300  4436 28213.5 
 541.92  3305  4511 23037.5 
 541.95  3310  4586 23584 
 541.98  3315  4662 23307 
 542  3320  4737 24243 
 542.03  3325  4812 23917 
 542.06  3330  4888 23810 
 542.09  3335  4964 21704 
 542.12  3340  5039 22493 
 542.15  3345  5115 24855.5 
 542.17  3350  5191 23182.5 
 542.2  3355  5267 25895.5 
 542.23  3360  5344 17664.5 
 542.26  3365  5420 21947 
 542.29  3370  5496 17763.5 
 542.32  3375  5573 22767.5 
 542.35  3380  5650 20947 
 542.38  3385  5726 23698.5 
 542.41  3390  5803 23105.5 
 542.43  3395  5880 22354.5 
 542.46  3400  5957 26445.5 
 542.49  3405  6035 23175 
 542.52  3410  6112 22380 
 542.55  3415  6189 20756.5 
 542.58  3420  6267 24361.5 
 542.6  3425  6345 22636 
 542.63  3430  6422 24391 
 542.66  3435  6500 22732.5 
 542.69  3440  6578 16637.5 
 542.72  3445  6657 17122 
 542.75  3450  6735 22070.5 
 542.78  3455  6813 22093.5 
 542.81  3460  6892 18708 
 542.84  3465  6971 21026.5 
 542.87  3470  7049 22185.5 
 542.9  3475  7128 17641 
 542.93  3480  7207 20151 
 542.96  3485  7286 20038.5 
 542.99  3490  7366 18042 
 543.02  3495  7445 18016 
 543.05  3500  7525 22259.5 
 543.08  3505  7604 22900.5 
 543.11  3510  7684 20247 
 543.14  3515  7764 19376.5 
 543.17  3520  7844 20539 
 543.2  3525  7924 15724 
 543.23  3530  8005 19793 
 543.26  3535  8085 20837.5 
 543.29  3540  8166 21418.5 
 543.32  3545  8246 21560 
 543.35  3550  8327 21248 
 543.38  3555  8408 18768 
 543.41  3560  8489 19589.5 
 543.44  3565  8570 16308.5 
 543.47  3570  8652 13550 
 543.5  3575  8733 16372.5 
 543.53  3580  8815 12427.5 
 543.56  3585  8897 10632 
 543.59  3590  8979 15168.5 
 543.62  3595  9061 18334.5 
 543.65  3600  9143 18877 
 543.69  3605  9225 14717.5 
 543.72  3610  9308 13361 
 543.75  3615  9390 15054.5 
 543.78  3620  9473 12565.5 
 543.81  3625  9556 17350.5 
 543.84  3630  9639 14465.5 
end
uxIntegration time is 0.2294 seconds per sampledt  3.4E-08 cy 1dh230619Arenosillo 37.1 6.73 3.68pr1000dark 11.25 
 706.62  2900  736 142.25 
 706.66  2905  803 145.75 
 706.69  2910  870 143.25 
 706.73  2915  937 143 
 706.77  2920  1004 155.25 
 706.8  2925  1071 161.75 
 706.84  2930  1138 175 
 706.88  2935  1206 203.5 
 706.92  2940  1273 227 
 706.95  2945  1341 257.25 
 706.99  2950  1408 326.75 
 707.03  2955  1476 460.5 
 707.06  2960  1544 661.5 
 707.1  2965  1611 719 
 707.14  2970  1679 871 
 707.17  2975  1747 1631 
 707.21  2980  1815 1910.5 
 707.25  2985  1883 1847.75 
 707.29  2990  1952 3301.5 
 707.32  2995  2020 4160.25 
 707.35  3000  2088 3971 
 707.38  3005  2157 5094 
 707.41  3010  2225 7481.5 
 707.44  3015  2294 9395 
 707.46  3020  2362 7871.5 
 707.49  3025  2431 13453.5 
 707.52  3030  2500 19962 
 707.55  3035  2569 22994 
 707.58  3040  2638 21408.5 
 707.61  3045  2707 26845.5 
 707.63  3050  2776 33789.5 
 707.66  3055  2845 33644 
 707.69  3060  2915 31783.5 
 707.72  3065  2984 36967 
 707.75  3070  3054 47464.5 
 707.78  3075  3123 53168 
 707.81  3080  3193 55415.5 
 707.83  3085  3263 60414.5 
 707.86  3090  3333 51863.5 
 707.89  3095  3403 54445 
 707.92  3100  3473 52932 
 707.95  3105  3543 81277 
 707.98  3110  3613 93830.5 
 708.01  3115  3683 88738.5 
 708.03  3120  3754 80856.5 
 708.06  3125  3824 89927.5 
 708.09  3130  3895 91229 
 708.12  3135  3965 91324.5 
 708.15  3140  4036 100985 
 708.18  3145  4107 83095 
 708.21  3150  4178 101440.5 
 708.24  3155  4249 85161 
 708.27  3160  4320 68870.5 
 708.29  3165  4391 89423 
 708.32  3170  4462 105636 
 708.35  3175  4534 105648 
 708.38  3180  4605 77117 
 708.41  3185  4677 86085 
 708.44  3190  4748 89769 
 708.46  3195  4820 76747 
 708.49  3200  4892 86990.5 
 708.52  3205  4964 92736.5 
 708.55  3210  5036 72308 
 708.58  3215  5108 65188 
 708.61  3220  5180 69018.5 
 708.63  3225  5253 54418.5 
 708.66  3230  5325 48860 
 708.69  3235  5397 50970.5 
 708.72  3240  5470 53258.5 
 708.75  3245  5543 50205 
 708.78  3250  5616 42408.5 
 709.04  3255  3766 32009.5 
 709.06  3260  3840 36714 
 709.09  3265  3914 35451 
 709.12  3270  3988 35749.5 
 709.15  3275  4063 34610.5 
 709.18  3280  4137 32484 
 709.21  3285  4212 31856.5 
 709.24  3290  4287 37211 
 709.27  3295  4361 41112 
 709.3  3300  4436 41526 
 709.32  3305  4511 34089.5 
 709.35  3310  4586 34716.5 
 709.38  3315  4662 34367.5 
 709.41  3320  4737 35481.5 
 709.44  3325  4812 34989 
 709.47  3330  4888 34662 
 709.49  3335  4964 31927 
 709.52  3340  5039 32968.5 
 709.55  3345  5115 36206.5 
 709.58  3350  5191 33888 
 709.61  3355  5267 38156.5 
 709.64  3360  5344 26041 
 709.67  3365  5420 32373.5 
 709.7  3370  5496 26037 
 709.73  3375  5573 33497.5 
 709.75  3380  5650 30639 
 709.78  3385  5726 34455 
 709.81  3390  5803 33394 
 709.84  3395  5880 32331 
 709.87  3400  5957 38303.5 
 709.9  3405  6035 33625 
 709.93  3410  6112 32085 
 709.96  3415  6189 29561 
 709.99  3420  6267 34978 
 710.01  3425  6345 32659 
 710.04  3430  6422 35437.5 
 710.07  3435  6500 33073.5 
 710.1  3440  6578 23623.5 
 710.13  3445  6657 24167.5 
 710.16  3450  6735 31095.5 
 710.19  3455  6813 31117 
 710.22  3460  6892 26233 
 710.25  3465  6971 29876.5 
 710.28  3470  7049 31902.5 
 710.31  3475  7128 25613.5 
 710.34  3480  7207 29879 
 710.37  3485  7286 29591.5 
 710.4  3490  7366 26394 
 710.43  3495  7445 25756 
 710.46  3500  7525 31256.5 
 710.49  3505  7604 32282 
 710.52  3510  7684 28659 
 710.55  3515  7764 27312 
 710.58  3520  7844 28918.5 
 710.61  3525  7924 21959 
 710.64  3530  8005 27565.5 
 710.67  3535  8085 29021.5 
 710.7  3540  8166 29958 
 710.73  3545  8246 30275.5 
 710.76  3550  8327 30012 
 710.79  3555  8408 26635 
 710.82  3560  8489 27797 
 710.85  3565  8570 23303 
 710.89  3570  8652 19277 
 710.92  3575  8733 23590 
 710.95  3580  8815 18030 
 710.98  3585  8897 15373.5 
 711.01  3590  8979 21481 
 711.04  3595  9061 26278 
 711.07  3600  9143 27356.5 
 711.1  3605  9225 21000.5 
 711.13  3610  9308 19271 
 711.16  3615  9390 21810.5 
 711.19  3620  9473 18181 
 711.22  3625  9556 25091.5 
 711.25  3630  9639 21058 
end
uxIntegration time is 0.2294 seconds per sampledt  3.4E-08 cy 1dh230619Arenosillo 37.1 6.73 3.68pr1000dark 11.85 
 720.17  2900  736 154 
 720.21  2905  803 147.75 
 720.24  2910  870 156 
 720.28  2915  937 162.75 
 720.32  2920  1004 160.5 
 720.36  2925  1071 173.75 
 720.39  2930  1138 187.5 
 720.43  2935  1206 217.25 
 720.47  2940  1273 243.25 
 720.5  2945  1341 289.75 
 720.54  2950  1408 353.75 
 720.58  2955  1476 510 
 720.61  2960  1544 742 
 720.65  2965  1611 787.25 
 720.69  2970  1679 928.75 
 720.73  2975  1747 1762.5 
 720.76  2980  1815 2098 
 720.8  2985  1883 2012 
 720.84  2990  1952 3541.25 
 720.87  2995  2020 4466.25 
 720.9  3000  2088 4310.5 
 720.93  3005  2157 5474.5 
 720.96  3010  2225 8014 
 720.99  3015  2294 10189.5 
 721.02  3020  2362 8570 
 721.04  3025  2431 14823 
 721.07  3030  2500 21731 
 721.1  3035  2569 24988 
 721.13  3040  2638 23272 
 721.16  3045  2707 29508.5 
 721.19  3050  2776 37329 
 721.22  3055  2845 37783 
 721.24  3060  2915 35780 
 721.27  3065  2984 41079 
 721.3  3070  3054 52476 
 721.33  3075  3123 58877 
 721.36  3080  3193 60986.5 
 721.39  3085  3263 66741 
 721.41  3090  3333 57149 
 721.45  3095  3403 60157 
 721.47  3100  3473 58439.5 
 721.5  3105  3543 89821 
 721.53  3110  3613 103830.5 
 721.56  3115  3683 98561.5 
 721.59  3120  3754 89749 
 721.61  3125  3824 100230 
 721.64  3130  3895 102055 
 721.67  3135  3965 101814 
 721.7  3140  4036 112210 
 721.73  3145  4107 92116.5 
 721.76  3150  4178 112998 
 721.78  3155  4249 95766 
 721.81  3160  4320 77506.5 
 721.84  3165  4391 100326 
 721.87  3170  4462 117640.5 
 721.9  3175  4534 116845 
 721.93  3180  4605 84973.5 
 721.95  3185  4677 95135 
 721.98  3190  4748 99545 
 722.01  3195  4820 84881.5 
 722.04  3200  4892 96073.5 
 722.07  3205  4964 102245 
 722.1  3210  5036 79809 
 722.13  3215  5108 72587.5 
 722.15  3220  5180 77100 
 722.18  3225  5253 61112.5 
 722.21  3230  5325 54569.5 
 722.24  3235  5397 56593 
 722.27  3240  5470 59454 
 722.3  3245  5543 56239.5 
 722.33  3250  5616 47736.5 
 722.59  3255  3766 34663.5 
 722.62  3260  3840 39856 
 722.65  3265  3914 38572.5 
 722.67  3270  3988 38632 
 722.7  3275  4063 37640 
 722.73  3280  4137 35213.5 
 722.76  3285  4212 34581 
 722.79  3290  4287 40142 
 722.82  3295  4361 44623.5 
 722.85  3300  4436 45149 
 722.87  3305  4511 37275 
 722.9  3310  4586 38326.5 
 722.93  3315  4662 37936.5 
 722.96  3320  4737 39073.5 
 722.99  3325  4812 38433.5 
 723.02  3330  4888 38197.5 
 723.04  3335  4964 35147 
 723.07  3340  5039 36339.5 
 723.1  3345  5115 40140 
 723.13  3350  5191 37690.5 
 723.16  3355  5267 42029 
 723.19  3360  5344 28417.5 
 723.21  3365  5420 35303.5 
 723.24  3370  5496 28670 
 723.27  3375  5573 36208.5 
 723.3  3380  5650 33301 
 723.33  3385  5726 37655.5 
 723.36  3390  5803 36714.5 
 723.39  3395  5880 35876.5 
 723.42  3400  5957 42479 
 723.45  3405  6035 37418 
 723.47  3410  6112 35903 
 723.5  3415  6189 33102.5 
 723.53  3420  6267 39046.5 
 723.56  3425  6345 36051 
 723.59  3430  6422 39239.5 
 723.62  3435  6500 36376 
 723.65  3440  6578 26619.5 
 723.68  3445  6657 27121.5 
 723.71  3450  6735 35238 
 723.73  3455  6813 35542.5 
 723.76  3460  6892 29836 
 723.79  3465  6971 33383 
 723.82  3470  7049 35383 
 723.85  3475  7128 28043.5 
 723.88  3480  7207 32204.5 
 723.91  3485  7286 31771 
 723.94  3490  7366 28647.5 
 723.97  3495  7445 28488 
 724  3500  7525 34812 
 724.03  3505  7604 36226.5 
 724.06  3510  7684 31984 
 724.09  3515  7764 30666.5 
 724.12  3520  7844 32497 
 724.15  3525  7924 24844 
 724.18  3530  8005 31224 
 724.21  3535  8085 33000.5 
 724.24  3540  8166 33710 
 724.27  3545  8246 33888.5 
 724.3  3550  8327 33343 
 724.33  3555  8408 29535.5 
 724.36  3560  8489 30595.5 
 724.39  3565  8570 25739 
 724.42  3570  8652 21127 
 724.45  3575  8733 25680.5 
 724.48  3580  8815 19504 
 724.51  3585  8897 16714.5 
 724.54  3590  8979 23518 
 724.57  3595  9061 28817 
 724.61  3600  9143 29993.5 
 724.64  3605  9225 23195.5 
 724.67  3610  9308 20985.5 
 724.7  3615  9390 23956.5 
 724.73  3620  9473 19847.5 
 724.76  3625  9556 27412.5 
 724.79  3630  9639 23149 
end
uxIntegration time is 0.2294 seconds per sampledt  3.4E-08 cy 1dh230619Arenosillo 37.1 6.73 3.78pr1000dark 14.2 
 778.69  2900  736 158.75 
 778.72  2905  803 161 
 778.76  2910  870 158 
 778.8  2915  937 164.5 
 778.83  2920  1004 171.75 
 778.87  2925  1071 182 
 778.91  2930  1138 200 
 778.95  2935  1206 221.75 
 778.98  2940  1273 246 
 779.02  2945  1341 292.25 
 779.06  2950  1408 365.5 
 779.09  2955  1476 546.25 
 779.13  2960  1544 761 
 779.17  2965  1611 819 
 779.21  2970  1679 985 
 779.24  2975  1747 1820.5 
 779.28  2980  1815 2150.25 
 779.32  2985  1883 2050.25 
 779.35  2990  1952 3654 
 779.39  2995  2020 4587.75 
 779.42  3000  2088 4424.5 
 779.45  3005  2157 5619 
 779.48  3010  2225 8239.5 
 779.5  3015  2294 10469.5 
 779.53  3020  2362 8717.5 
 779.56  3025  2431 15052.5 
 779.59  3030  2500 22076 
 779.62  3035  2569 25535.5 
 779.65  3040  2638 23586 
 779.68  3045  2707 29992.5 
 779.7  3050  2776 37972.5 
 779.73  3055  2845 38386.5 
 779.76  3060  2915 36300 
 779.79  3065  2984 41620.5 
 779.82  3070  3054 53042.5 
 779.85  3075  3123 59616 
 779.87  3080  3193 61674 
 779.9  3085  3263 67342.5 
 779.93  3090  3333 57704 
 779.96  3095  3403 60589.5 
 779.99  3100  3473 59038.5 
 780.02  3105  3543 90251.5 
 780.04  3110  3613 104482.5 
 780.07  3115  3683 98871.5 
 780.1  3120  3754 90291.5 
 780.13  3125  3824 100989.5 
 780.16  3130  3895 102328 
 780.19  3135  3965 102188 
 780.22  3140  4036 112775.5 
 780.24  3145  4107 92889.5 
 780.27  3150  4178 113735.5 
 780.3  3155  4249 96624 
 780.33  3160  4320 78055 
 780.36  3165  4391 101160.5 
 780.39  3170  4462 118376.5 
 780.41  3175  4534 117685.5 
 780.44  3180  4605 85692.5 
 780.47  3185  4677 95354.5 
 780.5  3190  4748 100031 
 780.53  3195  4820 85278 
 780.56  3200  4892 96488.5 
 780.59  3205  4964 102774.5 
 780.61  3210  5036 80193.5 
 780.64  3215  5108 72792.5 
 780.67  3220  5180 77756.5 
 780.7  3225  5253 61690 
 780.73  3230  5325 55009.5 
 780.76  3235  5397 57114 
 780.78  3240  5470 60124 
 780.81  3245  5543 57229.5 
 780.84  3250  5616 48299 
 781.1  3255  3766 34708 
 781.13  3260  3840 40030.5 
 781.16  3265  3914 38639.5 
 781.19  3270  3988 38701 
 781.22  3275  4063 37600 
 781.25  3280  4137 35222 
 781.28  3285  4212 34609 
 781.3  3290  4287 40343 
 781.33  3295  4361 44574.5 
 781.36  3300  4436 45246.5 
 781.39  3305  4511 37304.5 
 781.42  3310  4586 38336.5 
 781.45  3315  4662 37897 
 781.48  3320  4737 39101.5 
 781.51  3325  4812 38395 
 781.53  3330  4888 38406.5 
 781.56  3335  4964 35308 
 781.59  3340  5039 36374 
 781.62  3345  5115 40067.5 
 781.65  3350  5191 37616 
 781.68  3355  5267 41908.5 
 781.71  3360  5344 28360 
 781.74  3365  5420 35173 
 781.77  3370  5496 28374 
 781.79  3375  5573 36070.5 
 781.82  3380  5650 33243.5 
 781.85  3385  5726 37550 
 781.88  3390  5803 36488 
 781.91  3395  5880 35710.5 
 781.94  3400  5957 42227 
 781.97  3405  6035 36997 
 782  3410  6112 35652 
 782.03  3415  6189 32736.5 
 782.05  3420  6267 38715 
 782.08  3425  6345 35706.5 
 782.11  3430  6422 38821 
 782.14  3435  6500 36316 
 782.17  3440  6578 26296.5 
 782.2  3445  6657 27013 
 782.23  3450  6735 34938.5 
 782.26  3455  6813 35244 
 782.29  3460  6892 29657 
 782.31  3465  6971 33298.5 
 782.34  3470  7049 35288.5 
 782.37  3475  7128 27994 
 782.4  3480  7207 32250.5 
 782.43  3485  7286 31731.5 
 782.46  3490  7366 28578 
 782.49  3495  7445 28376 
 782.52  3500  7525 34869.5 
 782.55  3505  7604 35964 
 782.58  3510  7684 32002.5 
 782.61  3515  7764 30479.5 
 782.64  3520  7844 32454 
 782.67  3525  7924 24573 
 782.7  3530  8005 31175.5 
 782.73  3535  8085 32827.5 
 782.76  3540  8166 33754 
 782.79  3545  8246 33998 
 782.83  3550  8327 33620.5 
 782.86  3555  8408 29471 
 782.89  3560  8489 30475.5 
 782.92  3565  8570 25590 
 782.95  3570  8652 21091.5 
 782.98  3575  8733 25435.5 
 783.01  3580  8815 19419.5 
 783.04  3585  8897 16473.5 
 783.07  3590  8979 23485.5 
 783.1  3595  9061 28634.5 
 783.13  3600  9143 29636.5 
 783.16  3605  9225 22863 
 783.19  3610  9308 20676.5 
 783.22  3615  9390 23370.5 
 783.25  3620  9473 19204 
 783.28  3625  9556 26324 
 783.31  3630  9639 22209.5 
end
uxIntegration time is 0.2294 seconds per sampledt  3.4E-08 cy 1dh230619Arenosillo 37.1 6.73 3.78pr1000dark 16.3 
 838.19  2900  736 149.25 
 838.23  2905  803 150.5 
 838.27  2910  870 152.5 
 838.3  2915  937 153.5 
 838.34  2920  1004 156.25 
 838.38  2925  1071 159.75 
 838.42  2930  1138 173.5 
 838.45  2935  1206 187.25 
 838.49  2940  1273 204.25 
 838.53  2945  1341 239.75 
 838.56  2950  1408 293 
 838.6  2955  1476 417.5 
 838.64  2960  1544 574.25 
 838.68  2965  1611 596 
 838.71  2970  1679 748.5 
 838.75  2975  1747 1337.25 
 838.79  2980  1815 1606.5 
 838.82  2985  1883 1548 
 838.86  2990  1952 2767.75 
 838.9  2995  2020 3530.75 
 838.93  3000  2088 3462 
 838.96  3005  2157 4433.5 
 838.98  3010  2225 6531.5 
 839.01  3015  2294 8372 
 839.04  3020  2362 7071.5 
 839.07  3025  2431 12281 
 839.1  3030  2500 18205 
 839.13  3035  2569 21151 
 839.15  3040  2638 19726.5 
 839.18  3045  2707 25135 
 839.21  3050  2776 32306 
 839.24  3055  2845 32545 
 839.27  3060  2915 30901.5 
 839.3  3065  2984 35813.5 
 839.32  3070  3054 46292 
 839.35  3075  3123 52056.5 
 839.38  3080  3193 54231 
 839.41  3085  3263 59176.5 
 839.44  3090  3333 50871.5 
 839.47  3095  3403 53823 
 839.49  3100  3473 52396 
 839.52  3105  3543 80550 
 839.55  3110  3613 93884.5 
 839.58  3115  3683 89005 
 839.61  3120  3754 81460 
 839.64  3125  3824 91354.5 
 839.66  3130  3895 93307 
 839.69  3135  3965 92892.5 
 839.72  3140  4036 102751 
 839.75  3145  4107 84694.5 
 839.78  3150  4178 104042 
 839.81  3155  4249 87787 
 839.83  3160  4320 71502.5 
 839.86  3165  4391 93070 
 839.89  3170  4462 108818.5 
 839.92  3175  4534 108098 
 839.95  3180  4605 78260 
 839.98  3185  4677 87575 
 840.01  3190  4748 91792.5 
 840.04  3195  4820 78381 
 840.06  3200  4892 88622.5 
 840.09  3205  4964 94840 
 840.12  3210  5036 74362.5 
 840.15  3215  5108 67495.5 
 840.18  3220  5180 71684.5 
 840.21  3225  5253 56797.5 
 840.23  3230  5325 50802 
 840.26  3235  5397 52934.5 
 840.29  3240  5470 55941.5 
 840.32  3245  5543 52856.5 
 840.35  3250  5616 44465.5 
 840.61  3255  3766 32331.5 
 840.64  3260  3840 37263.5 
 840.66  3265  3914 36293.5 
 840.69  3270  3988 36330 
 840.72  3275  4063 35258.5 
 840.75  3280  4137 32995 
 840.78  3285  4212 32555.5 
 840.81  3290  4287 37788.5 
 840.83  3295  4361 41891 
 840.86  3300  4436 42331.5 
 840.89  3305  4511 34910 
 840.92  3310  4586 35832 
 840.95  3315  4662 35453.5 
 840.98  3320  4737 36568 
 841.01  3325  4812 36004.5 
 841.04  3330  4888 35571 
 841.07  3335  4964 32884.5 
 841.09  3340  5039 33919 
 841.12  3345  5115 37497.5 
 841.15  3350  5191 34989 
 841.18  3355  5267 39104.5 
 841.21  3360  5344 26528 
 841.24  3365  5420 32847.5 
 841.27  3370  5496 26617 
 841.3  3375  5573 33729.5 
 841.33  3380  5650 31071.5 
 841.35  3385  5726 35070.5 
 841.38  3390  5803 34133.5 
 841.41  3395  5880 33393 
 841.44  3400  5957 39582 
 841.47  3405  6035 34687.5 
 841.5  3410  6112 33480.5 
 841.53  3415  6189 30669 
 841.56  3420  6267 36222 
 841.59  3425  6345 33414.5 
 841.61  3430  6422 36355.5 
 841.64  3435  6500 33780.5 
 841.67  3440  6578 24520.5 
 841.7  3445  6657 25184.5 
 841.73  3450  6735 32526.5 
 841.76  3455  6813 32829.5 
 841.78  3460  6892 27557 
 841.82  3465  6971 30955 
 841.85  3470  7049 32671 
 841.87  3475  7128 25890 
 841.9  3480  7207 29701.5 
 841.93  3485  7286 29201 
 841.96  3490  7366 26434 
 841.99  3495  7445 26225 
 842.02  3500  7525 32154.5 
 842.05  3505  7604 33211 
 842.08  3510  7684 29470.5 
 842.11  3515  7764 28115 
 842.14  3520  7844 29854 
 842.17  3525  7924 22913.5 
 842.2  3530  8005 28759.5 
 842.23  3535  8085 30255.5 
 842.26  3540  8166 31108 
 842.29  3545  8246 31296.5 
 842.32  3550  8327 31028 
 842.36  3555  8408 27252.5 
 842.39  3560  8489 28156.5 
 842.42  3565  8570 23767.5 
 842.45  3570  8652 19460.5 
 842.48  3575  8733 23582.5 
 842.51  3580  8815 17960 
 842.54  3585  8897 15225.5 
 842.57  3590  8979 21508.5 
 842.6  3595  9061 26055.5 
 842.63  3600  9143 26857.5 
 842.66  3605  9225 20857 
 842.69  3610  9308 18861.5 
 842.72  3615  9390 21491.5 
 842.75  3620  9473 17801 
 842.78  3625  9556 24495.5 
 842.81  3630  9639 20696 
end
uxIntegration time is 0.2294 seconds per sampledt  3.4E-08 cy 1dh230619Arenosillo 37.1 6.73 3.29pr1000dark 4.75 
 1161.31  2900  736 6 
 1161.34  2905  803 5.75 
 1161.38  2910  870 5.25 
 1161.42  2915  937 5.5 
 1161.46  2920  1004 4.75 
 1161.49  2925  1071 6.75 
 1161.53  2930  1138 6.75 
 1161.57  2935  1206 6.25 
 1161.6  2940  1273 5.5 
 1161.64  2945  1341 6.25 
 1161.68  2950  1408 5.5 
 1161.72  2955  1476 5.5 
 1161.75  2960  1544 4.75 
 1161.79  2965  1611 6.25 
 1161.83  2970  1679 6.25 
 1161.86  2975  1747 5 
 1161.9  2980  1815 5.25 
 1161.94  2985  1883 6 
 1161.98  2990  1952 6.5 
 1162.01  2995  2020 7 
 1162.04  3000  2088 7 
 1162.07  3005  2157 6.5 
 1162.1  3010  2225 11 
 1162.13  3015  2294 8 
 1162.16  3020  2362 8 
 1162.18  3025  2431 13 
 1162.21  3030  2500 13 
 1162.24  3035  2569 18 
 1162.27  3040  2638 19 
 1162.3  3045  2707 23.5 
 1162.32  3050  2776 40.5 
 1162.35  3055  2845 45.5 
 1162.38  3060  2915 31 
 1162.41  3065  2984 38.5 
 1162.44  3070  3054 58.5 
 1162.47  3075  3123 61.5 
 1162.49  3080  3193 70 
 1162.52  3085  3263 80 
 1162.55  3090  3333 73.5 
 1162.58  3095  3403 93 
 1162.61  3100  3473 102 
 1162.64  3105  3543 153.5 
 1162.66  3110  3613 185.5 
 1162.69  3115  3683 189.5 
 1162.72  3120  3754 205 
 1162.75  3125  3824 273.5 
 1162.78  3130  3895 297 
 1162.81  3135  3965 297.5 
 1162.84  3140  4036 371 
 1162.86  3145  4107 399.5 
 1162.89  3150  4178 497 
 1162.92  3155  4249 392.5 
 1162.95  3160  4320 399 
 1162.98  3165  4391 647 
 1163.01  3170  4462 752 
 1163.03  3175  4534 723.5 
 1163.06  3180  4605 598.5 
 1163.09  3185  4677 904.5 
 1163.12  3190  4748 1083.5 
 1163.15  3195  4820 766.5 
 1163.18  3200  4892 878.5 
 1163.2  3205  4964 1205.5 
 1163.23  3210  5036 1175 
 1163.26  3215  5108 1104.5 
 1163.29  3220  5180 964.5 
 1163.32  3225  5253 724 
 1163.35  3230  5325 820.5 
 1163.38  3235  5397 1099 
 1163.4  3240  5470 1245 
 1163.43  3245  5543 1020 
 1163.46  3250  5616 739.5 
 1163.72  3255  3766 611.5 
 1163.75  3260  3840 827 
 1163.78  3265  3914 933 
 1163.81  3270  3988 891.5 
 1163.84  3275  4063 802 
 1163.87  3280  4137 646.5 
 1163.9  3285  4212 795 
 1163.93  3290  4287 1052 
 1163.95  3295  4361 1248 
 1163.98  3300  4436 1228 
 1164.01  3305  4511 919.5 
 1164.04  3310  4586 875 
 1164.07  3315  4662 938 
 1164.1  3320  4737 1099 
 1164.13  3325  4812 1138.5 
 1164.16  3330  4888 1140.5 
 1164.19  3335  4964 961 
 1164.21  3340  5039 970 
 1164.24  3345  5115 1139 
 1164.27  3350  5191 1116 
 1164.3  3355  5267 1292 
 1164.33  3360  5344 896 
 1164.36  3365  5420 1047 
 1164.39  3370  5496 827 
 1164.42  3375  5573 1013 
 1164.45  3380  5650 1028.5 
 1164.47  3385  5726 1158.5 
 1164.5  3390  5803 1147.5 
 1164.53  3395  5880 1132.5 
 1164.56  3400  5957 1261 
 1164.59  3405  6035 1125 
 1164.62  3410  6112 1127 
 1164.65  3415  6189 1065.5 
 1164.68  3420  6267 1242 
 1164.71  3425  6345 1124.5 
 1164.73  3430  6422 1218.5 
 1164.76  3435  6500 1126 
 1164.79  3440  6578 824.5 
 1164.82  3445  6657 808.5 
 1164.85  3450  6735 1108.5 
 1164.88  3455  6813 1087.5 
 1164.91  3460  6892 950 
 1164.94  3465  6971 1057 
 1164.97  3470  7049 1107.5 
 1165  3475  7128 872 
 1165.03  3480  7207 1040.5 
 1165.06  3485  7286 1004 
 1165.09  3490  7366 927 
 1165.12  3495  7445 906 
 1165.15  3500  7525 1093.5 
 1165.18  3505  7604 1132 
 1165.21  3510  7684 1017.5 
 1165.24  3515  7764 978 
 1165.27  3520  7844 1007 
 1165.3  3525  7924 791 
 1165.33  3530  8005 977.5 
 1165.36  3535  8085 1029.5 
 1165.39  3540  8166 1048 
 1165.42  3545  8246 1036 
 1165.46  3550  8327 1032.5 
 1165.49  3555  8408 910 
 1165.52  3560  8489 966.5 
 1165.55  3565  8570 789.5 
 1165.58  3570  8652 664 
 1165.61  3575  8733 773.5 
 1165.64  3580  8815 601 
 1165.67  3585  8897 511.5 
 1165.7  3590  8979 734.5 
 1165.73  3595  9061 900 
 1165.76  3600  9143 904 
 1165.79  3605  9225 715.5 
 1165.82  3610  9308 645 
 1165.85  3615  9390 732.5 
 1165.88  3620  9473 627 
 1165.91  3625  9556 832.5 
 1165.94  3630  9639 708 
end
