uxIntegration time is 0.2294 seconds per sampledt  3.4E-08 cy 1dh220619Arenosillo 37.1 6.73 2.94pr1000dark 1.2 
 302.46  2900  736 2.25 
 302.49  2905  803 1.25 
 302.53  2910  870 1.25 
 302.57  2915  937 1.5 
 302.61  2920  1004 1.25 
 302.64  2925  1071 1.5 
 302.68  2930  1138 1.5 
 302.72  2935  1206 1.75 
 302.75  2940  1273 1.5 
 302.79  2945  1341 1.25 
 302.83  2950  1408 2 
 302.87  2955  1476 1.5 
 302.9  2960  1544 2 
 302.94  2965  1611 1.5 
 302.98  2970  1679 1.25 
 303.01  2975  1747 1.75 
 303.05  2980  1815 2 
 303.09  2985  1883 2.25 
 303.12  2990  1952 2 
 303.16  2995  2020 1.5 
 303.19  3000  2088 1.5 
 303.22  3005  2157 1.5 
 303.25  3010  2225 1.5 
 303.28  3015  2294 3.5 
 303.3  3020  2362 2 
 303.33  3025  2431 3 
 303.36  3030  2500 3 
 303.39  3035  2569 3 
 303.42  3040  2638 5 
 303.45  3045  2707 6 
 303.47  3050  2776 9 
 303.5  3055  2845 8 
 303.53  3060  2915 8 
 303.56  3065  2984 7.5 
 303.59  3070  3054 12 
 303.62  3075  3123 12.5 
 303.65  3080  3193 14.5 
 303.68  3085  3263 17.5 
 303.7  3090  3333 16 
 303.73  3095  3403 22 
 303.76  3100  3473 20 
 303.79  3105  3543 29 
 303.82  3110  3613 36 
 303.85  3115  3683 35 
 303.87  3120  3754 35 
 303.9  3125  3824 38.5 
 303.93  3130  3895 49 
 303.96  3135  3965 42.5 
 303.99  3140  4036 52.5 
 304.02  3145  4107 47.5 
 304.04  3150  4178 76 
 304.07  3155  4249 53 
 304.1  3160  4320 48 
 304.13  3165  4391 65.5 
 304.16  3170  4462 84 
 304.19  3175  4534 83 
 304.21  3180  4605 61 
 304.24  3185  4677 86 
 304.27  3190  4748 99.5 
 304.3  3195  4820 72.5 
 304.33  3200  4892 78.5 
 304.36  3205  4964 105.5 
 304.38  3210  5036 107.5 
 304.41  3215  5108 98 
 304.44  3220  5180 84 
 304.47  3225  5253 62 
 304.5  3230  5325 71 
 304.53  3235  5397 100.5 
 304.56  3240  5470 112.5 
 304.58  3245  5543 100 
 304.61  3250  5616 70.5 
 304.87  3255  3766 55 
 304.9  3260  3840 82 
 304.93  3265  3914 94.5 
 304.96  3270  3988 104 
 304.99  3275  4063 84 
 305.02  3280  4137 65.5 
 305.05  3285  4212 92 
 305.07  3290  4287 126 
 305.1  3295  4361 152 
 305.13  3300  4436 143 
 305.16  3305  4511 108 
 305.19  3310  4586 107 
 305.22  3315  4662 108.5 
 305.25  3320  4737 138 
 305.28  3325  4812 151 
 305.31  3330  4888 144 
 305.33  3335  4964 121.5 
 305.36  3340  5039 119 
 305.39  3345  5115 145 
 305.42  3350  5191 160 
 305.45  3355  5267 183 
 305.48  3360  5344 127 
 305.51  3365  5420 147.5 
 305.54  3370  5496 108 
 305.57  3375  5573 132 
 305.59  3380  5650 141.5 
 305.62  3385  5726 177 
 305.65  3390  5803 174.5 
 305.68  3395  5880 166.5 
 305.71  3400  5957 176 
 305.74  3405  6035 159.5 
 305.76  3410  6112 174 
 305.79  3415  6189 165 
 305.82  3420  6267 195 
 305.86  3425  6345 188.5 
 305.89  3430  6422 206 
 305.92  3435  6500 171.5 
 305.95  3440  6578 122 
 305.98  3445  6657 134.5 
 306.01  3450  6735 183 
 306.03  3455  6813 188.5 
 306.06  3460  6892 145.5 
 306.09  3465  6971 169 
 306.12  3470  7049 189.5 
 306.15  3475  7128 147.5 
 306.18  3480  7207 187 
 306.21  3485  7286 168 
 306.24  3490  7366 162.5 
 306.27  3495  7445 158 
 306.3  3500  7525 202 
 306.33  3505  7604 187 
 306.36  3510  7684 176 
 306.39  3515  7764 159.5 
 306.42  3520  7844 177.5 
 306.45  3525  7924 137.5 
 306.48  3530  8005 179 
 306.51  3535  8085 183 
 306.54  3540  8166 184.5 
 306.57  3545  8246 204 
 306.6  3550  8327 194 
 306.63  3555  8408 167 
 306.66  3560  8489 181 
 306.69  3565  8570 145.5 
 306.72  3570  8652 119.5 
 306.75  3575  8733 146.5 
 306.78  3580  8815 116 
 306.81  3585  8897 92 
 306.85  3590  8979 135.5 
 306.87  3595  9061 175.5 
 306.91  3600  9143 177.5 
 306.94  3605  9225 132.5 
 306.97  3610  9308 120 
 307  3615  9390 141 
 307.03  3620  9473 123 
 307.06  3625  9556 154.5 
 307.09  3630  9639 132 
end
uaIntegration time is 0.2294 seconds per sampledt  3.4E-08 cy 1dh220619Arenosillo 37.1 6.73 3.45pr1000dark 5.75 
 600.02  2900  736 117.5 
 600.08  2905  803 110.75 
 600.13  2910  870 111.5 
 600.17  2915  937 118 
 600.22  2920  1004 121 
 600.27  2925  1071 123 
 600.32  2930  1138 123.5 
 600.38  2935  1206 139 
 600.43  2940  1273 138 
 600.47  2945  1341 154 
 600.52  2950  1408 176.25 
 600.57  2955  1476 229.25 
 600.63  2960  1544 309.5 
 600.68  2965  1611 338.25 
 600.73  2970  1679 396 
 600.78  2975  1747 742 
 600.82  2980  1815 881.75 
 600.87  2985  1883 881.75 
 600.92  2990  1952 1574.25 
 600.97  2995  2020 2068 
 601.03  3000  2088 2089.5 
 601.08  3005  2157 2714.75 
 601.13  3010  2225 4057.5 
 601.18  3015  2294 5397.75 
 601.22  3020  2362 4658 
 601.28  3025  2431 8143.25 
 601.33  3030  2500 12382.5 
 601.37  3035  2569 14646.5 
 601.43  3040  2638 13883.5 
 601.47  3045  2707 17853.25 
 601.53  3050  2776 23454.75 
 601.57  3055  2845 24115.75 
 601.62  3060  2915 23015.25 
 601.68  3065  2984 26759.5 
 601.73  3070  3054 35048.75 
 601.78  3075  3123 40222.5 
 601.83  3080  3193 42025.75 
 601.87  3085  3263 46266.25 
 601.92  3090  3333 40098.25 
 601.97  3095  3403 42945.25 
 602.02  3100  3473 42090.25 
 602.08  3105  3543 64704.25 
 602.13  3110  3613 76135 
 602.18  3115  3683 72497 
 602.23  3120  3754 66938 
 602.28  3125  3824 75410 
 602.33  3130  3895 77114.25 
 602.38  3135  3965 76722.25 
 602.42  3140  4036 85897.5 
 602.48  3145  4107 71252.75 
 602.52  3150  4178 87852.75 
 602.58  3155  4249 74421.25 
 602.63  3160  4320 60515.75 
 602.67  3165  4391 79078 
 602.73  3170  4462 92888 
 602.78  3175  4534 92514.75 
 602.83  3180  4605 67216.75 
 602.88  3185  4677 75611 
 602.93  3190  4748 79972.25 
 602.98  3195  4820 67397.75 
 603.03  3200  4892 76288.25 
 603.07  3205  4964 82310.5 
 603.13  3210  5036 64688.5 
 603.18  3215  5108 58500.75 
 603.23  3220  5180 61878 
 603.28  3225  5253 49299.25 
 603.33  3230  5325 44092.25 
 603.38  3235  5397 46182.5 
 603.43  3240  5470 48678.75 
 603.47  3245  5543 46065.5 
 603.52  3250  5616 38671.5 
 603.81  3255  3766 28164.5 
 603.84  3260  3840 32591.25 
 603.89  3265  3914 31760.75 
 603.94  3270  3988 31837 
 603.99  3275  4063 30797.75 
 604.04  3280  4137 28739.75 
 604.09  3285  4212 28413.75 
 604.14  3290  4287 33050.25 
 604.19  3295  4361 36701.75 
 604.24  3300  4436 37258.5 
 604.29  3305  4511 30640.25 
 604.34  3310  4586 31429 
 604.39  3315  4662 31176.75 
 604.44  3320  4737 32208.75 
 604.49  3325  4812 31767 
 604.54  3330  4888 31603.25 
 604.59  3335  4964 28968.25 
 604.64  3340  5039 29885.75 
 604.69  3345  5115 33090.5 
 604.74  3350  5191 30964.25 
 604.79  3355  5267 34575.25 
 604.84  3360  5344 23469 
 604.89  3365  5420 29033.25 
 604.94  3370  5496 23495.75 
 604.99  3375  5573 29798.75 
 605.04  3380  5650 27640.5 
 605.09  3385  5726 31014 
 605.14  3390  5803 30369 
 605.19  3395  5880 29493.25 
 605.24  3400  5957 34985 
 605.29  3405  6035 30776.5 
 605.34  3410  6112 29606.5 
 605.39  3415  6189 27129 
 605.44  3420  6267 32041.75 
 605.49  3425  6345 29632 
 605.54  3430  6422 32160.75 
 605.59  3435  6500 30038.25 
 605.64  3440  6578 21856 
 605.69  3445  6657 22206.75 
 605.74  3450  6735 28936.75 
 605.79  3455  6813 29133.5 
 605.84  3460  6892 24534.5 
 605.89  3465  6971 27636.25 
 605.94  3470  7049 29247 
 605.99  3475  7128 23315 
 606.04  3480  7207 26688.75 
 606.09  3485  7286 26413.75 
 606.14  3490  7366 23904.5 
 606.19  3495  7445 23745.75 
 606.24  3500  7525 28946 
 606.29  3505  7604 30035.25 
 606.34  3510  7684 26777 
 606.39  3515  7764 25396 
 606.44  3520  7844 27096.75 
 606.49  3525  7924 20625.5 
 606.54  3530  8005 25951.75 
 606.59  3535  8085 27363.5 
 606.64  3540  8166 28109.25 
 606.69  3545  8246 28202 
 606.74  3550  8327 27944.25 
 606.79  3555  8408 24666 
 606.84  3560  8489 25537.25 
 606.89  3565  8570 21572 
 606.94  3570  8652 17652 
 606.99  3575  8733 21452.75 
 607.04  3580  8815 16388 
 607.09  3585  8897 13957.75 
 607.14  3590  8979 19690.25 
 607.19  3595  9061 23970.25 
 607.24  3600  9143 25043 
 607.29  3605  9225 19368.25 
 607.34  3610  9308 17467.5 
 607.39  3615  9390 19882.25 
 607.44  3620  9473 16528.75 
 607.49  3625  9556 22618.5 
 607.54  3630  9639 19347.5 
end
uaIntegration time is 0.2294 seconds per sampledt  3.4E-08 cy 1dh220619Arenosillo 37.1 6.73 3.62pr1000dark 8.25 
 660.02  2900  736 133 
 660.07  2905  803 132 
 660.12  2910  870 137.5 
 660.17  2915  937 139.75 
 660.22  2920  1004 139 
 660.27  2925  1071 147.5 
 660.32  2930  1138 162.75 
 660.37  2935  1206 175.5 
 660.42  2940  1273 195.25 
 660.47  2945  1341 222.5 
 660.53  2950  1408 272.75 
 660.58  2955  1476 396.75 
 660.63  2960  1544 540.5 
 660.67  2965  1611 583 
 660.72  2970  1679 704 
 660.78  2975  1747 1332.25 
 660.82  2980  1815 1570 
 660.87  2985  1883 1513.25 
 660.93  2990  1952 2687.5 
 660.98  2995  2020 3488 
 661.03  3000  2088 3397 
 661.08  3005  2157 4363.5 
 661.13  3010  2225 6488.25 
 661.18  3015  2294 8379.75 
 661.22  3020  2362 7080 
 661.27  3025  2431 12362.75 
 661.32  3030  2500 18334.75 
 661.37  3035  2569 21144.75 
 661.42  3040  2638 19871 
 661.47  3045  2707 25310.5 
 661.52  3050  2776 32085 
 661.58  3055  2845 33021.25 
 661.63  3060  2915 31527.25 
 661.68  3065  2984 36378 
 661.73  3070  3054 46767.75 
 661.78  3075  3123 53046.25 
 661.83  3080  3193 55052.5 
 661.87  3085  3263 60125.5 
 661.92  3090  3333 51505.25 
 661.98  3095  3403 54481 
 662.02  3100  3473 53199 
 662.07  3105  3543 81832.25 
 662.13  3110  3613 95189.5 
 662.18  3115  3683 90360.5 
 662.23  3120  3754 82459.25 
 662.27  3125  3824 92430.5 
 662.32  3130  3895 94088.75 
 662.37  3135  3965 93457.25 
 662.42  3140  4036 103391.8 
 662.47  3145  4107 85314 
 662.52  3150  4178 105027 
 662.57  3155  4249 88154.5 
 662.63  3160  4320 71805.75 
 662.68  3165  4391 93396.25 
 662.72  3170  4462 110088 
 662.78  3175  4534 109670.5 
 662.83  3180  4605 79616 
 662.88  3185  4677 89467 
 662.92  3190  4748 93881.75 
 662.97  3195  4820 79636.75 
 663.02  3200  4892 90178 
 663.07  3205  4964 96489.25 
 663.12  3210  5036 75112.75 
 663.18  3215  5108 68611 
 663.23  3220  5180 72645 
 663.28  3225  5253 57587.75 
 663.32  3230  5325 51489.75 
 663.37  3235  5397 53522.75 
 663.43  3240  5470 56375.5 
 663.47  3245  5543 53230.75 
 663.53  3250  5616 45026.75 
 663.81  3255  3766 32524.25 
 663.84  3260  3840 37389.75 
 663.89  3265  3914 36265.75 
 663.94  3270  3988 36501 
 663.99  3275  4063 35397.75 
 664.04  3280  4137 33149.75 
 664.09  3285  4212 32645 
 664.14  3290  4287 38034.25 
 664.19  3295  4361 42110 
 664.24  3300  4436 42753.25 
 664.29  3305  4511 35237.5 
 664.34  3310  4586 36170 
 664.39  3315  4662 35818 
 664.44  3320  4737 36895.25 
 664.49  3325  4812 36217.5 
 664.54  3330  4888 36050 
 664.59  3335  4964 33095.5 
 664.64  3340  5039 34419.5 
 664.69  3345  5115 37823 
 664.74  3350  5191 35261.75 
 664.79  3355  5267 39442.75 
 664.84  3360  5344 26736.25 
 664.89  3365  5420 33067.5 
 664.94  3370  5496 26728.5 
 664.99  3375  5573 34093 
 665.04  3380  5650 31330.75 
 665.09  3385  5726 35309.5 
 665.14  3390  5803 34480.5 
 665.19  3395  5880 33564.25 
 665.24  3400  5957 39901.25 
 665.29  3405  6035 34954.75 
 665.34  3410  6112 33618.5 
 665.39  3415  6189 30990.5 
 665.44  3420  6267 36511 
 665.49  3425  6345 33711 
 665.54  3430  6422 36681 
 665.59  3435  6500 34228 
 665.64  3440  6578 24816 
 665.69  3445  6657 25540 
 665.74  3450  6735 33051.25 
 665.79  3455  6813 33227.75 
 665.84  3460  6892 28016.75 
 665.89  3465  6971 31467 
 665.94  3470  7049 33322.25 
 665.99  3475  7128 26403.75 
 666.04  3480  7207 30326.5 
 666.09  3485  7286 29961.75 
 666.14  3490  7366 27054.5 
 666.19  3495  7445 26881.75 
 666.24  3500  7525 32843.5 
 666.29  3505  7604 33965 
 666.34  3510  7684 30181 
 666.39  3515  7764 28802.75 
 666.44  3520  7844 30667 
 666.49  3525  7924 22905.5 
 666.54  3530  8005 29362.75 
 666.59  3535  8085 30963.5 
 666.64  3540  8166 31654.5 
 666.69  3545  8246 31884.75 
 666.74  3550  8327 31391 
 666.79  3555  8408 27771.75 
 666.84  3560  8489 28891 
 666.89  3565  8570 24313.5 
 666.94  3570  8652 19876.5 
 666.99  3575  8733 24106.75 
 667.04  3580  8815 18274.75 
 667.09  3585  8897 15579.25 
 667.14  3590  8979 22064.5 
 667.19  3595  9061 27056.5 
 667.24  3600  9143 27931.5 
 667.29  3605  9225 21605.25 
 667.34  3610  9308 19484.25 
 667.39  3615  9390 22128.25 
 667.44  3620  9473 18370 
 667.49  3625  9556 25271.25 
 667.54  3630  9639 21218.25 
end
uxIntegration time is 0.2294 seconds per sampledt  3.4E-08 cy 1dh220619Arenosillo 37.1 6.73 3.7pr1000dark 11.25 
 716.36  2900  736 150 
 716.39  2905  803 152 
 716.43  2910  870 159.5 
 716.47  2915  937 157 
 716.5  2920  1004 170.5 
 716.54  2925  1071 179 
 716.58  2930  1138 188.5 
 716.62  2935  1206 224.75 
 716.65  2940  1273 244.75 
 716.69  2945  1341 274.5 
 716.73  2950  1408 363 
 716.76  2955  1476 524.75 
 716.8  2960  1544 738.5 
 716.84  2965  1611 800.5 
 716.87  2970  1679 954.25 
 716.91  2975  1747 1764.75 
 716.95  2980  1815 2117 
 716.99  2985  1883 1989.25 
 717.02  2990  1952 3550.75 
 717.06  2995  2020 4511.5 
 717.09  3000  2088 4376.5 
 717.12  3005  2157 5570.5 
 717.15  3010  2225 8043 
 717.17  3015  2294 10435 
 717.2  3020  2362 8706 
 717.23  3025  2431 14865 
 717.26  3030  2500 22153.5 
 717.29  3035  2569 25628.5 
 717.32  3040  2638 23786.5 
 717.34  3045  2707 30023.5 
 717.37  3050  2776 38162 
 717.4  3055  2845 38459 
 717.43  3060  2915 36446.5 
 717.46  3065  2984 41829.5 
 717.49  3070  3054 53228 
 717.51  3075  3123 60155.5 
 717.54  3080  3193 62303.5 
 717.57  3085  3263 67886 
 717.6  3090  3333 58526 
 717.63  3095  3403 60960.5 
 717.66  3100  3473 59396 
 717.68  3105  3543 90751 
 717.71  3110  3613 105759 
 717.74  3115  3683 100106.5 
 717.77  3120  3754 91118.5 
 717.8  3125  3824 101815 
 717.83  3130  3895 103389 
 717.85  3135  3965 103185 
 717.88  3140  4036 114606.5 
 717.91  3145  4107 93662 
 717.94  3150  4178 114830 
 717.97  3155  4249 98161.5 
 718  3160  4320 79082.5 
 718.03  3165  4391 102287.5 
 718.06  3170  4462 119294.5 
 718.08  3175  4534 119564.5 
 718.11  3180  4605 86506 
 718.14  3185  4677 95781.5 
 718.17  3190  4748 101560 
 718.2  3195  4820 86074.5 
 718.23  3200  4892 97641.5 
 718.25  3205  4964 104175 
 718.28  3210  5036 81268 
 718.31  3215  5108 73624 
 718.34  3220  5180 78746.5 
 718.37  3225  5253 62630 
 718.4  3230  5325 55632 
 718.42  3235  5397 57779 
 718.45  3240  5470 60870.5 
 718.48  3245  5543 57682.5 
 718.51  3250  5616 48859 
 718.77  3255  3766 35083 
 718.8  3260  3840 40479 
 718.83  3265  3914 39278 
 718.85  3270  3988 39405.5 
 718.88  3275  4063 38268.5 
 718.91  3280  4137 35714 
 718.94  3285  4212 35388 
 718.97  3290  4287 40928.5 
 719  3295  4361 45275 
 719.03  3300  4436 45917.5 
 719.06  3305  4511 38184 
 719.09  3310  4586 38902.5 
 719.11  3315  4662 38363 
 719.14  3320  4737 39851 
 719.17  3325  4812 39015.5 
 719.2  3330  4888 38627.5 
 719.23  3335  4964 35745.5 
 719.26  3340  5039 36950 
 719.29  3345  5115 40620 
 719.32  3350  5191 38077.5 
 719.35  3355  5267 42634 
 719.37  3360  5344 28854 
 719.4  3365  5420 35662 
 719.43  3370  5496 28802 
 719.46  3375  5573 36401.5 
 719.49  3380  5650 33709.5 
 719.52  3385  5726 38021 
 719.55  3390  5803 36949.5 
 719.58  3395  5880 36010.5 
 719.6  3400  5957 42652 
 719.63  3405  6035 37809.5 
 719.66  3410  6112 36330.5 
 719.69  3415  6189 33123 
 719.72  3420  6267 39311 
 719.75  3425  6345 36209 
 719.78  3430  6422 39486 
 719.81  3435  6500 36725 
 719.84  3440  6578 26779.5 
 719.86  3445  6657 27150 
 719.89  3450  6735 35417.5 
 719.92  3455  6813 35637.5 
 719.95  3460  6892 30075 
 719.98  3465  6971 33596.5 
 720.01  3470  7049 35773 
 720.04  3475  7128 28253.5 
 720.07  3480  7207 32460 
 720.1  3485  7286 32018 
 720.13  3490  7366 29046.5 
 720.16  3495  7445 28819 
 720.19  3500  7525 34978.5 
 720.22  3505  7604 36515 
 720.25  3510  7684 32519 
 720.28  3515  7764 30677 
 720.31  3520  7844 32876.5 
 720.33  3525  7924 25093.5 
 720.36  3530  8005 31537.5 
 720.4  3535  8085 33335.5 
 720.43  3540  8166 34138 
 720.46  3545  8246 34268.5 
 720.49  3550  8327 33874 
 720.52  3555  8408 29797.5 
 720.55  3560  8489 30998 
 720.58  3565  8570 26147.5 
 720.61  3570  8652 21382.5 
 720.64  3575  8733 25909 
 720.67  3580  8815 19858.5 
 720.7  3585  8897 16868.5 
 720.73  3590  8979 23614 
 720.76  3595  9061 29110.5 
 720.79  3600  9143 30312.5 
 720.82  3605  9225 23407 
 720.85  3610  9308 21095.5 
 720.88  3615  9390 24138.5 
 720.91  3620  9473 19911 
 720.95  3625  9556 27285.5 
 720.98  3630  9639 23450.5 
end
uxIntegration time is 0.2294 seconds per sampledt  3.4E-08 cy 1dh220619Arenosillo 37.1 6.73 3.7pr1000dark 11.75 
 722.16  2900  736 163.75 
 722.19  2905  803 160.75 
 722.23  2910  870 159.75 
 722.27  2915  937 167 
 722.3  2920  1004 169.75 
 722.34  2925  1071 172 
 722.38  2930  1138 192.75 
 722.42  2935  1206 213.25 
 722.45  2940  1273 236.75 
 722.49  2945  1341 280.5 
 722.53  2950  1408 363.75 
 722.56  2955  1476 500.5 
 722.6  2960  1544 746.25 
 722.64  2965  1611 801 
 722.68  2970  1679 942 
 722.71  2975  1747 1767.75 
 722.75  2980  1815 2095.5 
 722.79  2985  1883 1977.75 
 722.82  2990  1952 3487 
 722.86  2995  2020 4412.75 
 722.89  3000  2088 4281.5 
 722.92  3005  2157 5414.5 
 722.95  3010  2225 7834.5 
 722.97  3015  2294 10122 
 723  3020  2362 8480 
 723.03  3025  2431 14626.5 
 723.06  3030  2500 21641.5 
 723.09  3035  2569 24976 
 723.12  3040  2638 23127 
 723.14  3045  2707 29538.5 
 723.17  3050  2776 37369 
 723.2  3055  2845 37818.5 
 723.23  3060  2915 35630 
 723.26  3065  2984 40792.5 
 723.29  3070  3054 52061 
 723.32  3075  3123 58867 
 723.34  3080  3193 60982 
 723.37  3085  3263 66723.5 
 723.4  3090  3333 57387 
 723.43  3095  3403 60090 
 723.46  3100  3473 58445.5 
 723.49  3105  3543 89586 
 723.51  3110  3613 103951 
 723.54  3115  3683 98534 
 723.57  3120  3754 89890 
 723.6  3125  3824 100156.5 
 723.63  3130  3895 102150.5 
 723.66  3135  3965 101925 
 723.68  3140  4036 113319.5 
 723.71  3145  4107 92576.5 
 723.74  3150  4178 113547.5 
 723.77  3155  4249 96575 
 723.8  3160  4320 78017 
 723.83  3165  4391 100858.5 
 723.85  3170  4462 117929.5 
 723.88  3175  4534 117785.5 
 723.91  3180  4605 85417 
 723.94  3185  4677 94666.5 
 723.97  3190  4748 100420 
 724  3195  4820 85140.5 
 724.02  3200  4892 96189.5 
 724.05  3205  4964 102990 
 724.08  3210  5036 80406.5 
 724.11  3215  5108 72699 
 724.14  3220  5180 78065.5 
 724.17  3225  5253 61988 
 724.2  3230  5325 55001.5 
 724.22  3235  5397 57374 
 724.25  3240  5470 60323 
 724.28  3245  5543 57350.5 
 724.31  3250  5616 48551.5 
 724.57  3255  3766 34764 
 724.6  3260  3840 40271 
 724.63  3265  3914 39009.5 
 724.66  3270  3988 39095.5 
 724.69  3275  4063 37954 
 724.72  3280  4137 35428.5 
 724.75  3285  4212 34993.5 
 724.78  3290  4287 40402 
 724.8  3295  4361 44707 
 724.83  3300  4436 45463.5 
 724.86  3305  4511 37566 
 724.89  3310  4586 38478 
 724.92  3315  4662 37981 
 724.95  3320  4737 39187 
 724.98  3325  4812 38380.5 
 725.01  3330  4888 38328.5 
 725.03  3335  4964 35408 
 725.06  3340  5039 36616.5 
 725.09  3345  5115 40362 
 725.12  3350  5191 37743.5 
 725.15  3355  5267 42200.5 
 725.18  3360  5344 28577 
 725.2  3365  5420 35284.5 
 725.23  3370  5496 28517 
 725.26  3375  5573 36034.5 
 725.29  3380  5650 33530.5 
 725.32  3385  5726 37653 
 725.35  3390  5803 36784.5 
 725.38  3395  5880 35437 
 725.41  3400  5957 42415.5 
 725.44  3405  6035 37350 
 725.46  3410  6112 35867.5 
 725.49  3415  6189 32878 
 725.52  3420  6267 39099 
 725.55  3425  6345 35939 
 725.58  3430  6422 39175.5 
 725.61  3435  6500 36590.5 
 725.64  3440  6578 26669 
 725.67  3445  6657 27168 
 725.7  3450  6735 35259.5 
 725.72  3455  6813 35483.5 
 725.75  3460  6892 29804 
 725.78  3465  6971 33530.5 
 725.81  3470  7049 35521 
 725.84  3475  7128 28087 
 725.87  3480  7207 32338.5 
 725.9  3485  7286 32026.5 
 725.93  3490  7366 28953 
 725.96  3495  7445 28721.5 
 725.98  3500  7525 85117 
 726.01  3505  7604 36193.5 
 726.04  3510  7684 32513 
 726.07  3515  7764 30668 
 726.1  3520  7844 32842 
 726.13  3525  7924 25069.5 
 726.16  3530  8005 31510 
 726.19  3535  8085 33374.5 
 726.22  3540  8166 34094.5 
 726.25  3545  8246 34185.5 
 726.29  3550  8327 33776 
 726.32  3555  8408 29950.5 
 726.35  3560  8489 30717 
 726.38  3565  8570 25946.5 
 726.41  3570  8652 21212.5 
 726.44  3575  8733 25886.5 
 726.47  3580  8815 19896.5 
 726.5  3585  8897 16697.5 
 726.53  3590  8979 23485 
 726.56  3595  9061 28973.5 
 726.59  3600  9143 30130 
 726.62  3605  9225 23424.5 
 726.65  3610  9308 21044 
 726.68  3615  9390 23991.5 
 726.71  3620  9473 19791.5 
 726.74  3625  9556 27362.5 
 726.77  3630  9639 23209.5 
end
uxIntegration time is 0.2294 seconds per sampledt  3.4E-08 cy 1dh220619Arenosillo 37.1 6.73 3.76pr1000dark 40.6 
 778.66  2900  736 172.5 
 778.7  2905  803 173.25 
 778.74  2910  870 184.5 
 778.77  2915  937 178 
 778.81  2920  1004 187 
 778.85  2925  1071 189 
 778.89  2930  1138 202.75 
 778.92  2935  1206 231.75 
 778.96  2940  1273 249.75 
 779  2945  1341 289.5 
 779.03  2950  1408 357 
 779.07  2955  1476 524.75 
 779.11  2960  1544 735.75 
 779.14  2965  1611 786.25 
 779.18  2970  1679 940.75 
 779.22  2975  1747 1727.75 
 779.26  2980  1815 2065.75 
 779.29  2985  1883 1970.75 
 779.33  2990  1952 3468.5 
 779.37  2995  2020 4383.25 
 779.4  3000  2088 4263.5 
 779.42  3005  2157 5398.5 
 779.45  3010  2225 7868.5 
 779.48  3015  2294 10093.5 
 779.51  3020  2362 8431.5 
 779.54  3025  2431 14685.5 
 779.57  3030  2500 21635.5 
 779.59  3035  2569 25202.5 
 779.62  3040  2638 23293 
 779.65  3045  2707 29494 
 779.68  3050  2776 37280 
 779.71  3055  2845 37840.5 
 779.74  3060  2915 35466.5 
 779.76  3065  2984 40977.5 
 779.79  3070  3054 52357.5 
 779.82  3075  3123 58966.5 
 779.85  3080  3193 61183 
 779.88  3085  3263 66775.5 
 779.91  3090  3333 57352.5 
 779.94  3095  3403 60141 
 779.96  3100  3473 58651 
 779.99  3105  3543 89761 
 780.02  3110  3613 104310 
 780.05  3115  3683 99081.5 
 780.08  3120  3754 90090 
 780.11  3125  3824 100410.5 
 780.13  3130  3895 102125 
 780.16  3135  3965 101674.5 
 780.19  3140  4036 112946 
 780.22  3145  4107 92441 
 780.25  3150  4178 113478 
 780.28  3155  4249 96631.5 
 780.3  3160  4320 77855 
 780.33  3165  4391 100273.5 
 780.36  3170  4462 117388 
 780.39  3175  4534 117094.5 
 780.42  3180  4605 85252.5 
 780.45  3185  4677 94331.5 
 780.47  3190  4748 100208 
 780.5  3195  4820 84867.5 
 780.53  3200  4892 96200.5 
 780.56  3205  4964 102974.5 
 780.59  3210  5036 80676.5 
 780.62  3215  5108 73178 
 780.64  3220  5180 77932.5 
 780.67  3225  5253 61821.5 
 780.7  3230  5325 54849 
 780.73  3235  5397 57007 
 780.76  3240  5470 60054 
 780.79  3245  5543 56754 
 780.81  3250  5616 48027.5 
 781.07  3255  3766 34466 
 781.1  3260  3840 39919 
 781.13  3265  3914 38735.5 
 781.16  3270  3988 38885.5 
 781.19  3275  4063 37878 
 781.22  3280  4137 35294.5 
 781.25  3285  4212 34632.5 
 781.27  3290  4287 40248.5 
 781.3  3295  4361 44538.5 
 781.33  3300  4436 45280 
 781.36  3305  4511 37473 
 781.39  3310  4586 38278.5 
 781.41  3315  4662 37785 
 781.44  3320  4737 39042.5 
 781.47  3325  4812 38237 
 781.5  3330  4888 38070.5 
 781.53  3335  4964 34867.5 
 781.56  3340  5039 36141 
 781.59  3345  5115 39790.5 
 781.62  3350  5191 37204 
 781.65  3355  5267 41756 
 781.67  3360  5344 28352.5 
 781.7  3365  5420 35034 
 781.73  3370  5496 28297.5 
 781.76  3375  5573 35637 
 781.79  3380  5650 32998.5 
 781.82  3385  5726 37000.5 
 781.85  3390  5803 36148.5 
 781.88  3395  5880 35081.5 
 781.91  3400  5957 41538.5 
 781.93  3405  6035 36653 
 781.97  3410  6112 35257 
 782  3415  6189 32170.5 
 782.03  3420  6267 38144 
 782.06  3425  6345 35029.5 
 782.09  3430  6422 38265.5 
 782.12  3435  6500 35743.5 
 782.14  3440  6578 25927.5 
 782.17  3445  6657 26488.5 
 782.2  3450  6735 34271 
 782.23  3455  6813 34633.5 
 782.26  3460  6892 29058.5 
 782.29  3465  6971 32764.5 
 782.32  3470  7049 34593 
 782.35  3475  7128 27446 
 782.38  3480  7207 31408.5 
 782.4  3485  7286 31079.5 
 782.43  3490  7366 28065 
 782.46  3495  7445 27896 
 782.5  3500  7525 33918.5 
 782.53  3505  7604 35160 
 782.56  3510  7684 31141.5 
 782.59  3515  7764 29307 
 782.62  3520  7844 31368.5 
 782.65  3525  7924 23635.5 
 782.68  3530  8005 29802 
 782.71  3535  8085 31381 
 782.74  3540  8166 32155 
 782.77  3545  8246 32303 
 782.8  3550  8327 31866.5 
 782.83  3555  8408 28252 
 782.86  3560  8489 29357.5 
 782.89  3565  8570 25050.5 
 782.92  3570  8652 20392 
 782.95  3575  8733 24884.5 
 782.98  3580  8815 18983.5 
 783.02  3585  8897 16201 
 783.05  3590  8979 22667.5 
 783.08  3595  9061 27976.5 
 783.11  3600  9143 28978.5 
 783.14  3605  9225 22676 
 783.17  3610  9308 20422.5 
 783.2  3615  9390 23233.5 
 783.23  3620  9473 19114.5 
 783.26  3625  9556 26426 
 783.29  3630  9639 22633 
end
uxIntegration time is 0.2294 seconds per sampledt  3.4E-08 cy 1dh220619Arenosillo 37.1 6.73 3.78pr1000dark 15.15 
 838.21  2900  736 142.25 
 838.24  2905  803 150.25 
 838.28  2910  870 147.25 
 838.32  2915  937 145.25 
 838.35  2920  1004 151.25 
 838.39  2925  1071 157.5 
 838.43  2930  1138 167 
 838.47  2935  1206 182.25 
 838.5  2940  1273 198.5 
 838.54  2945  1341 234 
 838.58  2950  1408 274.5 
 838.61  2955  1476 384 
 838.65  2960  1544 526 
 838.69  2965  1611 580 
 838.72  2970  1679 690 
 838.76  2975  1747 1280 
 838.8  2980  1815 1527.75 
 838.84  2985  1883 1480.25 
 838.87  2990  1952 2638 
 838.91  2995  2020 3387.75 
 838.94  3000  2088 3314.5 
 838.97  3005  2157 4264 
 838.99  3010  2225 6310.5 
 839.02  3015  2294 8160.5 
 839.05  3020  2362 6887 
 839.08  3025  2431 11873 
 839.11  3030  2500 17883 
 839.14  3035  2569 20798.5 
 839.17  3040  2638 19404.5 
 839.19  3045  2707 24561.5 
 839.22  3050  2776 31629 
 839.25  3055  2845 32161 
 839.28  3060  2915 30711 
 839.31  3065  2984 35553.5 
 839.34  3070  3054 45588 
 839.36  3075  3123 51597 
 839.39  3080  3193 53625.5 
 839.42  3085  3263 58693.5 
 839.45  3090  3333 50523 
 839.48  3095  3403 53431.5 
 839.51  3100  3473 52252 
 839.53  3105  3543 80010 
 839.56  3110  3613 93102.5 
 839.59  3115  3683 88884 
 839.62  3120  3754 81214 
 839.65  3125  3824 90738.5 
 839.68  3130  3895 92732 
 839.7  3135  3965 92357.5 
 839.73  3140  4036 102859 
 839.76  3145  4107 84472.5 
 839.79  3150  4178 103798.5 
 839.82  3155  4249 88381 
 839.85  3160  4320 71603 
 839.87  3165  4391 92634.5 
 839.9  3170  4462 108549.5 
 839.93  3175  4534 108397 
 839.96  3180  4605 78917 
 839.99  3185  4677 87554.5 
 840.02  3190  4748 92624 
 840.04  3195  4820 78448 
 840.07  3200  4892 88792.5 
 840.1  3205  4964 95049 
 840.13  3210  5036 74603 
 840.16  3215  5108 67621 
 840.19  3220  5180 71864.5 
 840.21  3225  5253 57213.5 
 840.24  3230  5325 50805 
 840.27  3235  5397 52959.5 
 840.3  3240  5470 55863.5 
 840.33  3245  5543 52946.5 
 840.36  3250  5616 44646 
 840.62  3255  3766 32054.5 
 840.65  3260  3840 37126 
 840.68  3265  3914 35954.5 
 840.71  3270  3988 36298 
 840.73  3275  4063 35138.5 
 840.76  3280  4137 32800 
 840.79  3285  4212 32330.5 
 840.82  3290  4287 37714.5 
 840.85  3295  4361 41591.5 
 840.88  3300  4436 42100 
 840.91  3305  4511 34874.5 
 840.94  3310  4586 35712 
 840.97  3315  4662 35173.5 
 840.99  3320  4737 36360.5 
 841.02  3325  4812 35691 
 841.05  3330  4888 35620 
 841.08  3335  4964 32710 
 841.11  3340  5039 33827.5 
 841.14  3345  5115 37386.5 
 841.17  3350  5191 34927 
 841.2  3355  5267 38939.5 
 841.23  3360  5344 26516.5 
 841.25  3365  5420 32819.5 
 841.28  3370  5496 26417 
 841.31  3375  5573 33529.5 
 841.34  3380  5650 31076 
 841.37  3385  5726 35188.5 
 841.4  3390  5803 34088 
 841.43  3395  5880 33131 
 841.46  3400  5957 39311 
 841.49  3405  6035 34657 
 841.51  3410  6112 33314 
 841.54  3415  6189 30599 
 841.57  3420  6267 36154 
 841.6  3425  6345 33330.5 
 841.63  3430  6422 36195.5 
 841.66  3435  6500 33751 
 841.69  3440  6578 24631 
 841.72  3445  6657 25147.5 
 841.75  3450  6735 32560 
 841.77  3455  6813 32796 
 841.8  3460  6892 27157 
 841.83  3465  6971 31044 
 841.86  3470  7049 32844 
 841.89  3475  7128 26068 
 841.92  3480  7207 29938.5 
 841.95  3485  7286 29466.5 
 841.98  3490  7366 26594 
 842.01  3495  7445 26391 
 842.04  3500  7525 32132 
 842.07  3505  7604 33377 
 842.1  3510  7684 29688.5 
 842.13  3515  7764 28131 
 842.16  3520  7844 30280 
 842.19  3525  7924 23072 
 842.22  3530  8005 28980.5 
 842.25  3535  8085 30488.5 
 842.28  3540  8166 31171 
 842.31  3545  8246 31571.5 
 842.34  3550  8327 31040.5 
 842.37  3555  8408 27372 
 842.4  3560  8489 28425.5 
 842.43  3565  8570 23932.5 
 842.46  3570  8652 19488 
 842.49  3575  8733 23753.5 
 842.52  3580  8815 18219 
 842.55  3585  8897 15380 
 842.58  3590  8979 21610.5 
 842.61  3595  9061 26608 
 842.65  3600  9143 27682 
 842.68  3605  9225 21480.5 
 842.71  3610  9308 19344.5 
 842.74  3615  9390 21971 
 842.77  3620  9473 18255 
 842.8  3625  9556 25003 
 842.83  3630  9639 21416 
end
uxIntegration time is 0.2294 seconds per sampledt  3.4E-08 cy 1dh220619Arenosillo 37.1 6.73 3.37pr1000dark 5.95 
 1161.3  2900  736 8 
 1161.34  2905  803 8.5 
 1161.37  2910  870 7.75 
 1161.41  2915  937 8.25 
 1161.45  2920  1004 6.25 
 1161.49  2925  1071 8.5 
 1161.52  2930  1138 7.25 
 1161.56  2935  1206 8 
 1161.6  2940  1273 7.25 
 1161.63  2945  1341 7.25 
 1161.67  2950  1408 7.25 
 1161.71  2955  1476 8 
 1161.75  2960  1544 8.25 
 1161.78  2965  1611 7.5 
 1161.82  2970  1679 7.25 
 1161.86  2975  1747 9 
 1161.89  2980  1815 7 
 1161.93  2985  1883 8.75 
 1161.97  2990  1952 8.75 
 1162  2995  2020 8.75 
 1162.03  3000  2088 10 
 1162.06  3005  2157 10 
 1162.09  3010  2225 9.5 
 1162.12  3015  2294 14.5 
 1162.15  3020  2362 11.5 
 1162.18  3025  2431 16.5 
 1162.2  3030  2500 18.5 
 1162.23  3035  2569 35 
 1162.26  3040  2638 21 
 1162.29  3045  2707 27.5 
 1162.32  3050  2776 31.5 
 1162.35  3055  2845 39 
 1162.37  3060  2915 39.5 
 1162.4  3065  2984 40 
 1162.43  3070  3054 55 
 1162.46  3075  3123 63.5 
 1162.49  3080  3193 73.5 
 1162.52  3085  3263 86 
 1162.54  3090  3333 78 
 1162.57  3095  3403 100.5 
 1162.6  3100  3473 103.5 
 1162.63  3105  3543 162.5 
 1162.66  3110  3613 193.5 
 1162.69  3115  3683 190 
 1162.71  3120  3754 206.5 
 1162.74  3125  3824 263.5 
 1162.77  3130  3895 305.5 
 1162.8  3135  3965 301.5 
 1162.83  3140  4036 388.5 
 1162.86  3145  4107 397 
 1162.88  3150  4178 512.5 
 1162.91  3155  4249 406 
 1162.94  3160  4320 405 
 1162.97  3165  4391 643.5 
 1163  3170  4462 773 
 1163.03  3175  4534 728.5 
 1163.05  3180  4605 582.5 
 1163.08  3185  4677 923.5 
 1163.11  3190  4748 1077 
 1163.14  3195  4820 762 
 1163.17  3200  4892 851.5 
 1163.2  3205  4964 1219 
 1163.23  3210  5036 1203 
 1163.26  3215  5108 1112.5 
 1163.28  3220  5180 916 
 1163.31  3225  5253 748 
 1163.34  3230  5325 817.5 
 1163.37  3235  5397 1100 
 1163.4  3240  5470 1248.5 
 1163.43  3245  5543 1014 
 1163.45  3250  5616 750 
 1163.71  3255  3766 595.5 
 1163.74  3260  3840 823.5 
 1163.77  3265  3914 945.5 
 1163.8  3270  3988 904 
 1163.83  3275  4063 812.5 
 1163.86  3280  4137 657 
 1163.88  3285  4212 779 
 1163.91  3290  4287 1084.5 
 1163.94  3295  4361 1222.5 
 1163.97  3300  4436 1198.5 
 1164  3305  4511 897 
 1164.03  3310  4586 883.5 
 1164.05  3315  4662 940 
 1164.08  3320  4737 1127 
 1164.11  3325  4812 1164.5 
 1164.14  3330  4888 1086.5 
 1164.17  3335  4964 952 
 1164.2  3340  5039 969 
 1164.22  3345  5115 1154 
 1164.25  3350  5191 1142.5 
 1164.28  3355  5267 1299 
 1164.31  3360  5344 905 
 1164.34  3365  5420 1031.5 
 1164.37  3370  5496 800 
 1164.4  3375  5573 1033 
 1164.43  3380  5650 999.5 
 1164.46  3385  5726 1145 
 1164.49  3390  5803 1152 
 1164.52  3395  5880 1122.5 
 1164.55  3400  5957 1275.5 
 1164.57  3405  6035 1127.5 
 1164.6  3410  6112 1118.5 
 1164.63  3415  6189 1047 
 1164.66  3420  6267 1231.5 
 1164.69  3425  6345 1132 
 1164.72  3430  6422 1212.5 
 1164.74  3435  6500 1120 
 1164.77  3440  6578 792.5 
 1164.8  3445  6657 826 
 1164.83  3450  6735 1103.5 
 1164.86  3455  6813 1113 
 1164.89  3460  6892 941 
 1164.92  3465  6971 1057 
 1164.95  3470  7049 1104 
 1164.98  3475  7128 884.5 
 1165  3480  7207 1023 
 1165.03  3485  7286 999.5 
 1165.06  3490  7366 931 
 1165.09  3495  7445 908 
 1165.12  3500  7525 1087.5 
 1165.15  3505  7604 1130.5 
 1165.19  3510  7684 989.5 
 1165.22  3515  7764 961.5 
 1165.25  3520  7844 999 
 1165.28  3525  7924 769.5 
 1165.31  3530  8005 976 
 1165.34  3535  8085 1024.5 
 1165.37  3540  8166 1065 
 1165.4  3545  8246 1057 
 1165.43  3550  8327 1020 
 1165.46  3555  8408 930 
 1165.49  3560  8489 961 
 1165.52  3565  8570 811 
 1165.55  3570  8652 671 
 1165.58  3575  8733 787 
 1165.61  3580  8815 619.5 
 1165.64  3585  8897 526 
 1165.67  3590  8979 728.5 
 1165.7  3595  9061 868.5 
 1165.73  3600  9143 906.5 
 1165.76  3605  9225 697 
 1165.79  3610  9308 639.5 
 1165.83  3615  9390 712 
 1165.86  3620  9473 607.5 
 1165.89  3625  9556 803 
 1165.92  3630  9639 695.5 
end
