uxIntegration time is 0.2294 seconds per sampledt  2.7E-08 cy 1dh270619El Arenosillo 37.1 6.73 3.17pr1000dark 1.1 
 341.43  2900  722 1.75 
 341.48  2905  789 2 
 341.52  2910  857 2.75 
 341.57  2915  924 3.25 
 341.61  2920  992 2.25 
 341.66  2925  1060 2.25 
 341.7  2930  1127 2 
 341.75  2935  1195 2 
 341.79  2940  1263 2.5 
 341.83  2945  1331 2.25 
 341.88  2950  1399 2.25 
 341.93  2955  1468 2.5 
 341.98  2960  1536 2.25 
 342.02  2965  1604 2.25 
 342.07  2970  1672 2.25 
 342.11  2975  1741 2.75 
 342.16  2980  1809 4 
 342.2  2985  1878 4 
 342.25  2990  1946 2.75 
 342.3  2995  2015 3.25 
 342.33  3000  2084 4 
 342.37  3005  2153 4.5 
 342.4  3010  2221 5 
 342.44  3015  2290 5 
 342.48  3020  2359 6 
 342.52  3025  2428 7.5 
 342.56  3030  2498 11.5 
 342.59  3035  2567 13 
 342.63  3040  2636 12 
 342.67  3045  2705 14.5 
 342.71  3050  2775 21 
 342.74  3055  2844 24 
 342.78  3060  2914 22 
 342.82  3065  2984 28 
 342.85  3070  3053 41 
 342.89  3075  3123 52 
 342.93  3080  3193 49 
 342.97  3085  3263 78 
 343.01  3090  3333 60.5 
 343.04  3095  3403 76.5 
 343.08  3100  3473 87.5 
 343.12  3105  3544 127.5 
 343.15  3110  3614 163.5 
 343.19  3115  3684 167.5 
 343.22  3120  3755 190.5 
 343.26  3125  3826 255 
 343.3  3130  3896 286.5 
 343.33  3135  3967 264.5 
 343.37  3140  4038 360 
 343.41  3145  4109 396 
 343.44  3150  4180 517 
 343.49  3155  4251 404.5 
 343.52  3160  4322 430 
 343.56  3165  4393 669.5 
 343.6  3170  4465 795 
 343.63  3175  4536 739.5 
 343.67  3180  4607 643 
 343.71  3185  4679 972 
 343.74  3190  4751 1046.5 
 343.78  3195  4822 793 
 343.82  3200  4894 925 
 343.85  3205  4966 1236.5 
 343.89  3210  5038 1156.5 
 343.93  3215  5110 1090.5 
 343.96  3220  5183 944 
 344.01  3225  5255 734.5 
 344.04  3230  5327 864 
 344.08  3235  5400 1116.5 
 344.12  3240  5472 1199 
 344.15  3245  5545 1028.5 
 344.19  3250  5618 800 
 344.47  3255  3767 532 
 344.51  3260  3842 713.5 
 344.54  3265  3916 776.5 
 344.58  3270  3990 776 
 344.62  3275  4065 710.5 
 344.65  3280  4139 599 
 344.69  3285  4214 721.5 
 344.74  3290  4288 917 
 344.77  3295  4363 1059.5 
 344.81  3300  4438 1009.5 
 344.85  3305  4513 803.5 
 344.88  3310  4588 782 
 344.92  3315  4664 863.5 
 344.96  3320  4739 970.5 
 344.99  3325  4814 995.5 
 345.03  3330  4890 977 
 345.07  3335  4965 850 
 345.1  3340  5041 892.5 
 345.14  3345  5117 1007 
 345.18  3350  5193 1021.5 
 345.22  3355  5269 1126 
 345.26  3360  5345 784 
 345.3  3365  5421 935.5 
 345.33  3370  5498 740 
 345.37  3375  5574 962 
 345.41  3380  5651 922.5 
 345.45  3385  5728 1060 
 345.48  3390  5805 1039.5 
 345.52  3395  5882 1073 
 345.56  3400  5959 1180 
 345.59  3405  6036 1040.5 
 345.63  3410  6113 1022 
 345.67  3415  6190 1015 
 345.7  3420  6268 1146.5 
 345.75  3425  6346 1085 
 345.79  3430  6423 1154.5 
 345.82  3435  6501 1066 
 345.86  3440  6579 737.5 
 345.9  3445  6658 855 
 345.93  3450  6736 1074 
 345.97  3455  6814 1072.5 
 346.01  3460  6893 949 
 346.04  3465  6971 1044 
 346.08  3470  7050 1097.5 
 346.12  3475  7129 863 
 346.16  3480  7208 1022 
 346.19  3485  7287 1009.5 
 346.23  3490  7367 930 
 346.28  3495  7446 905.5 
 346.31  3500  7526 1112 
 346.35  3505  7605 1133 
 346.39  3510  7685 1019.5 
 346.42  3515  7765 991 
 346.46  3520  7845 1052 
 346.5  3525  7925 843 
 346.54  3530  8006 1030 
 346.57  3535  8086 1099 
 346.61  3540  8167 1137.5 
 346.65  3545  8248 1127 
 346.68  3550  8329 1110.5 
 346.72  3555  8410 997 
 346.76  3560  8491 1026 
 346.8  3565  8572 845 
 346.84  3570  8654 715 
 346.88  3575  8736 853 
 346.92  3580  8818 649.5 
 346.95  3585  8900 573 
 346.99  3590  8982 792.5 
 347.03  3595  9064 963 
 347.07  3600  9146 1009.5 
 347.1  3605  9229 789.5 
 347.14  3610  9312 706 
 347.18  3615  9395 809 
 347.21  3620  9478 687.5 
 347.25  3625  9561 916 
 347.29  3630  9645 770 
end
uxIntegration time is 0.2294 seconds per sampledt  2.7E-08 cy 1dh270619El Arenosillo 37.1 6.73 3.17pr1000dark .75 
 362.99  2900  722 4.75 
 363.04  2905  789 4.25 
 363.09  2910  857 3.25 
 363.13  2915  924 4.75 
 363.18  2920  992 4.5 
 363.23  2925  1060 4 
 363.27  2930  1127 4.25 
 363.32  2935  1195 4.5 
 363.36  2940  1263 5 
 363.41  2945  1331 5 
 363.46  2950  1399 5.25 
 363.5  2955  1468 5.5 
 363.55  2960  1536 5.25 
 363.6  2965  1604 4.5 
 363.64  2970  1672 4.25 
 363.69  2975  1741 5 
 363.73  2980  1809 6 
 363.78  2985  1878 5.75 
 363.83  2990  1946 5.75 
 363.87  2995  2015 5 
 363.91  3000  2084 7 
 363.95  3005  2153 7 
 363.99  3010  2221 7.5 
 364.02  3015  2290 12 
 364.05  3020  2359 10.5 
 364.09  3025  2428 13 
 364.13  3030  2498 20.5 
 364.16  3035  2567 21 
 364.2  3040  2636 20.5 
 364.24  3045  2705 34.5 
 364.28  3050  2775 46 
 364.32  3055  2844 46.5 
 364.35  3060  2914 44 
 364.39  3065  2984 62 
 364.42  3070  3053 102.5 
 364.46  3075  3123 122 
 364.5  3080  3193 137 
 364.53  3085  3263 161 
 364.58  3090  3333 163.5 
 364.61  3095  3403 221.5 
 364.65  3100  3473 248 
 364.69  3105  3544 406 
 364.72  3110  3614 524.5 
 364.76  3115  3684 535.5 
 364.8  3120  3755 644.5 
 364.83  3125  3826 841.5 
 364.87  3130  3896 911.5 
 364.92  3135  3967 908.5 
 364.95  3140  4038 1200 
 364.99  3145  4109 1247 
 365.02  3150  4180 1578 
 365.06  3155  4251 1274.5 
 365.1  3160  4322 1309 
 365.14  3165  4393 1901.5 
 365.17  3170  4465 2257 
 365.22  3175  4536 2134 
 365.26  3180  4607 1774 
 365.29  3185  4679 2513 
 365.33  3190  4751 2639.5 
 365.37  3195  4822 2101.5 
 365.4  3200  4894 2410.5 
 365.44  3205  4966 3034.5 
 365.48  3210  5038 2654.5 
 365.52  3215  5110 2563.5 
 365.56  3220  5183 2278 
 365.6  3225  5255 1819.5 
 365.64  3230  5327 2012 
 365.67  3235  5400 2383.5 
 365.71  3240  5472 2534 
 365.75  3245  5545 2207.5 
 365.78  3250  5618 1788.5 
 366.07  3255  3767 1171 
 366.11  3260  3842 1491.5 
 366.15  3265  3916 1589.5 
 366.18  3270  3990 1573 
 366.22  3275  4065 1435.5 
 366.26  3280  4139 1272 
 366.29  3285  4214 1409 
 366.33  3290  4288 1787.5 
 366.37  3295  4363 1997 
 366.41  3300  4438 1972 
 366.45  3305  4513 1561.5 
 366.49  3310  4588 1617 
 366.53  3315  4664 1718.5 
 366.56  3320  4739 1793.5 
 366.6  3325  4814 1850 
 366.64  3330  4890 1819.5 
 366.67  3335  4965 1580.5 
 366.72  3340  5041 1726 
 366.76  3345  5117 1937.5 
 366.79  3350  5193 1899.5 
 366.83  3355  5269 2088.5 
 366.87  3360  5345 1458.5 
 366.91  3365  5421 1761 
 366.94  3370  5498 1426 
 366.98  3375  5574 1811.5 
 367.02  3380  5651 1687.5 
 367.06  3385  5728 1996.5 
 367.1  3390  5805 1915 
 367.14  3395  5882 1931 
 367.17  3400  5959 2184 
 367.21  3405  6036 1931.5 
 367.25  3410  6113 1900 
 367.29  3415  6190 1837 
 367.32  3420  6268 2087 
 367.37  3425  6346 2012 
 367.41  3430  6423 2117.5 
 367.44  3435  6501 1960 
 367.48  3440  6579 1373 
 367.52  3445  6658 1589 
 367.55  3450  6736 1913.5 
 367.59  3455  6814 1954 
 367.63  3460  6893 1682 
 367.67  3465  6971 1875.5 
 367.71  3470  7050 1981 
 367.75  3475  7129 1579.5 
 367.79  3480  7208 1841 
 367.82  3485  7287 1838 
 367.86  3490  7367 1645 
 367.9  3495  7446 1670.5 
 367.93  3500  7526 2016.5 
 367.97  3505  7605 2110 
 368.02  3510  7685 1857 
 368.05  3515  7765 1817 
 368.09  3520  7845 1861 
 368.13  3525  7925 1492 
 368.17  3530  8006 1868.5 
 368.2  3535  8086 1943 
 368.24  3540  8167 1997.5 
 368.28  3545  8248 2013 
 368.32  3550  8329 1938.5 
 368.36  3555  8410 1810 
 368.4  3560  8491 1839 
 368.43  3565  8572 1500 
 368.47  3570  8654 1291 
 368.51  3575  8736 1546.5 
 368.55  3580  8818 1181.5 
 368.58  3585  8900 1032 
 368.62  3590  8982 1447 
 368.66  3595  9064 1683 
 368.7  3600  9146 1794.5 
 368.74  3605  9229 1369 
 368.78  3610  9312 1280 
 368.81  3615  9395 1431 
 368.85  3620  9478 1217 
 368.89  3625  9561 1640 
 368.92  3630  9645 1372.5 
end
uaIntegration time is 0.2294 seconds per sampledt  2.7E-08 cy 1dh270619El Arenosillo 37.1 6.73 3.17pr1000dark .7 
 390.04  2900  722 8.25 
 390.1  2905  789 7.75 
 390.15  2910  857 9.75 
 390.2  2915  924 8.75 
 390.25  2920  992 8.75 
 390.31  2925  1060 8.25 
 390.35  2930  1127 7.75 
 390.4  2935  1195 9.75 
 390.45  2940  1263 9.75 
 390.5  2945  1331 9 
 390.55  2950  1399 9 
 390.6  2955  1468 9.25 
 390.65  2960  1536 10.75 
 390.71  2965  1604 9.5 
 390.75  2970  1672 10.75 
 390.8  2975  1741 10.75 
 390.85  2980  1809 10.75 
 390.9  2985  1878 9.25 
 390.95  2990  1946 11.25 
 391  2995  2015 12.25 
 391.05  3000  2084 13.75 
 391.1  3005  2153 12 
 391.16  3010  2221 17.5 
 391.2  3015  2290 20.25 
 391.25  3020  2359 18.75 
 391.3  3025  2428 29 
 391.35  3030  2498 44.75 
 391.4  3035  2567 53.5 
 391.45  3040  2636 60 
 391.5  3045  2705 88.25 
 391.56  3050  2775 135 
 391.6  3055  2844 152.75 
 391.65  3060  2914 166.25 
 391.7  3065  2984 213.5 
 391.75  3070  3053 347 
 391.8  3075  3123 452.25 
 391.85  3080  3193 501.75 
 391.9  3085  3263 602.25 
 391.96  3090  3333 586 
 392  3095  3403 807.5 
 392.05  3100  3473 871.5 
 392.1  3105  3544 1444 
 392.15  3110  3614 1806.25 
 392.2  3115  3684 1834.75 
 392.25  3120  3755 2019.5 
 392.3  3125  3826 2533.25 
 392.35  3130  3896 2745.5 
 392.41  3135  3967 2739.75 
 392.45  3140  4038 3411 
 392.5  3145  4109 3345.75 
 392.55  3150  4180 4235.25 
 392.6  3155  4251 3390.5 
 392.65  3160  4322 3274.25 
 392.7  3165  4393 4654.75 
 392.75  3170  4465 5475.75 
 392.81  3175  4536 5196.5 
 392.85  3180  4607 4215.75 
 392.9  3185  4679 5535 
 392.95  3190  4751 5763.25 
 393  3195  4822 4799.5 
 393.05  3200  4894 5436.25 
 393.1  3205  4966 6438.75 
 393.15  3210  5038 5385.75 
 393.2  3215  5110 5207.25 
 393.26  3220  5183 4868.75 
 393.3  3225  5255 3815.75 
 393.35  3230  5327 3985 
 393.4  3235  5400 4498.5 
 393.45  3240  5472 4813 
 393.5  3245  5545 4236.25 
 393.55  3250  5618 3583 
 393.85  3255  3767 2282.75 
 393.9  3260  3842 2806.75 
 393.95  3265  3916 2888.75 
 393.99  3270  3990 2878 
 394.04  3275  4065 2693.75 
 394.08  3280  4139 2461.5 
 394.13  3285  4214 2610.75 
 394.17  3290  4288 3233.5 
 394.22  3295  4363 3580.5 
 394.27  3300  4438 3603 
 394.32  3305  4513 2857.25 
 394.37  3310  4588 2951 
 394.41  3315  4664 3062.25 
 394.46  3320  4739 3234.5 
 394.5  3325  4814 3271.5 
 394.55  3330  4890 3227.75 
 394.59  3335  4965 2875.5 
 394.65  3340  5041 3075.25 
 394.69  3345  5117 3408.25 
 394.74  3350  5193 3320.5 
 394.78  3355  5269 3621 
 394.83  3360  5345 2506.25 
 394.88  3365  5421 3087.75 
 394.92  3370  5498 2492.75 
 394.97  3375  5574 3189.75 
 395.01  3380  5651 2950 
 395.07  3385  5728 3450.5 
 395.12  3390  5805 3279.25 
 395.16  3395  5882 3378.75 
 395.21  3400  5959 3784 
 395.25  3405  6036 3353.75 
 395.3  3410  6113 3288.5 
 395.34  3415  6190 3126.5 
 395.39  3420  6268 3622.25 
 395.44  3425  6346 3431.5 
 395.49  3430  6423 3648.75 
 395.54  3435  6501 3383.5 
 395.58  3440  6579 2371.75 
 395.63  3445  6658 2693.5 
 395.67  3450  6736 3391.5 
 395.72  3455  6814 3339.5 
 395.77  3460  6893 2907.5 
 395.82  3465  6971 3242.75 
 395.87  3470  7050 3418.5 
 395.91  3475  7129 2736 
 395.96  3480  7208 3202.75 
 396  3485  7287 3163.5 
 396.05  3490  7367 2856.25 
 396.09  3495  7446 2910.25 
 396.14  3500  7526 3549.75 
 396.19  3505  7605 3617.25 
 396.24  3510  7685 3207.5 
 396.29  3515  7765 3150.75 
 396.33  3520  7845 3220.25 
 396.38  3525  7925 2576 
 396.42  3530  8006 3227.75 
 396.47  3535  8086 3385.25 
 396.52  3540  8167 3464.5 
 396.56  3545  8248 3520 
 396.62  3550  8329 3407.75 
 396.66  3555  8410 3086.5 
 396.71  3560  8491 3165.5 
 396.75  3565  8572 2627.5 
 396.8  3570  8654 2232.75 
 396.85  3575  8736 2678.5 
 396.89  3580  8818 2048.5 
 396.94  3585  8900 1778 
 396.98  3590  8982 2477.25 
 397.04  3595  9064 2985.75 
 397.08  3600  9146 3088.25 
 397.13  3605  9229 2369 
 397.17  3610  9312 2196.25 
 397.22  3615  9395 2507.25 
 397.27  3620  9478 2121 
 397.31  3625  9561 2855.75 
 397.36  3630  9645 2411.25 
end
uaIntegration time is 0.2294 seconds per sampledt  2.7E-08 cy 1dh270619El Arenosillo 37.1 6.73 3.19pr1000dark .85 
 420.05  2900  722 13.75 
 420.1  2905  789 16.5 
 420.15  2910  857 16 
 420.2  2915  924 15 
 420.25  2920  992 13.25 
 420.3  2925  1060 16.75 
 420.35  2930  1127 15.25 
 420.4  2935  1195 15.25 
 420.45  2940  1263 14.5 
 420.5  2945  1331 17.25 
 420.55  2950  1399 17.75 
 420.6  2955  1468 17.25 
 420.65  2960  1536 17.75 
 420.71  2965  1604 17.5 
 420.75  2970  1672 17.5 
 420.8  2975  1741 19.25 
 420.85  2980  1809 18 
 420.9  2985  1878 20.5 
 420.95  2990  1946 28.5 
 421  2995  2015 24.75 
 421.05  3000  2084 25.25 
 421.11  3005  2153 30.75 
 421.15  3010  2221 42 
 421.2  3015  2290 55.25 
 421.25  3020  2359 55.25 
 421.3  3025  2428 95 
 421.35  3030  2498 154.5 
 421.4  3035  2567 196.75 
 421.45  3040  2636 206 
 421.5  3045  2705 304.5 
 421.55  3050  2775 478.75 
 421.6  3055  2844 542.75 
 421.65  3060  2914 561.75 
 421.7  3065  2984 712 
 421.75  3070  3053 1082.5 
 421.8  3075  3123 1405 
 421.85  3080  3193 1590.75 
 421.9  3085  3263 1837 
 421.96  3090  3333 1738.75 
 422  3095  3403 2185.75 
 422.05  3100  3473 2353.75 
 422.1  3105  3544 3777 
 422.15  3110  3614 4683.75 
 422.2  3115  3684 4643.5 
 422.25  3120  3755 4839.75 
 422.3  3125  3826 5862.5 
 422.36  3130  3896 6230.75 
 422.41  3135  3967 6252.75 
 422.45  3140  4038 7448.25 
 422.5  3145  4109 6985.5 
 422.55  3150  4180 8752.25 
 422.6  3155  4251 7189.75 
 422.65  3160  4322 6531.5 
 422.7  3165  4393 9090.5 
 422.76  3170  4465 10692.5 
 422.8  3175  4536 10352 
 422.85  3180  4607 8009 
 422.9  3185  4679 10141.75 
 422.95  3190  4751 10426 
 423  3195  4822 8809 
 423.05  3200  4894 10008.25 
 423.1  3205  4966 11457 
 423.15  3210  5038 9331.25 
 423.2  3215  5110 8951.25 
 423.25  3220  5183 8628 
 423.3  3225  5255 6735.5 
 423.35  3230  5327 6834.75 
 423.4  3235  5400 7541.5 
 423.45  3240  5472 8004.5 
 423.5  3245  5545 7181.75 
 423.55  3250  5618 6063.25 
 423.85  3255  3767 3863.25 
 423.9  3260  3842 4623 
 423.95  3265  3916 4667 
 423.99  3270  3990 4698.75 
 424.04  3275  4065 4449.5 
 424.08  3280  4139 4110.75 
 424.13  3285  4214 4213.75 
 424.17  3290  4288 5135.5 
 424.23  3295  4363 5690.25 
 424.28  3300  4438 5755.75 
 424.32  3305  4513 4687.25 
 424.37  3310  4588 4795.75 
 424.41  3315  4664 4905 
 424.46  3320  4739 5124.25 
 424.5  3325  4814 5160.75 
 424.55  3330  4890 5154.75 
 424.6  3335  4965 4608.25 
 424.65  3340  5041 4908.75 
 424.7  3345  5117 5397.5 
 424.74  3350  5193 5276.75 
 424.77  3355  5269 5700.25 
 424.82  3360  5345 3981 
 424.86  3365  5421 4872.25 
 424.91  3370  5498 3926.75 
 424.96  3375  5574 5075.5 
 425.01  3380  5651 4658.75 
 425.06  3385  5728 5450.75 
 425.1  3390  5805 5143.5 
 425.15  3395  5882 5290.5 
 425.19  3400  5959 6014 
 425.24  3405  6036 5300.25 
 425.28  3410  6113 5178.25 
 425.34  3415  6190 4946.5 
 425.38  3420  6268 5682.5 
 425.43  3425  6346 5305.5 
 425.48  3430  6423 5709.75 
 425.52  3435  6501 5323.5 
 425.57  3440  6579 3773.5 
 425.61  3445  6658 4221.25 
 425.66  3450  6736 5282.25 
 425.71  3455  6814 5257.25 
 425.76  3460  6893 4541 
 425.81  3465  6971 5098.25 
 425.85  3470  7050 5391.5 
 425.9  3475  7129 4285.75 
 425.94  3480  7208 5004.25 
 425.99  3485  7287 4900.75 
 426.04  3490  7367 4443 
 426.08  3495  7446 4504.25 
 426.14  3500  7526 5533.25 
 426.18  3505  7605 5600.75 
 426.23  3510  7685 4967.5 
 426.27  3515  7765 4929.25 
 426.32  3520  7845 5064 
 426.37  3525  7925 3987 
 426.41  3530  8006 5001.25 
 426.46  3535  8086 5305 
 426.51  3540  8167 5400.75 
 426.56  3545  8248 5467.25 
 426.6  3550  8329 5363.5 
 426.65  3555  8410 4801.75 
 426.69  3560  8491 4954 
 426.74  3565  8572 4132.5 
 426.79  3570  8654 3466.25 
 426.83  3575  8736 4202.5 
 426.89  3580  8818 3192 
 426.93  3585  8900 2803.5 
 426.98  3590  8982 3855.25 
 427.02  3595  9064 4689.5 
 427.07  3600  9146 4847.75 
 427.12  3605  9229 3762.5 
 427.16  3610  9312 3437.75 
 427.21  3615  9395 3887.5 
 427.25  3620  9478 3244.75 
 427.31  3625  9561 4430.25 
 427.35  3630  9645 3781.75 
end
uaIntegration time is 0.2294 seconds per sampledt  2.7E-08 cy 1dh270619El Arenosillo 37.1 6.73 3.23pr1000dark .75 
 450.06  2900  722 23 
 450.11  2905  789 27.5 
 450.16  2910  857 22.5 
 450.22  2915  924 21 
 450.27  2920  992 34.75 
 450.31  2925  1060 24.5 
 450.36  2930  1127 25.5 
 450.42  2935  1195 30.25 
 450.46  2940  1263 24.25 
 450.51  2945  1331 29.75 
 450.57  2950  1399 26.75 
 450.62  2955  1468 28.25 
 450.66  2960  1536 32 
 450.71  2965  1604 37 
 450.76  2970  1672 38.25 
 450.81  2975  1741 35 
 450.87  2980  1809 35.25 
 450.92  2985  1878 41 
 450.96  2990  1946 44.75 
 451.01  2995  2015 61.5 
 451.06  3000  2084 60 
 451.11  3005  2153 78.25 
 451.16  3010  2221 111.75 
 451.22  3015  2290 155.75 
 451.27  3020  2359 157.75 
 451.31  3025  2428 276.25 
 451.36  3030  2498 462.75 
 451.41  3035  2567 598 
 451.47  3040  2636 600.25 
 451.51  3045  2705 851 
 451.57  3050  2775 1302.75 
 451.61  3055  2844 1411.75 
 451.66  3060  2914 1456.5 
 451.71  3065  2984 1791.5 
 451.76  3070  3053 2628.75 
 451.81  3075  3123 3325 
 451.87  3080  3193 3593.25 
 451.92  3085  3263 4140.75 
 451.96  3090  3333 3754.75 
 452.01  3095  3403 4514 
 452.06  3100  3473 4735.5 
 452.11  3105  3544 7576.5 
 452.16  3110  3614 9164 
 452.22  3115  3684 8975.75 
 452.27  3120  3755 9000.5 
 452.31  3125  3826 10749 
 452.36  3130  3896 11291.25 
 452.41  3135  3967 11275.5 
 452.46  3140  4038 13186 
 452.51  3145  4109 11869.75 
 452.57  3150  4180 14805.25 
 452.61  3155  4251 12103.25 
 452.66  3160  4322 10890.25 
 452.71  3165  4393 14735.25 
 452.77  3170  4465 17408 
 452.81  3175  4536 16766.75 
 452.87  3180  4607 12786.75 
 452.92  3185  4679 15763.25 
 452.97  3190  4751 16085.75 
 453.01  3195  4822 13873.25 
 453.06  3200  4894 15656.75 
 453.11  3205  4966 17533 
 453.16  3210  5038 14036.5 
 453.22  3215  5110 13401.25 
 453.27  3220  5183 13186.25 
 453.32  3225  5255 10362.5 
 453.36  3230  5327 10244 
 453.42  3235  5400 11015.75 
 453.46  3240  5472 11698 
 453.51  3245  5545 10587 
 453.57  3250  5618 9101.25 
 453.86  3255  3767 5662.75 
 453.9  3260  3842 6703.75 
 453.95  3265  3916 6774 
 454  3270  3990 6736.75 
 454.05  3275  4065 6476.75 
 454.1  3280  4139 6002.5 
 454.14  3285  4214 6137.5 
 454.19  3290  4288 7300.25 
 454.23  3295  4363 8141.5 
 454.28  3300  4438 8209 
 454.32  3305  4513 6662.75 
 454.38  3310  4588 6895 
 454.42  3315  4664 7018.25 
 454.47  3320  4739 7234 
 454.51  3325  4814 7286.75 
 454.56  3330  4890 7219.75 
 454.6  3335  4965 6548 
 454.65  3340  5041 6924.25 
 454.7  3345  5117 7655.25 
 454.75  3350  5193 7328.75 
 454.79  3355  5269 8038.75 
 454.84  3360  5345 5556 
 454.89  3365  5421 6895 
 454.93  3370  5498 5556.5 
 454.98  3375  5574 7129.75 
 455.03  3380  5651 6536.75 
 455.08  3385  5728 7601.25 
 455.12  3390  5805 7209.75 
 455.17  3395  5882 7342 
 455.21  3400  5959 8450 
 455.26  3405  6036 7445.25 
 455.32  3410  6113 7232.25 
 455.36  3415  6190 6868.75 
 455.41  3420  6268 7911.75 
 455.45  3425  6346 7437.75 
 455.5  3430  6423 7988.5 
 455.54  3435  6501 7467.25 
 455.59  3440  6579 5263 
 455.64  3445  6658 5844.5 
 455.69  3450  6736 7420.5 
 455.74  3455  6814 7342.75 
 455.78  3460  6893 6322.25 
 455.83  3465  6971 7094.25 
 455.87  3470  7050 7539.25 
 455.92  3475  7129 5970.25 
 455.98  3480  7208 7002 
 456.02  3485  7287 6922.75 
 456.07  3490  7367 6172 
 456.11  3495  7446 6291.5 
 456.16  3500  7526 7649 
 456.21  3505  7605 7835.5 
 456.26  3510  7685 6974.5 
 456.31  3515  7765 6841.25 
 456.36  3520  7845 7099 
 456.41  3525  7925 5581 
 456.45  3530  8006 7012 
 456.5  3535  8086 7360 
 456.54  3540  8167 7512.75 
 456.6  3545  8248 7578 
 456.65  3550  8329 7487 
 456.69  3555  8410 6668 
 456.74  3560  8491 6912.75 
 456.78  3565  8572 5718.75 
 456.83  3570  8654 4825.5 
 456.88  3575  8736 5862.75 
 456.93  3580  8818 4441.25 
 456.98  3585  8900 3808.75 
 457.02  3590  8982 5364.75 
 457.07  3595  9064 6483.5 
 457.11  3600  9146 6740 
 457.16  3605  9229 5219.75 
 457.21  3610  9312 4765.75 
 457.26  3615  9395 5402.5 
 457.31  3620  9478 4486.5 
 457.35  3625  9561 6175 
 457.4  3630  9645 5229.25 
end
uxIntegration time is 0.2294 seconds per sampledt  2.7E-08 cy 1dh270619El Arenosillo 37.1 6.73 3.27pr1000dark .85 
 459.21  2900  722 37 
 459.26  2905  789 26 
 459.31  2910  857 29.5 
 459.36  2915  924 31.5 
 459.4  2920  992 30.25 
 459.44  2925  1060 27.5 
 459.49  2930  1127 35.75 
 459.53  2935  1195 28.25 
 459.58  2940  1263 43 
 459.63  2945  1331 30 
 459.68  2950  1399 32.25 
 459.72  2955  1468 36 
 459.77  2960  1536 32.25 
 459.81  2965  1604 37 
 459.86  2970  1672 33 
 459.9  2975  1741 40 
 459.96  2980  1809 40.5 
 460  2985  1878 44.25 
 460.04  2990  1946 54.75 
 460.09  2995  2015 75.75 
 460.13  3000  2084 80 
 460.16  3005  2153 104.5 
 460.2  3010  2221 134.5 
 460.25  3015  2290 211.5 
 460.28  3020  2359 211.5 
 460.32  3025  2428 388.5 
 460.35  3030  2498 619 
 460.39  3035  2567 785 
 460.43  3040  2636 782 
 460.48  3045  2705 1126 
 460.51  3050  2775 1676 
 460.55  3055  2844 1803 
 460.58  3060  2914 1852 
 460.62  3065  2984 2262 
 460.66  3070  3053 3285.5 
 460.69  3075  3123 4053 
 460.74  3080  3193 4400 
 460.77  3085  3263 5056.5 
 460.81  3090  3333 4571 
 460.85  3095  3403 5368 
 460.88  3100  3473 5643.5 
 460.92  3105  3544 9008.5 
 460.96  3110  3614 10817.5 
 461  3115  3684 10587 
 461.04  3120  3755 10453 
 461.08  3125  3826 12404.5 
 461.12  3130  3896 13031.5 
 461.15  3135  3967 13029.5 
 461.19  3140  4038 15189.5 
 461.23  3145  4109 13494 
 461.27  3150  4180 16781 
 461.31  3155  4251 13833.5 
 461.35  3160  4322 12299.5 
 461.38  3165  4393 16543.5 
 461.42  3170  4465 19580.5 
 461.46  3175  4536 18926.5 
 461.5  3180  4607 14299 
 461.54  3185  4679 17476 
 461.57  3190  4751 17997 
 461.61  3195  4822 15485.5 
 461.65  3200  4894 17508 
 461.69  3205  4966 19457 
 461.72  3210  5038 15509 
 461.77  3215  5110 14782 
 461.81  3220  5183 14656 
 461.84  3225  5255 11441.5 
 461.88  3230  5327 11272.5 
 461.92  3235  5400 12041.5 
 461.95  3240  5472 12855.5 
 462  3245  5545 11656 
 462.04  3250  5618 9940 
 462.32  3255  3767 6256.5 
 462.36  3260  3842 7312 
 462.39  3265  3916 7332 
 462.43  3270  3990 7415 
 462.48  3275  4065 7088 
 462.51  3280  4139 6524 
 462.55  3285  4214 6645.5 
 462.59  3290  4288 7970.5 
 462.62  3295  4363 8832.5 
 462.66  3300  4438 8996.5 
 462.7  3305  4513 7244.5 
 462.74  3310  4588 7525 
 462.78  3315  4664 7629 
 462.82  3320  4739 7948 
 462.86  3325  4814 7910 
 462.89  3330  4890 7862.5 
 462.93  3335  4965 7112.5 
 462.97  3340  5041 7519 
 463.01  3345  5117 8283 
 463.05  3350  5193 7980.5 
 463.09  3355  5269 8727.5 
 463.12  3360  5345 6004 
 463.16  3365  5421 7399.5 
 463.2  3370  5498 6047 
 463.24  3375  5574 7800.5 
 463.28  3380  5651 7044 
 463.32  3385  5728 8282 
 463.36  3390  5805 7827 
 463.39  3395  5882 8022.5 
 463.43  3400  5959 9203.5 
 463.47  3405  6036 8018.5 
 463.51  3410  6113 7869 
 463.55  3415  6190 7435 
 463.59  3420  6268 8603 
 463.62  3425  6346 8081 
 463.66  3430  6423 8692.5 
 463.7  3435  6501 8037.5 
 463.74  3440  6579 5707.5 
 463.78  3445  6658 6292.5 
 463.82  3450  6736 7968 
 463.86  3455  6814 7909.5 
 463.89  3460  6893 6869.5 
 463.93  3465  6971 7707.5 
 463.97  3470  7050 8084.5 
 464.02  3475  7129 6426.5 
 464.05  3480  7208 7507 
 464.09  3485  7287 7365 
 464.13  3490  7367 6708 
 464.16  3495  7446 6807.5 
 464.2  3500  7526 8264 
 464.24  3505  7605 8484.5 
 464.28  3510  7685 7494 
 464.32  3515  7765 7349.5 
 464.36  3520  7845 7597.5 
 464.4  3525  7925 6064 
 464.43  3530  8006 7567.5 
 464.47  3535  8086 7938.5 
 464.51  3540  8167 8078 
 464.56  3545  8248 8204.5 
 464.59  3550  8329 8017 
 464.63  3555  8410 7180.5 
 464.67  3560  8491 7424 
 464.7  3565  8572 6222.5 
 464.74  3570  8654 5153 
 464.79  3575  8736 6257.5 
 464.82  3580  8818 4793 
 464.86  3585  8900 4074 
 464.9  3590  8982 5768.5 
 464.94  3595  9064 6977 
 464.97  3600  9146 7263 
 465.01  3605  9229 5643.5 
 465.06  3610  9312 5111 
 465.09  3615  9395 5811.5 
 465.13  3620  9478 4851.5 
 465.17  3625  9561 6563.5 
 465.21  3630  9645 5631.5 
end
uxIntegration time is 0.2294 seconds per sampledt  2.7E-08 cy 1dh270619El Arenosillo 37.1 6.73 3.56pr1000dark 2.25 
 633.49  2900  722 101.75 
 633.53  2905  789 100.25 
 633.58  2910  857 106.75 
 633.62  2915  924 102.25 
 633.66  2920  992 108.75 
 633.71  2925  1060 106 
 633.76  2930  1127 110.75 
 633.8  2935  1195 126.5 
 633.85  2940  1263 139.5 
 633.89  2945  1331 152.75 
 633.94  2950  1399 186.5 
 633.99  2955  1468 232 
 634.04  2960  1536 317.75 
 634.08  2965  1604 333.5 
 634.13  2970  1672 401.25 
 634.17  2975  1741 726 
 634.22  2980  1809 848.25 
 634.26  2985  1878 853.25 
 634.31  2990  1946 1430.5 
 634.35  2995  2015 1829 
 634.39  3000  2084 1810 
 634.42  3005  2153 2337.5 
 634.46  3010  2221 3432 
 634.5  3015  2290 4326.5 
 634.54  3020  2359 3729.5 
 634.58  3025  2428 6457.5 
 634.61  3030  2498 9569 
 634.65  3035  2567 10896.5 
 634.69  3040  2636 10460 
 634.72  3045  2705 13241.5 
 634.76  3050  2775 17070 
 634.8  3055  2844 16831 
 634.83  3060  2914 16737.5 
 634.87  3065  2984 18964 
 634.9  3070  3053 24560.5 
 634.94  3075  3123 28075 
 634.97  3080  3193 29069 
 635.02  3085  3263 31868.5 
 635.05  3090  3333 27428.5 
 635.09  3095  3403 29395 
 635.12  3100  3473 29106 
 635.16  3105  3544 45564 
 635.19  3110  3614 52151.5 
 635.23  3115  3684 49416 
 635.27  3120  3755 45875 
 635.3  3125  3826 51610.5 
 635.34  3130  3896 52941 
 635.37  3135  3967 53320.5 
 635.41  3140  4038 58518 
 635.45  3145  4109 49372 
 635.48  3150  4180 60463 
 635.53  3155  4251 50051 
 635.57  3160  4322 42600.5 
 635.6  3165  4393 55656.5 
 635.64  3170  4465 65453 
 635.69  3175  4536 62342 
 635.73  3180  4607 45865.5 
 635.76  3185  4679 54231.5 
 635.8  3190  4751 53489 
 635.84  3195  4822 48187.5 
 635.87  3200  4894 54269.5 
 635.91  3205  4966 57346.5 
 635.95  3210  5038 43406 
 635.99  3215  5110 42350.5 
 636.02  3220  5183 43068 
 636.07  3225  5255 33357.5 
 636.1  3230  5327 32212 
 636.14  3235  5400 33031 
 636.18  3240  5472 35101 
 636.21  3245  5545 32212 
 636.25  3250  5618 28260.5 
 636.53  3255  3767 17519.5 
 636.57  3260  3842 19802 
 636.61  3265  3916 19339.5 
 636.64  3270  3990 19318 
 636.68  3275  4065 18810.5 
 636.72  3280  4139 17827.5 
 636.75  3285  4214 17560 
 636.8  3290  4288 20811.5 
 636.84  3295  4363 22748.5 
 636.87  3300  4438 22859.5 
 636.91  3305  4513 18740.5 
 636.95  3310  4588 19606 
 636.98  3315  4664 19713 
 637.02  3320  4739 20028.5 
 637.06  3325  4814 20011.5 
 637.1  3330  4890 19886.5 
 637.13  3335  4965 18017 
 637.17  3340  5041 19420 
 637.21  3345  5117 20807.5 
 637.24  3350  5193 20088 
 637.28  3355  5269 21475.5 
 637.32  3360  5345 14964.5 
 637.36  3365  5421 18683 
 637.4  3370  5498 15063.5 
 637.44  3375  5574 19842.5 
 637.47  3380  5651 17802 
 637.51  3385  5728 20549 
 637.55  3390  5805 19165.5 
 637.58  3395  5882 19833 
 637.62  3400  5959 22592.5 
 637.66  3405  6036 19828 
 637.7  3410  6113 19203.5 
 637.73  3415  6190 18383.5 
 637.77  3420  6268 21071 
 637.81  3425  6346 19826.5 
 637.85  3430  6423 21276 
 637.89  3435  6501 19770.5 
 637.92  3440  6579 13716.5 
 637.96  3445  6658 15741 
 638  3450  6736 19728.5 
 638.04  3455  6814 19326 
 638.07  3460  6893 16640.5 
 638.11  3465  6971 18789 
 638.15  3470  7050 19754 
 638.18  3475  7129 15624 
 638.22  3480  7208 18292.5 
 638.26  3485  7287 18065 
 638.3  3490  7367 16025.5 
 638.34  3495  7446 16373.5 
 638.38  3500  7526 20231.5 
 638.41  3505  7605 20436.5 
 638.45  3510  7685 18083.5 
 638.49  3515  7765 17870.5 
 638.52  3520  7845 18192.5 
 638.56  3525  7925 14424 
 638.6  3530  8006 18239.5 
 638.64  3535  8086 18976.5 
 638.67  3540  8167 19346 
 638.71  3545  8248 19617.5 
 638.75  3550  8329 19215.5 
 638.78  3555  8410 17255.5 
 638.82  3560  8491 17861 
 638.86  3565  8572 14628 
 638.9  3570  8654 12382.5 
 638.94  3575  8736 15055 
 638.98  3580  8818 11240.5 
 639.01  3585  8900 9775.5 
 639.05  3590  8982 13988 
 639.09  3595  9064 16772 
 639.12  3600  9146 17274 
 639.16  3605  9229 13362.5 
 639.2  3610  9312 12363 
 639.24  3615  9395 13832 
 639.27  3620  9478 11655.5 
 639.31  3625  9561 15987 
 639.35  3630  9645 13207.5 
end
uxIntegration time is 0.2294 seconds per sampledt  2.7E-08 cy 1dh270619El Arenosillo 37.1 6.73 3.6pr1000dark 14 
 661.42  2900  722 115.5 
 661.46  2905  789 121.25 
 661.51  2910  857 121.75 
 661.55  2915  924 124.25 
 661.6  2920  992 121.5 
 661.65  2925  1060 128.25 
 661.7  2930  1127 131.25 
 661.74  2935  1195 144.75 
 661.78  2940  1263 155.5 
 661.83  2945  1331 179.75 
 661.88  2950  1399 214.75 
 661.92  2955  1468 291.5 
 661.97  2960  1536 394 
 662.02  2965  1604 433.25 
 662.06  2970  1672 506 
 662.11  2975  1741 907.25 
 662.15  2980  1809 1061.25 
 662.2  2985  1878 1042.75 
 662.25  2990  1946 1749.5 
 662.29  2995  2015 2258 
 662.33  3000  2084 2187.5 
 662.36  3005  2153 2751 
 662.41  3010  2221 4035.5 
 662.45  3015  2290 5119 
 662.48  3020  2359 4395 
 662.52  3025  2428 7365.5 
 662.56  3030  2498 10983 
 662.59  3035  2567 12675 
 662.63  3040  2636 11842.5 
 662.67  3045  2705 14908 
 662.71  3050  2775 19134 
 662.75  3055  2844 19098 
 662.78  3060  2914 18614.5 
 662.82  3065  2984 21313 
 662.85  3070  3053 27420 
 662.89  3075  3123 30997 
 662.93  3080  3193 32200 
 662.97  3085  3263 35189.5 
 663  3090  3333 30528.5 
 663.05  3095  3403 32102 
 663.08  3100  3473 31791.5 
 663.12  3105  3544 49225.5 
 663.16  3110  3614 57063 
 663.19  3115  3684 54466.5 
 663.23  3120  3755 50007.5 
 663.27  3125  3826 55965 
 663.3  3130  3896 57145.5 
 663.34  3135  3967 57526.5 
 663.38  3140  4038 63565 
 663.42  3145  4109 52813.5 
 663.46  3150  4180 64823.5 
 663.49  3155  4251 54683.5 
 663.53  3160  4322 45282 
 663.57  3165  4393 58867.5 
 663.6  3170  4465 69347 
 663.64  3175  4536 67395.5 
 663.68  3180  4607 49403.5 
 663.72  3185  4679 57403.5 
 663.76  3190  4751 57673.5 
 663.79  3195  4822 51047.5 
 663.83  3200  4894 57917 
 663.87  3205  4966 61254.5 
 663.9  3210  5038 46969 
 663.94  3215  5110 44814.5 
 663.98  3220  5183 46257 
 664.02  3225  5255 36240.5 
 664.06  3230  5327 34056 
 664.1  3235  5400 34975.5 
 664.13  3240  5472 37152 
 664.17  3245  5545 34430.5 
 664.21  3250  5618 29976.5 
 664.49  3255  3767 18336.5 
 664.53  3260  3842 20859.5 
 664.57  3265  3916 20409.5 
 664.61  3270  3990 20614.5 
 664.64  3275  4065 20114 
 664.68  3280  4139 18970.5 
 664.72  3285  4214 18692.5 
 664.76  3290  4288 21797.5 
 664.79  3295  4363 24116.5 
 664.83  3300  4438 24353 
 664.88  3305  4513 20101 
 664.91  3310  4588 20823.5 
 664.95  3315  4664 20894.5 
 664.99  3320  4739 21263.5 
 665.02  3325  4814 21141 
 665.06  3330  4890 21017 
 665.1  3335  4965 19171.5 
 665.14  3340  5041 20370.5 
 665.17  3345  5117 22168.5 
 665.22  3350  5193 21157 
 665.26  3355  5269 22896 
 665.29  3360  5345 15698 
 665.33  3365  5421 19718 
 665.37  3370  5498 15986 
 665.4  3375  5574 20692 
 665.44  3380  5651 18729 
 665.48  3385  5728 21606 
 665.52  3390  5805 20334 
 665.56  3395  5882 20884 
 665.6  3400  5959 24015 
 665.64  3405  6036 21053.5 
 665.67  3410  6113 20352.5 
 665.71  3415  6190 19129 
 665.75  3420  6268 22202.5 
 665.78  3425  6346 20871.5 
 665.82  3430  6423 22341 
 665.87  3435  6501 20867 
 665.9  3440  6579 14666.5 
 665.94  3445  6658 16403.5 
 665.99  3450  6736 20758.5 
 666.03  3455  6814 20481.5 
 666.07  3460  6893 17509 
 666.1  3465  6971 19741.5 
 666.14  3470  7050 20980.5 
 666.19  3475  7129 16456.5 
 666.23  3480  7208 19256 
 666.26  3485  7287 19011.5 
 666.3  3490  7367 17132 
 666.34  3495  7446 17207 
 666.37  3500  7526 21080 
 666.41  3505  7605 21574.5 
 666.45  3510  7685 19091.5 
 666.48  3515  7765 18622 
 666.53  3520  7845 19500 
 666.57  3525  7925 15123.5 
 666.61  3530  8006 19004.5 
 666.64  3535  8086 20084 
 666.68  3540  8167 20544.5 
 666.72  3545  8248 20755 
 666.75  3550  8329 20398 
 666.79  3555  8410 18109.5 
 666.84  3560  8491 18738 
 666.87  3565  8572 15562.5 
 666.91  3570  8654 13077.5 
 666.95  3575  8736 15841 
 666.98  3580  8818 12073.5 
 667.02  3585  8900 10317.5 
 667.06  3590  8982 14681.5 
 667.1  3595  9064 17641 
 667.13  3600  9146 18309 
 667.18  3605  9229 14183 
 667.22  3610  9312 12833.5 
 667.25  3615  9395 14615.5 
 667.29  3620  9478 12061 
 667.33  3625  9561 16539 
 667.36  3630  9645 14042.5 
end
uxIntegration time is 0.2294 seconds per sampledt  2.7E-08 cy 1dh270619El Arenosillo 37.1 6.73 3.68pr1000dark 3.65 
 700.45  2900  722 118.75 
 700.5  2905  789 115.75 
 700.54  2910  857 121.75 
 700.59  2915  924 125.5 
 700.64  2920  992 136.25 
 700.69  2925  1060 129.5 
 700.73  2930  1127 150.5 
 700.78  2935  1195 164.5 
 700.82  2940  1263 178.75 
 700.87  2945  1331 202 
 700.91  2950  1399 255.5 
 700.97  2955  1468 343 
 701.01  2960  1536 477.75 
 701.06  2965  1604 528.25 
 701.11  2970  1672 620 
 701.15  2975  1741 1114.5 
 701.2  2980  1809 1287.75 
 701.24  2985  1878 1238.75 
 701.29  2990  1946 2118 
 701.36  2995  2015 2639.5 
 701.4  3000  2084 2586.5 
 701.43  3005  2153 3268 
 701.47  3010  2221 4745 
 701.51  3015  2290 5991 
 701.54  3020  2359 5129.5 
 701.58  3025  2428 8524.5 
 701.62  3030  2498 12645.5 
 701.66  3035  2567 14349.5 
 701.7  3040  2636 13536 
 701.74  3045  2705 17030 
 701.77  3050  2775 21780.5 
 701.81  3055  2844 21338 
 701.84  3060  2914 20807 
 701.88  3065  2984 23953 
 701.93  3070  3053 30617 
 701.96  3075  3123 34256 
 702  3080  3193 35535 
 702.04  3085  3263 38927 
 702.07  3090  3333 33418.5 
 702.11  3095  3403 35180 
 702.15  3100  3473 34513 
 702.18  3105  3544 53583.5 
 702.23  3110  3614 62440.5 
 702.27  3115  3684 58381 
 702.3  3120  3755 53467.5 
 702.34  3125  3826 60185.5 
 702.38  3130  3896 61394 
 702.42  3135  3967 61799.5 
 702.45  3140  4038 67921.5 
 702.49  3145  4109 56752.5 
 702.54  3150  4180 69696.5 
 702.57  3155  4251 57903.5 
 702.61  3160  4322 48656.5 
 702.64  3165  4393 63292 
 702.68  3170  4465 74480 
 702.72  3175  4536 72413 
 702.75  3180  4607 52890 
 702.8  3185  4679 61591 
 702.84  3190  4751 61273 
 702.87  3195  4822 54879 
 702.91  3200  4894 62040.5 
 702.95  3205  4966 65306.5 
 702.98  3210  5038 49984.5 
 703.02  3215  5110 47907.5 
 703.06  3220  5183 49491.5 
 703.1  3225  5255 38655 
 703.14  3230  5327 36360 
 703.18  3235  5400 37333.5 
 703.21  3240  5472 39634.5 
 703.25  3245  5545 36826.5 
 703.29  3250  5618 32000.5 
 703.57  3255  3767 19487 
 703.62  3260  3842 22288.5 
 703.65  3265  3916 21765.5 
 703.69  3270  3990 21753.5 
 703.73  3275  4065 21292 
 703.76  3280  4139 20000 
 703.8  3285  4214 19836 
 703.84  3290  4288 23146 
 703.89  3295  4363 25409.5 
 703.92  3300  4438 25719.5 
 703.96  3305  4513 21215.5 
 704  3310  4588 22155 
 704.03  3315  4664 22145 
 704.07  3320  4739 22556 
 704.11  3325  4814 22367.5 
 704.14  3330  4890 22385.5 
 704.19  3335  4965 20315.5 
 704.23  3340  5041 21754 
 704.26  3345  5117 23358 
 704.3  3350  5193 22549 
 704.34  3355  5269 24396 
 704.38  3360  5345 16760 
 704.41  3365  5421 20902.5 
 704.45  3370  5498 16981 
 704.5  3375  5574 22070.5 
 704.53  3380  5651 19920 
 704.57  3385  5728 23064.5 
 704.61  3390  5805 21615 
 704.64  3395  5882 22276.5 
 704.68  3400  5959 25555.5 
 704.72  3405  6036 22451 
 704.76  3410  6113 21614 
 704.8  3415  6190 20419 
 704.84  3420  6268 23495.5 
 704.88  3425  6346 22147 
 704.91  3430  6423 23879 
 704.95  3435  6501 22026 
 704.99  3440  6579 15470 
 705.02  3445  6658 17206.5 
 705.07  3450  6736 21902 
 705.11  3455  6814 21642 
 705.14  3460  6893 18520 
 705.18  3465  6971 20905.5 
 705.22  3470  7050 22032 
 705.26  3475  7129 17441.5 
 705.29  3480  7208 20398 
 705.33  3485  7287 20194 
 705.38  3490  7367 17915.5 
 705.41  3495  7446 18213.5 
 705.45  3500  7526 22461 
 705.49  3505  7605 22791 
 705.52  3510  7685 20172 
 705.56  3515  7765 19902.5 
 705.6  3520  7845 20499 
 705.64  3525  7925 15974 
 705.68  3530  8006 20139.5 
 705.72  3535  8086 21223.5 
 705.76  3540  8167 21643.5 
 705.79  3545  8248 21792.5 
 705.83  3550  8329 21477.5 
 705.87  3555  8410 19046 
 705.9  3560  8491 19733 
 705.95  3565  8572 16458 
 705.99  3570  8654 13706 
 706.02  3575  8736 16708 
 706.06  3580  8818 12615 
 706.1  3585  8900 10827 
 706.14  3590  8982 15530 
 706.17  3595  9064 18691.5 
 706.21  3600  9146 19295.5 
 706.26  3605  9229 14940.5 
 706.29  3610  9312 13551.5 
 706.33  3615  9395 15525 
 706.37  3620  9478 12890 
 706.4  3625  9561 17521 
 706.44  3630  9645 14774.5 
end
uaIntegration time is 0.2294 seconds per sampledt  2.7E-08 cy 1dh270619El Arenosillo 37.1 6.73 3.7pr1000dark 17.35 
 720.05  2900  722 128.75 
 720.1  2905  789 133 
 720.15  2910  857 127.25 
 720.2  2915  924 129.75 
 720.26  2920  992 138 
 720.31  2925  1060 144.25 
 720.35  2930  1127 151.5 
 720.4  2935  1195 171.5 
 720.45  2940  1263 192.25 
 720.5  2945  1331 221.75 
 720.55  2950  1399 274.25 
 720.6  2955  1468 374.75 
 720.65  2960  1536 522.75 
 720.7  2965  1604 555.25 
 720.75  2970  1672 649.25 
 720.8  2975  1741 1186.75 
 720.85  2980  1809 1380.5 
 720.9  2985  1878 1324 
 720.95  2990  1946 2241.75 
 721.01  2995  2015 2805 
 721.05  3000  2084 2731 
 721.1  3005  2153 3470.25 
 721.15  3010  2221 4975.75 
 721.2  3015  2290 6198 
 721.25  3020  2359 5358.75 
 721.3  3025  2428 8978.75 
 721.35  3030  2498 13140.75 
 721.41  3035  2567 14958.5 
 721.46  3040  2636 14075.75 
 721.5  3045  2705 17571.25 
 721.55  3050  2775 22418.5 
 721.6  3055  2844 22178.5 
 721.65  3060  2914 21615.75 
 721.7  3065  2984 24561.25 
 721.75  3070  3053 31563.75 
 721.81  3075  3123 35322.25 
 721.85  3080  3193 36520.25 
 721.9  3085  3263 39977.75 
 721.95  3090  3333 34220.25 
 722  3095  3403 36205 
 722.05  3100  3473 35512.25 
 722.1  3105  3544 54749 
 722.16  3110  3614 63199.25 
 722.2  3115  3684 59839.75 
 722.25  3120  3755 54886 
 722.3  3125  3826 61426 
 722.35  3130  3896 62649.25 
 722.4  3135  3967 63265 
 722.45  3140  4038 69403 
 722.5  3145  4109 57876.25 
 722.56  3150  4180 70833.25 
 722.61  3155  4251 59258.25 
 722.65  3160  4322 49624.5 
 722.7  3165  4393 64152.75 
 722.75  3170  4465 75590.75 
 722.8  3175  4536 73164 
 722.85  3180  4607 53587.25 
 722.9  3185  4679 62479 
 722.95  3190  4751 62103 
 723  3195  4822 55653.5 
 723.05  3200  4894 62924.25 
 723.1  3205  4966 66204.25 
 723.15  3210  5038 50565.25 
 723.2  3215  5110 48634 
 723.25  3220  5183 50029.75 
 723.31  3225  5255 39072.75 
 723.36  3230  5327 36917.5 
 723.4  3235  5400 37758.75 
 723.45  3240  5472 40177 
 723.5  3245  5545 37325 
 723.55  3250  5618 32421 
 723.85  3255  3767 19814 
 723.9  3260  3842 22599.25 
 723.95  3265  3916 22012.5 
 723.99  3270  3990 22120.5 
 724.04  3275  4065 21522.5 
 724.08  3280  4139 20249.75 
 724.13  3285  4214 19953 
 724.18  3290  4288 23396.5 
 724.22  3295  4363 25744.75 
 724.28  3300  4438 26062 
 724.32  3305  4513 21354 
 724.37  3310  4588 22442.5 
 724.41  3315  4664 22506 
 724.46  3320  4739 22763.25 
 724.51  3325  4814 22705 
 724.55  3330  4890 22587.75 
 724.6  3335  4965 20468.75 
 724.65  3340  5041 21993.25 
 724.7  3345  5117 23680.75 
 724.74  3350  5193 22759.75 
 724.79  3355  5269 24594.5 
 724.83  3360  5345 16922.75 
 724.88  3365  5421 21135.5 
 724.93  3370  5498 17143 
 724.98  3375  5574 22320.5 
 725.03  3380  5651 20080.5 
 725.07  3385  5728 23207.25 
 725.12  3390  5805 21812.5 
 725.16  3395  5882 22363 
 725.21  3400  5959 25797.25 
 725.26  3405  6036 22596 
 725.3  3410  6113 21800.5 
 725.36  3415  6190 20682.5 
 725.4  3420  6268 23830 
 725.45  3425  6346 22413.25 
 725.49  3430  6423 24077.25 
 725.54  3435  6501 22336.5 
 725.59  3440  6579 15638.75 
 725.63  3445  6658 17514 
 725.68  3450  6736 22246 
 725.73  3455  6814 21914.75 
 725.78  3460  6893 18852.25 
 725.82  3465  6971 21192.75 
 725.87  3470  7050 22396.75 
 725.92  3475  7129 17705.75 
 725.96  3480  7208 20682 
 726.01  3485  7287 20408.5 
 726.06  3490  7367 18270.75 
 726.11  3495  7446 18508.5 
 726.15  3500  7526 22724.75 
 726.2  3505  7605 23236.5 
 726.24  3510  7685 20513.75 
 726.29  3515  7765 20094.25 
 726.34  3520  7845 20836.5 
 726.38  3525  7925 16260.75 
 726.44  3530  8006 20516 
 726.48  3535  8086 21553.25 
 726.53  3540  8167 22003.75 
 726.57  3545  8248 22206 
 726.62  3550  8329 21739.25 
 726.67  3555  8410 19392.75 
 726.71  3560  8491 20095.25 
 726.76  3565  8572 16715 
 726.81  3570  8654 13993 
 726.86  3575  8736 16991.25 
 726.9  3580  8818 12728.5 
 726.95  3585  8900 10968.25 
 727  3590  8982 15536.5 
 727.04  3595  9064 18793 
 727.09  3600  9146 19448.25 
 727.14  3605  9229 15023 
 727.19  3610  9312 13728 
 727.23  3615  9395 15577.5 
 727.28  3620  9478 13017.5 
 727.33  3625  9561 17854.75 
 727.37  3630  9645 15006.25 
end
uaIntegration time is 0.2294 seconds per sampledt  2.7E-08 cy 1dh270619El Arenosillo 37.1 6.73 3.7pr1000dark 17.7 
 750.05  2900  722 121.5 
 750.11  2905  789 133.75 
 750.16  2910  857 125.75 
 750.21  2915  924 130 
 750.27  2920  992 148 
 750.31  2925  1060 143.5 
 750.36  2930  1127 157.25 
 750.41  2935  1195 175.25 
 750.46  2940  1263 196.5 
 750.51  2945  1331 225.5 
 750.56  2950  1399 278.75 
 750.62  2955  1468 387.5 
 750.66  2960  1536 534.25 
 750.71  2965  1604 580 
 750.76  2970  1672 670.75 
 750.81  2975  1741 1232.25 
 750.86  2980  1809 1419.5 
 750.91  2985  1878 1348.5 
 750.96  2990  1946 2305 
 751.02  2995  2015 2868.75 
 751.06  3000  2084 2786 
 751.11  3005  2153 3517.5 
 751.16  3010  2221 5113.25 
 751.21  3015  2290 6330.75 
 751.26  3020  2359 5434.75 
 751.31  3025  2428 9145.25 
 751.37  3030  2498 13377 
 751.42  3035  2567 15259.75 
 751.46  3040  2636 14328 
 751.52  3045  2705 17947 
 751.57  3050  2775 22792 
 751.61  3055  2844 22487.25 
 751.66  3060  2914 21945 
 751.71  3065  2984 24941.5 
 751.77  3070  3053 31863.5 
 751.82  3075  3123 35684 
 751.86  3080  3193 37118.5 
 751.91  3085  3263 40483.5 
 751.96  3090  3333 34739.75 
 752.01  3095  3403 36568.75 
 752.06  3100  3473 35978.75 
 752.12  3105  3544 55243.5 
 752.16  3110  3614 63902.75 
 752.21  3115  3684 60721 
 752.26  3120  3755 55693 
 752.31  3125  3826 62389.25 
 752.36  3130  3896 63540.75 
 752.41  3135  3967 63933.25 
 752.46  3140  4038 70123 
 752.52  3145  4109 58572.25 
 752.56  3150  4180 71799.5 
 752.61  3155  4251 60050 
 752.66  3160  4322 50203 
 752.71  3165  4393 64801.75 
 752.76  3170  4465 76393.5 
 752.81  3175  4536 74389.5 
 752.87  3180  4607 54318.5 
 752.91  3185  4679 63026 
 752.96  3190  4751 62712.75 
 753.01  3195  4822 56460.5 
 753.06  3200  4894 63581.75 
 753.11  3205  4966 66965.25 
 753.16  3210  5038 51060 
 753.21  3215  5110 49050.5 
 753.27  3220  5183 50525.75 
 753.32  3225  5255 39204 
 753.36  3230  5327 37214.5 
 753.41  3235  5400 38122 
 753.46  3240  5472 40555.75 
 753.51  3245  5545 37646 
 753.56  3250  5618 32858.5 
 753.86  3255  3767 19968.75 
 753.91  3260  3842 22780 
 753.95  3265  3916 22167.25 
 754  3270  3990 22259.75 
 754.04  3275  4065 21712.75 
 754.09  3280  4139 20471.75 
 754.14  3285  4214 20193.25 
 754.19  3290  4288 23628.25 
 754.24  3295  4363 25993.75 
 754.28  3300  4438 26324.5 
 754.33  3305  4513 21640.25 
 754.37  3310  4588 22601.25 
 754.42  3315  4664 22606.25 
 754.47  3320  4739 22979.5 
 754.51  3325  4814 23006 
 754.57  3330  4890 22825.5 
 754.61  3335  4965 20651 
 754.66  3340  5041 22109.25 
 754.7  3345  5117 23828 
 754.75  3350  5193 23025.25 
 754.79  3355  5269 24789.25 
 754.84  3360  5345 17105 
 754.89  3365  5421 21258.25 
 754.94  3370  5498 17293 
 754.99  3375  5574 22510.75 
 755.03  3380  5651 20275.25 
 755.08  3385  5728 23404.75 
 755.12  3390  5805 21903.75 
 755.17  3395  5882 22682.25 
 755.21  3400  5959 25935 
 755.27  3405  6036 22835.25 
 755.31  3410  6113 22014.75 
 755.36  3415  6190 20932.5 
 755.41  3420  6268 23963.75 
 755.45  3425  6346 22570 
 755.5  3430  6423 24153.25 
 755.54  3435  6501 22467 
 755.6  3440  6579 15690.75 
 755.64  3445  6658 17708.25 
 755.69  3450  6736 22399.25 
 755.74  3455  6814 22060.25 
 755.78  3460  6893 18940.25 
 755.83  3465  6971 21274.75 
 755.87  3470  7050 22458.5 
 755.92  3475  7129 17770.25 
 755.98  3480  7208 20684.25 
 756.02  3485  7287 20424 
 756.07  3490  7367 18291.5 
 756.11  3495  7446 18471.75 
 756.16  3500  7526 22816.75 
 756.2  3505  7605 23242 
 756.25  3510  7685 20593.25 
 756.31  3515  7765 20213 
 756.35  3520  7845 20812.25 
 756.4  3525  7925 16289.5 
 756.44  3530  8006 20598 
 756.49  3535  8086 21685.25 
 756.53  3540  8167 22064.25 
 756.58  3545  8248 22263.75 
 756.63  3550  8329 21831.5 
 756.68  3555  8410 19460 
 756.73  3560  8491 20212.75 
 756.77  3565  8572 16687.5 
 756.82  3570  8654 14092.5 
 756.86  3575  8736 17100.75 
 756.91  3580  8818 12868 
 756.96  3585  8900 11076.5 
 757.01  3590  8982 15672.5 
 757.06  3595  9064 19098.5 
 757.1  3600  9146 19751 
 757.15  3605  9229 15252.5 
 757.19  3610  9312 13844.25 
 757.24  3615  9395 15680 
 757.29  3620  9478 13089.25 
 757.33  3625  9561 17877.75 
 757.39  3630  9645 14991.75 
end
uaIntegration time is 0.2294 seconds per sampledt  2.7E-08 cy 1dh270619El Arenosillo 37.1 6.73 3.7pr1000dark 8.75 
 780.05  2900  722 133.5 
 780.1  2905  789 127 
 780.15  2910  857 142.5 
 780.2  2915  924 131.5 
 780.25  2920  992 140.25 
 780.3  2925  1060 147.5 
 780.35  2930  1127 164.75 
 780.4  2935  1195 181 
 780.45  2940  1263 200 
 780.5  2945  1331 220.25 
 780.56  2950  1399 277 
 780.6  2955  1468 381 
 780.65  2960  1536 534 
 780.7  2965  1604 577.25 
 780.75  2970  1672 669.25 
 780.8  2975  1741 1206 
 780.85  2980  1809 1397.25 
 780.9  2985  1878 1349.75 
 780.95  2990  1946 2241.5 
 781  2995  2015 2763 
 781.05  3000  2084 2790.75 
 781.1  3005  2153 3532 
 781.15  3010  2221 4905.5 
 781.2  3015  2290 6298 
 781.26  3020  2359 5294 
 781.31  3025  2428 8724.5 
 781.35  3030  2498 12406.5 
 781.4  3035  2567 14386.5 
 781.45  3040  2636 13816.5 
 781.5  3045  2705 15719.5 
 781.55  3050  2775 19271.25 
 781.62  3055  2844 19648.75 
 781.67  3060  2914 19444.5 
 781.71  3065  2984 21983.75 
 781.75  3070  3053 27811 
 781.8  3075  3123 31863.75 
 781.85  3080  3193 33512.75 
 781.9  3085  3263 37402.75 
 781.96  3090  3333 29201.75 
 782  3095  3403 29135.75 
 782.05  3100  3473 28626.5 
 782.1  3105  3544 43368.25 
 782.15  3110  3614 55469.5 
 782.2  3115  3684 54571.5 
 782.25  3120  3755 48055.75 
 782.3  3125  3826 52514.75 
 782.35  3130  3896 51639.5 
 782.4  3135  3967 50916.75 
 782.45  3140  4038 56238 
 782.5  3145  4109 46718 
 782.55  3150  4180 56753 
 782.61  3155  4251 46690 
 782.66  3160  4322 38384.25 
 782.7  3165  4393 49176.75 
 782.75  3170  4465 58308 
 782.8  3175  4536 57116.25 
 782.85  3180  4607 41762 
 782.9  3185  4679 48097.25 
 782.95  3190  4751 48627.75 
 783  3195  4822 44552.25 
 783.05  3200  4894 52059.75 
 783.1  3205  4966 54529.75 
 783.15  3210  5038 42835.25 
 783.2  3215  5110 41845 
 783.25  3220  5183 44640 
 783.31  3225  5255 34404.25 
 783.36  3230  5327 32763.75 
 783.4  3235  5400 33981.75 
 783.45  3240  5472 34803.75 
 783.5  3245  5545 31708.75 
 783.55  3250  5618 27245 
 783.85  3255  3767 18249.75 
 783.89  3260  3842 21430.25 
 783.94  3265  3916 20240 
 783.99  3270  3990 19784.5 
 784.03  3275  4065 19647.5 
 784.08  3280  4139 17915 
 784.12  3285  4214 18257 
 784.18  3290  4288 20612.75 
 784.22  3295  4363 22822.5 
 784.27  3300  4438 22508 
 784.31  3305  4513 18093 
 784.36  3310  4588 19042 
 784.4  3315  4664 18942.25 
 784.45  3320  4739 19179 
 784.5  3325  4814 18594.25 
 784.54  3330  4890 17697.75 
 784.59  3335  4965 16481.25 
 784.63  3340  5041 18585 
 784.68  3345  5117 20239.5 
 784.73  3350  5193 19957.75 
 784.77  3355  5269 21661.5 
 784.82  3360  5345 15700.5 
 784.87  3365  5421 19939 
 784.92  3370  5498 15650.25 
 784.96  3375  5574 20462.5 
 785.01  3380  5651 17987.75 
 785.05  3385  5728 21045.75 
 785.1  3390  5805 19767 
 785.14  3395  5882 19148.25 
 785.19  3400  5959 21314.75 
 785.24  3405  6036 19170.25 
 785.28  3410  6113 18565.5 
 785.33  3415  6190 17871.75 
 785.37  3420  6268 20771.75 
 785.43  3425  6346 19484.75 
 785.47  3430  6423 20657.25 
 785.52  3435  6501 17718.25 
 785.56  3440  6579 12671 
 785.61  3445  6658 14814 
 785.66  3450  6736 19344.5 
 785.7  3455  6814 18824.75 
 785.75  3460  6893 15966.5 
 785.79  3465  6971 18160.5 
 785.84  3470  7050 19799.75 
 785.88  3475  7129 16352.5 
 785.93  3480  7208 19118.25 
 785.98  3485  7287 18947 
 786.02  3490  7367 16553.5 
 786.07  3495  7446 15614.25 
 786.12  3500  7526 19703.5 
 786.17  3505  7605 21606.75 
 786.21  3510  7685 18414.75 
 786.26  3515  7765 16939.5 
 786.3  3520  7845 16855.5 
 786.35  3525  7925 12646 
 786.4  3530  8006 16220 
 786.44  3535  8086 16842.25 
 786.49  3540  8167 16907 
 786.53  3545  8248 16979.25 
 786.58  3550  8329 16950.75 
 786.62  3555  8410 15256.5 
 786.67  3560  8491 15972.75 
 786.72  3565  8572 13439.75 
 786.77  3570  8654 11360.25 
 786.81  3575  8736 14484.25 
 786.86  3580  8818 10718.25 
 786.91  3585  8900 9091.5 
 786.95  3590  8982 13035 
 787  3595  9064 15383.25 
 787.04  3600  9146 15462.25 
 787.09  3605  9229 11832.75 
 787.14  3610  9312 10837 
 787.18  3615  9395 12088.75 
 787.23  3620  9478 9995.25 
 787.27  3625  9561 13650.75 
 787.32  3630  9645 11266.25 
end
uaIntegration time is 0.2294 seconds per sampledt  2.7E-08 cy 1dh270619El Arenosillo 37.1 6.73 3.68pr1000dark 6.35 
 810.05  2900  722 120 
 810.11  2905  789 120.25 
 810.16  2910  857 122 
 810.21  2915  924 118.25 
 810.26  2920  992 130.25 
 810.32  2925  1060 133.5 
 810.36  2930  1127 134 
 810.41  2935  1195 147.5 
 810.46  2940  1263 173.75 
 810.51  2945  1331 195.25 
 810.56  2950  1399 240 
 810.61  2955  1468 318.5 
 810.66  2960  1536 437.5 
 810.72  2965  1604 468.25 
 810.76  2970  1672 554.25 
 810.81  2975  1741 990.5 
 810.86  2980  1809 1154.75 
 810.91  2985  1878 1147.25 
 810.96  2990  1946 1914.75 
 811.01  2995  2015 2447.25 
 811.06  3000  2084 2376.75 
 811.11  3005  2153 2930.5 
 811.16  3010  2221 4326.5 
 811.21  3015  2290 5505.25 
 811.26  3020  2359 4719 
 811.31  3025  2428 7894.5 
 811.36  3030  2498 11753 
 811.41  3035  2567 13420.75 
 811.46  3040  2636 12637 
 811.51  3045  2705 15845 
 811.57  3050  2775 20200 
 811.61  3055  2844 20233.5 
 811.66  3060  2914 19427 
 811.71  3065  2984 22377.75 
 811.76  3070  3053 28588.75 
 811.81  3075  3123 32252.5 
 811.86  3080  3193 33532.25 
 811.91  3085  3263 36755.75 
 811.97  3090  3333 31504 
 812.01  3095  3403 33316.75 
 812.06  3100  3473 32614 
 812.11  3105  3544 50523 
 812.16  3110  3614 58680.75 
 812.21  3115  3684 55748.5 
 812.26  3120  3755 51128.5 
 812.31  3125  3826 57320 
 812.37  3130  3896 58536.5 
 812.41  3135  3967 58732.75 
 812.46  3140  4038 65096.75 
 812.51  3145  4109 54169.25 
 812.56  3150  4180 66417.75 
 812.61  3155  4251 55646.75 
 812.66  3160  4322 46316 
 812.71  3165  4393 60187.5 
 812.76  3170  4465 70875.25 
 812.82  3175  4536 68997.5 
 812.86  3180  4607 50715.5 
 812.91  3185  4679 58387 
 812.96  3190  4751 58899 
 813.01  3195  4822 52293.25 
 813.06  3200  4894 59099.75 
 813.11  3205  4966 62612.5 
 813.16  3210  5038 47814 
 813.21  3215  5110 45555.5 
 813.26  3220  5183 47034.5 
 813.31  3225  5255 36690.75 
 813.36  3230  5327 34621.5 
 813.41  3235  5400 35622.75 
 813.46  3240  5472 37770.5 
 813.51  3245  5545 35043.5 
 813.56  3250  5618 30375.5 
 813.86  3255  3767 18554.75 
 813.91  3260  3842 21235.5 
 813.95  3265  3916 20689.25 
 814  3270  3990 20860.25 
 814.04  3275  4065 20254.5 
 814.09  3280  4139 19071 
 814.14  3285  4214 18861.75 
 814.18  3290  4288 21935.25 
 814.24  3295  4363 24254.5 
 814.28  3300  4438 24560 
 814.33  3305  4513 20239.25 
 814.37  3310  4588 21042.5 
 814.42  3315  4664 21071 
 814.47  3320  4739 21517.75 
 814.51  3325  4814 21409.25 
 814.56  3330  4890 21305.25 
 814.6  3335  4965 19283.75 
 814.66  3340  5041 20640.25 
 814.7  3345  5117 22407.75 
 814.75  3350  5193 21414.25 
 814.8  3355  5269 23282.75 
 814.84  3360  5345 16061.25 
 814.89  3365  5421 19977 
 814.93  3370  5498 16230 
 814.98  3375  5574 20972.75 
 815.03  3380  5651 19020.5 
 815.08  3385  5728 21911.75 
 815.12  3390  5805 20634.25 
 815.17  3395  5882 21151 
 815.22  3400  5959 24451.75 
 815.26  3405  6036 21367 
 815.31  3410  6113 20740.25 
 815.35  3415  6190 19555.5 
 815.41  3420  6268 22566.75 
 815.45  3425  6346 21140.5 
 815.5  3430  6423 22761 
 815.55  3435  6501 21251 
 815.59  3440  6579 14930.25 
 815.64  3445  6658 16561.5 
 815.68  3450  6736 21054.5 
 815.73  3455  6814 20891.25 
 815.77  3460  6893 17763 
 815.83  3465  6971 20065 
 815.88  3470  7050 21212.25 
 815.92  3475  7129 16714.75 
 815.97  3480  7208 19446.75 
 816.01  3485  7287 19183.25 
 816.06  3490  7367 17237.5 
 816.1  3495  7446 17345.25 
 816.15  3500  7526 21349.5 
 816.21  3505  7605 21810.75 
 816.25  3510  7685 19295.5 
 816.3  3515  7765 18847.5 
 816.34  3520  7845 19652.75 
 816.39  3525  7925 15273 
 816.43  3530  8006 19272.5 
 816.48  3535  8086 20230.75 
 816.53  3540  8167 20675.25 
 816.58  3545  8248 20772 
 816.63  3550  8329 20502.75 
 816.67  3555  8410 18243.75 
 816.72  3560  8491 18941.25 
 816.76  3565  8572 15673.25 
 816.81  3570  8654 13104 
 816.86  3575  8736 15906.25 
 816.9  3580  8818 12104.5 
 816.95  3585  8900 10318 
 817  3590  8982 14568.75 
 817.05  3595  9064 17789.75 
 817.09  3600  9146 18489.25 
 817.14  3605  9229 14310 
 817.18  3610  9312 12939.75 
 817.23  3615  9395 14711 
 817.28  3620  9478 12287.5 
 817.32  3625  9561 16798.25 
 817.38  3630  9645 14208.5 
end
uaIntegration time is 0.2294 seconds per sampledt  2.7E-08 cy 1dh270619El Arenosillo 37.1 6.73 3.7pr1000dark 4.9 
 840.04  2900  722 104.25 
 840.1  2905  789 110.25 
 840.15  2910  857 113.75 
 840.2  2915  924 108.5 
 840.25  2920  992 113.75 
 840.31  2925  1060 116.25 
 840.35  2930  1127 132 
 840.4  2935  1195 135.5 
 840.45  2940  1263 151.25 
 840.5  2945  1331 169.25 
 840.55  2950  1399 200 
 840.6  2955  1468 272 
 840.65  2960  1536 365 
 840.71  2965  1604 391.25 
 840.75  2970  1672 446.5 
 840.8  2975  1741 817.75 
 840.85  2980  1809 976.75 
 840.9  2985  1878 966 
 840.95  2990  1946 1632.25 
 841  2995  2015 2074.25 
 841.05  3000  2084 2025.5 
 841.11  3005  2153 2561 
 841.15  3010  2221 3726.75 
 841.2  3015  2290 4793 
 841.25  3020  2359 4143.25 
 841.3  3025  2428 7001 
 841.35  3030  2498 10392 
 841.4  3035  2567 11902.5 
 841.45  3040  2636 11249.5 
 841.5  3045  2705 14221.25 
 841.56  3050  2775 18122.5 
 841.6  3055  2844 18291.5 
 841.65  3060  2914 17624.25 
 841.7  3065  2984 20319.25 
 841.75  3070  3053 25986 
 841.8  3075  3123 29458.75 
 841.85  3080  3193 30764.25 
 841.9  3085  3263 33684.5 
 841.95  3090  3333 28987.5 
 842  3095  3403 30820.75 
 842.05  3100  3473 30262.5 
 842.1  3105  3544 46504 
 842.15  3110  3614 54467.5 
 842.2  3115  3684 51809.25 
 842.25  3120  3755 47536 
 842.3  3125  3826 53431.25 
 842.35  3130  3896 54652 
 842.4  3135  3967 54984.5 
 842.45  3140  4038 60763 
 842.5  3145  4109 50694.25 
 842.55  3150  4180 62049.25 
 842.6  3155  4251 52167.75 
 842.65  3160  4322 43593.25 
 842.7  3165  4393 56724.5 
 842.75  3170  4465 66596.5 
 842.81  3175  4536 64886 
 842.85  3180  4607 47503 
 842.9  3185  4679 55173 
 842.95  3190  4751 55371.5 
 843  3195  4822 49156.5 
 843.05  3200  4894 55532 
 843.1  3205  4966 59040 
 843.15  3210  5038 45341.5 
 843.21  3215  5110 43174.25 
 843.25  3220  5183 44390.75 
 843.3  3225  5255 34850 
 843.35  3230  5327 32728 
 843.4  3235  5400 33612.5 
 843.45  3240  5472 35707.75 
 843.5  3245  5545 33088.25 
 843.55  3250  5618 28926.5 
 843.85  3255  3767 17525.5 
 843.9  3260  3842 20059.75 
 843.94  3265  3916 19597.75 
 843.99  3270  3990 19720.25 
 844.04  3275  4065 19158.5 
 844.08  3280  4139 18036.25 
 844.13  3285  4214 17806.25 
 844.17  3290  4288 20942.5 
 844.23  3295  4363 23033.75 
 844.27  3300  4438 23333 
 844.32  3305  4513 19179.75 
 844.36  3310  4588 19942 
 844.41  3315  4664 20011.5 
 844.45  3320  4739 20422 
 844.5  3325  4814 20289.5 
 844.55  3330  4890 20185 
 844.59  3335  4965 18386.25 
 844.65  3340  5041 19500.75 
 844.69  3345  5117 21144.25 
 844.74  3350  5193 20244.25 
 844.78  3355  5269 21989.5 
 844.83  3360  5345 15074.5 
 844.88  3365  5421 18809.5 
 844.92  3370  5498 15270.5 
 844.97  3375  5574 19775.5 
 845.02  3380  5651 17877.25 
 845.07  3385  5728 20683.25 
 845.11  3390  5805 19567 
 845.16  3395  5882 19889 
 845.2  3400  5959 22982.75 
 845.25  3405  6036 20265.75 
 845.29  3410  6113 19414.75 
 845.34  3415  6190 18418.5 
 845.39  3420  6268 21280 
 845.44  3425  6346 19925.25 
 845.49  3430  6423 21510.75 
 845.53  3435  6501 20005.5 
 845.58  3440  6579 14068.5 
 845.62  3445  6658 15637.25 
 845.67  3450  6736 19898.75 
 845.72  3455  6814 19646.5 
 845.76  3460  6893 16793.75 
 845.82  3465  6971 18777.25 
 845.86  3470  7050 20008.5 
 845.91  3475  7129 15769.5 
 845.95  3480  7208 18414.75 
 846  3485  7287 18188.5 
 846.05  3490  7367 16290.5 
 846.09  3495  7446 16408.75 
 846.14  3500  7526 20127.75 
 846.19  3505  7605 20703.75 
 846.24  3510  7685 18308.75 
 846.28  3515  7765 17791.5 
 846.33  3520  7845 18618.5 
 846.37  3525  7925 14471 
 846.42  3530  8006 18275.25 
 846.47  3535  8086 19154 
 846.51  3540  8167 19608.25 
 846.56  3545  8248 19828.5 
 846.61  3550  8329 19460.25 
 846.66  3555  8410 17239.25 
 846.7  3560  8491 17937.25 
 846.75  3565  8572 14961.5 
 846.8  3570  8654 12476.75 
 846.84  3575  8736 15032.5 
 846.89  3580  8818 11500.75 
 846.93  3585  8900 9774.25 
 846.99  3590  8982 13840 
 847.03  3595  9064 16870.75 
 847.08  3600  9146 17456.25 
 847.13  3605  9229 13463.75 
 847.17  3610  9312 12252 
 847.22  3615  9395 13966.5 
 847.26  3620  9478 11574 
 847.31  3625  9561 15774.5 
 847.36  3630  9645 13538.75 
end
uaIntegration time is 0.2294 seconds per sampledt  2.7E-08 cy 1dh270619El Arenosillo 37.1 6.73 3.7pr1000dark 3.95 
 870.05  2900  722 104.5 
 870.11  2905  789 97.25 
 870.16  2910  857 99.75 
 870.21  2915  924 110.75 
 870.26  2920  992 99.25 
 870.31  2925  1060 109.75 
 870.36  2930  1127 113 
 870.41  2935  1195 116.25 
 870.46  2940  1263 127.5 
 870.51  2945  1331 138.75 
 870.56  2950  1399 164.75 
 870.61  2955  1468 219.25 
 870.66  2960  1536 280.75 
 870.72  2965  1604 302.5 
 870.76  2970  1672 366.25 
 870.81  2975  1741 626.5 
 870.86  2980  1809 777.75 
 870.91  2985  1878 757.5 
 870.96  2990  1946 1274 
 871.01  2995  2015 1640.75 
 871.06  3000  2084 1627.25 
 871.12  3005  2153 2071.5 
 871.16  3010  2221 3053 
 871.21  3015  2290 3945.5 
 871.26  3020  2359 3387.5 
 871.31  3025  2428 5724.75 
 871.36  3030  2498 8709 
 871.41  3035  2567 10065 
 871.46  3040  2636 9512.75 
 871.51  3045  2705 12091 
 871.57  3050  2775 15801.25 
 871.61  3055  2844 15774 
 871.66  3060  2914 15304.75 
 871.71  3065  2984 17626 
 871.76  3070  3053 22810.25 
 871.81  3075  3123 26028.75 
 871.86  3080  3193 27215.5 
 871.91  3085  3263 29794 
 871.97  3090  3333 25805.75 
 872.03  3095  3403 27483.5 
 872.08  3100  3473 27235.25 
 872.12  3105  3544 42178.5 
 872.17  3110  3614 48966 
 872.21  3115  3684 46659.5 
 872.26  3120  3755 43067.25 
 872.31  3125  3826 48543.25 
 872.37  3130  3896 49638.5 
 872.42  3135  3967 49927.25 
 872.46  3140  4038 55362.25 
 872.51  3145  4109 46183.25 
 872.56  3150  4180 56784 
 872.61  3155  4251 47708.75 
 872.66  3160  4322 39803.75 
 872.71  3165  4393 51917.75 
 872.76  3170  4465 61427.75 
 872.82  3175  4536 59768.5 
 872.86  3180  4607 43756 
 872.91  3185  4679 50840.75 
 872.96  3190  4751 51419.5 
 873.01  3195  4822 45391 
 873.06  3200  4894 51306.75 
 873.11  3205  4966 54532.75 
 873.16  3210  5038 41973.25 
 873.22  3215  5110 39964.75 
 873.26  3220  5183 41215 
 873.31  3225  5255 32120 
 873.36  3230  5327 30401 
 873.41  3235  5400 31373 
 873.46  3240  5472 33207.75 
 873.51  3245  5545 30727.5 
 873.56  3250  5618 26805.75 
 873.86  3255  3767 16284.25 
 873.91  3260  3842 18688 
 873.95  3265  3916 18294.25 
 874  3270  3990 18333.25 
 874.04  3275  4065 17870.75 
 874.09  3280  4139 16813 
 874.13  3285  4214 16584.25 
 874.18  3290  4288 19479.25 
 874.23  3295  4363 21475.5 
 874.28  3300  4438 21784.25 
 874.32  3305  4513 17863.5 
 874.37  3310  4588 18612 
 874.41  3315  4664 18593 
 874.46  3320  4739 19045 
 874.5  3325  4814 18960.25 
 874.55  3330  4890 18889.75 
 874.6  3335  4965 17112 
 874.65  3340  5041 18256.25 
 874.7  3345  5117 19757.5 
 874.74  3350  5193 18942.25 
 874.79  3355  5269 20620.75 
 874.83  3360  5345 14146.25 
 874.88  3365  5421 17640.75 
 874.92  3370  5498 14351.75 
 874.97  3375  5574 18563.75 
 875.02  3380  5651 16790.5 
 875.07  3385  5728 19386.25 
 875.11  3390  5805 18235.75 
 875.16  3395  5882 18643 
 875.21  3400  5959 21559.75 
 875.25  3405  6036 18911.25 
 875.3  3410  6113 18323 
 875.34  3415  6190 17245.5 
 875.39  3420  6268 19901.25 
 875.44  3425  6346 18680 
 875.48  3430  6423 20103.75 
 875.53  3435  6501 18754.5 
 875.57  3440  6579 13114 
 875.62  3445  6658 14587.25 
 875.67  3450  6736 18593.5 
 875.71  3455  6814 18395.5 
 875.77  3460  6893 15658 
 875.81  3465  6971 17734.25 
 875.86  3470  7050 18765.75 
 875.91  3475  7129 14765.5 
 875.95  3480  7208 17249 
 876  3485  7287 17015.5 
 876.05  3490  7367 15281 
 876.1  3495  7446 15442.75 
 876.14  3500  7526 18898.75 
 876.19  3505  7605 19351.25 
 876.24  3510  7685 17122.5 
 876.29  3515  7765 16747 
 876.33  3520  7845 17432.5 
 876.38  3525  7925 13521.75 
 876.42  3530  8006 17107.75 
 876.47  3535  8086 17931.75 
 876.52  3540  8167 18396.25 
 876.57  3545  8248 18532.75 
 876.62  3550  8329 18273.5 
 876.66  3555  8410 16216.25 
 876.71  3560  8491 16862.25 
 876.76  3565  8572 13979.5 
 876.8  3570  8654 11653.75 
 876.85  3575  8736 14131.5 
 876.89  3580  8818 10770.25 
 876.95  3585  8900 9177 
 876.99  3590  8982 13071.5 
 877.04  3595  9064 15876.25 
 877.09  3600  9146 16394 
 877.13  3605  9229 12654 
 877.18  3610  9312 11485.75 
 877.22  3615  9395 13102 
 877.27  3620  9478 10838 
 877.32  3625  9561 14797.25 
 877.37  3630  9645 12636.5 
end
