 2865.0  4368.085
 2870.0  4376.817
 2875.0  4385.703
 2880.0  4394.742
 2885.0  4403.930
 2890.0  4413.262
 2895.0  4422.736
 2900.0  4432.347
 2905.0  4442.133
 2910.0  4452.114
 2915.0  4462.264
 2920.0  4472.554
 2925.0  4482.958
 2930.0  4493.448
 2935.0  4503.999
 2940.0  4515.124
 2945.0  4527.021
 2950.0  4539.188
 2955.0  4551.123
 2960.0  4562.322
 2965.0  4572.282
 2970.0  4580.502
 2975.0  4586.937
 2980.0  4592.203
 2985.0  4596.782
 2990.0  4601.161
 2995.0  4605.824
 3000.0  4611.255
 3005.0  4617.939
 3010.0  4627.725
 3015.0  4641.066
 3020.0  4656.350
 3025.0  4671.966
 3030.0  4686.305
 3035.0  4697.755
 3040.0  4704.705
 3045.0  4708.205
 3050.0  4710.661
 3055.0  4712.501
 3060.0  4714.150
 3065.0  4716.035
 3070.0  4718.583
 3075.0  4722.220
 3080.0  4731.031
 3085.0  4746.926
 3090.0  4767.077
 3095.0  4788.655
 3100.0  4808.831
 3105.0  4824.777
 3110.0  4833.662
 3115.0  4837.460
 3120.0  4840.264
 3125.0  4842.422
 3130.0  4844.285
 3135.0  4846.200
 3140.0  4848.518
 3145.0  4851.588
 3150.0  4855.700
 3155.0  4860.763
 3160.0  4866.554
 3165.0  4872.850
 3170.0  4879.426
 3175.0  4886.059
 3180.0  4892.527
 3185.0  4899.571
 3190.0  4907.645
 3195.0  4916.092
 3200.0  4924.257
 3205.0  4931.481
 3210.0  4937.109
 3215.0  4940.484
 3220.0  4942.186
 3225.0  4943.372
 3230.0  4944.250
 3235.0  4945.027
 3240.0  4945.910
 3245.0  4947.105
 3250.0  4948.820
 3255.0  4952.731
 3260.0  4959.623
 3265.0  4968.369
 3270.0  4977.841
 3275.0  4986.913
 3280.0  4994.457
 3285.0  4999.346
 3290.0  5002.156
 3295.0  5004.356
 3300.0  5006.159
 3305.0  5007.778
 3310.0  5009.425
 3315.0  5011.313
 3320.0  5013.654
 3325.0  5017.036
 3330.0  5021.513
 3335.0  5026.495
 3340.0  5031.395
 3345.0  5035.623
 3350.0  5038.591
 3355.0  5039.712
 3360.0  5039.658
 3365.0  5039.519
 3370.0  5039.329
 3375.0  5039.123
 3380.0  5038.933
 3385.0  5038.794
 3390.0  5038.740
 3395.0  5039.830
 3400.0  5042.641
 3405.0  5046.485
 3410.0  5050.673
 3415.0  5054.516
 3420.0  5057.327
 3425.0  5058.417
 3430.0  5057.875
 3435.0  5056.477
 3440.0  5054.564
 3445.0  5052.481
 3450.0  5050.569
 3455.0  5049.171
 3460.0  5048.628
 3465.0  5048.754
 3470.0  5049.146
 3475.0  5049.826
 3480.0  5050.817
 3485.0  5052.140
 3490.0  5053.819
 3495.0  5055.875
 3500.0  5058.330
 3505.0  4961.129
 3510.0  4955.466
 3515.0  4950.461
 3520.0  4946.276
 3525.0  4943.076
 3530.0  4941.022
 3535.0  4939.815
 3540.0  4938.951
 3545.0  4938.300
 3550.0  4937.726
 3555.0  4937.097
 3560.0  4936.280
 3565.0  4935.140
 3570.0  4933.298
 3575.0  4930.600
 3580.0  4927.255
 3585.0  4923.468
 3590.0  4919.447
 3595.0  4915.399
 3600.0  4911.531
 3605.0  4907.758
 3610.0  4903.861
 3615.0  4899.846
 3620.0  4895.716
 3625.0  4891.476
 3630.0  4887.130
 3635.0  4882.684
