 2865.0  5997.107
 2870.0  6027.167
 2875.0  6055.749
 2880.0  6082.549
 2885.0  6107.266
 2890.0  6129.595
 2895.0  6149.234
 2900.0  6165.878
 2905.0  6180.593
 2910.0  6194.474
 2915.0  6207.265
 2920.0  6218.711
 2925.0  6228.557
 2930.0  6236.548
 2935.0  6242.428
 2940.0  6247.083
 2945.0  6251.463
 2950.0  6255.406
 2955.0  6258.752
 2960.0  6261.342
 2965.0  6263.013
 2970.0  6263.606
 2975.0  6263.490
 2980.0  6263.191
 2985.0  6262.782
 2990.0  6262.336
 2995.0  6261.927
 3000.0  6261.628
 3005.0  6261.512
 3010.0  6262.503
 3015.0  6265.222
 3020.0  6269.290
 3025.0  6274.327
 3030.0  6279.953
 3035.0  6285.788
 3040.0  6291.454
 3045.0  6297.696
 3050.0  6305.186
 3055.0  6313.432
 3060.0  6321.940
 3065.0  6330.217
 3070.0  6337.770
 3075.0  6344.107
 3080.0  6349.651
 3085.0  6355.058
 3090.0  6360.185
 3095.0  6364.888
 3100.0  6369.023
 3105.0  6372.446
 3110.0  6375.014
 3115.0  6376.861
 3120.0  6378.313
 3125.0  6379.512
 3130.0  6380.599
 3135.0  6381.717
 3140.0  6383.006
 3145.0  6384.609
 3150.0  6386.493
 3155.0  6388.558
 3160.0  6390.850
 3165.0  6393.412
 3170.0  6396.290
 3175.0  6399.527
 3180.0  6403.169
 3185.0  6408.751
 3190.0  6416.938
 3195.0  6426.468
 3200.0  6436.077
 3205.0  6444.505
 3210.0  6450.487
 3215.0  6452.761
 3220.0  6452.733
 3225.0  6452.659
 3230.0  6452.558
 3235.0  6452.448
 3240.0  6452.348
 3245.0  6452.274
 3250.0  6452.245
 3255.0  6452.553
 3260.0  6453.357
 3265.0  6454.475
 3270.0  6455.727
 3275.0  6456.932
 3280.0  6457.909
 3285.0  6458.478
 3290.0  6458.753
 3295.0  6458.978
 3300.0  6459.163
 3305.0  6459.322
 3310.0  6459.467
 3315.0  6459.610
 3320.0  6459.763
 3325.0  6459.939
 3330.0  6460.130
 3335.0  6460.322
 3340.0  6460.498
 3345.0  6460.643
 3350.0  6460.742
 3355.0  6460.779
 3360.0  6459.820
 3365.0  6457.268
 3370.0  6453.609
 3375.0  6449.331
 3380.0  6444.921
 3385.0  6440.863
 3390.0  6437.647
 3395.0  6435.190
 3400.0  6433.013
 3405.0  6431.000
 3410.0  6429.038
 3415.0  6427.014
 3420.0  6424.812
 3425.0  6422.320
 3430.0  6419.054
 3435.0  6414.929
 3440.0  6410.426
 3445.0  6406.025
 3450.0  6402.208
 3455.0  6399.456
 3460.0  6398.250
 3465.0  6397.995
 3470.0  6397.776
 3475.0  6397.593
 3480.0  6397.449
 3485.0  6397.344
 3490.0  6397.280
 3495.0  6397.259
 3500.0  6397.281
 3505.0  6268.504
 3510.0  6262.488
 3515.0  6256.349
 3520.0  6250.091
 3525.0  6243.718
 3530.0  6237.232
 3535.0  6230.531
 3540.0  6223.569
 3545.0  6216.443
 3550.0  6209.247
 3555.0  6202.074
 3560.0  6195.021
 3565.0  6188.182
 3570.0  6181.705
 3575.0  6175.555
 3580.0  6169.547
 3585.0  6163.496
 3590.0  6157.217
 3595.0  6150.525
 3600.0  6143.236
 3605.0  6135.293
 3610.0  6126.786
 3615.0  6117.750
 3620.0  6108.220
 3625.0  6098.233
 3630.0  6087.823
 3635.0  6077.028
