 2865.0  6368.088
 2870.0  6375.902
 2875.0  6383.871
 2880.0  6391.991
 2885.0  6400.259
 2890.0  6408.671
 2895.0  6417.223
 2900.0  6425.910
 2905.0  6435.117
 2910.0  6444.981
 2915.0  6455.128
 2920.0  6465.185
 2925.0  6474.780
 2930.0  6483.539
 2935.0  6491.091
 2940.0  6498.192
 2945.0  6505.525
 2950.0  6512.609
 2955.0  6518.959
 2960.0  6524.093
 2965.0  6527.528
 2970.0  6528.780
 2975.0  6527.967
 2980.0  6525.870
 2985.0  6523.002
 2990.0  6519.877
 2995.0  6517.009
 3000.0  6514.911
 3005.0  6514.098
 3010.0  6516.652
 3015.0  6523.379
 3020.0  6532.876
 3025.0  6543.741
 3030.0  6554.571
 3035.0  6563.963
 3040.0  6570.516
 3045.0  6574.594
 3050.0  6577.758
 3055.0  6580.397
 3060.0  6582.900
 3065.0  6585.658
 3070.0  6589.059
 3075.0  6593.493
 3080.0  6601.581
 3085.0  6614.266
 3090.0  6629.419
 3095.0  6644.911
 3100.0  6658.612
 3105.0  6668.394
 3110.0  6672.128
 3115.0  6670.670
 3120.0  6666.868
 3125.0  6661.581
 3130.0  6655.666
 3135.0  6649.984
 3140.0  6645.391
 3145.0  6642.747
 3150.0  6641.409
 3155.0  6640.186
 3160.0  6639.109
 3165.0  6638.214
 3170.0  6637.533
 3175.0  6637.100
 3180.0  6636.949
 3185.0  6639.027
 3190.0  6644.386
 3195.0  6651.714
 3200.0  6659.698
 3205.0  6667.026
 3210.0  6672.386
 3215.0  6674.464
 3220.0  6673.573
 3225.0  6671.277
 3230.0  6668.137
 3235.0  6664.716
 3240.0  6661.575
 3245.0  6659.279
 3250.0  6658.388
 3255.0  6659.639
 3260.0  6662.866
 3265.0  6667.277
 3270.0  6672.084
 3275.0  6676.495
 3280.0  6679.722
 3285.0  6680.973
 3290.0  6679.805
 3295.0  6676.794
 3300.0  6672.677
 3305.0  6668.191
 3310.0  6664.074
 3315.0  6661.062
 3320.0  6659.895
 3325.0  6660.161
 3330.0  6660.846
 3335.0  6661.783
 3340.0  6662.804
 3345.0  6663.741
 3350.0  6664.427
 3355.0  6664.693
 3360.0  6663.701
 3365.0  6661.058
 3370.0  6657.258
 3375.0  6652.797
 3380.0  6648.169
 3385.0  6643.870
 3390.0  6640.395
 3395.0  6637.706
 3400.0  6635.336
 3405.0  6633.133
 3410.0  6630.948
 3415.0  6628.628
 3420.0  6626.024
 3425.0  6622.983
 3430.0  6619.136
 3435.0  6614.416
 3440.0  6609.127
 3445.0  6603.577
 3450.0  6598.071
 3455.0  6592.915
 3460.0  6588.415
 3465.0  6584.416
 3470.0  6580.569
 3475.0  6576.891
 3480.0  6573.397
 3485.0  6570.104
 3490.0  6567.027
 3495.0  6564.182
 3500.0  6561.586
 3505.0  6435.008
 3510.0  6425.991
 3515.0  6417.267
 3520.0  6408.853
 3525.0  6400.764
 3530.0  6393.015
 3535.0  6385.819
 3540.0  6379.206
 3545.0  6372.924
 3550.0  6366.721
 3555.0  6360.343
 3560.0  6353.538
 3565.0  6346.053
 3570.0  6337.810
 3575.0  6328.958
 3580.0  6319.585
 3585.0  6309.777
 3590.0  6299.622
 3595.0  6289.206
 3600.0  6278.617
 3605.0  6267.776
 3610.0  6256.559
 3615.0  6244.979
 3620.0  6233.051
 3625.0  6220.790
 3630.0  6208.210
 3635.0  6195.326
