   2865  8695.086
   2870  8861.242
   2875  9041.330
   2880  9230.897
   2885  9425.875
   2890  9622.561
   2895  9817.605
   2900 10008.013
   2905 10191.155
   2910 10364.772
   2915 10526.986
   2920 10676.292
   2925 10811.561
   2930 10932.020
   2935 11037.236
   2940 11127.091
   2945 11201.747
   2950 11261.611
   2955 11307.300
   2960 11339.599
   2965 11359.422
   2970 11367.774
   2975 11365.714
   2980 11354.322
   2985 11334.665
   2990 11307.778
   2995 11274.634
   3000 11236.126
   3005 11193.054
   3010 11146.109
   3015 11095.868
   3020 11042.783
   3025 10987.181
   3030 10929.262
   3035 10869.096
   3040 10806.630
   3045 10741.690
   3050 10673.986
   3055 10603.121
   3060 10528.598
   3065 10449.830
   3070 10366.154
   3075 10276.842
   3080 10181.116
   3085 10078.164
   3090  9967.158
   3095  9847.273
   3100  9717.706
   3105  9577.696
   3110  9426.550
   3115  9263.658
   3120  9088.518
   3125  8900.756
   3130  8700.141
   3135  8486.608
   3140  8260.263
   3145  8021.401
   3150  7770.505
   3155  7508.255
   3160  7235.516
   3165  6953.336
   3170  6662.931
   3175  6365.665
   3180  6063.031
   3185  5756.620
   3190  5448.098
   3195  5139.167
   3200  4831.539
   3205  4526.903
   3210  4226.888
   3215  3933.041
   3220  3646.797
   3225  3369.456
   3230  3102.169
   3235  2845.917
   3240  2601.513
   3245  2369.587
   3250  2150.597
   3255  1238.635
   3260  1235.501
   3265  1232.124
   3270  1228.508
   3275  1224.655
   3280  1220.566
   3285  1216.245
   3290  1211.694
   3295  1206.915
   3300  1201.912
   3305  1196.687
   3310  1191.244
   3315  1185.585
   3320  1179.714
   3325  1173.635
   3330  1167.350
   3335  1160.864
   3340  1154.180
   3345  1147.303
   3350  1140.235
   3355  1132.982
   3360  1125.547
   3365  1117.934
   3370  1110.147
   3375  1102.192
   3380  1094.072
   3385  1085.792
   3390  1077.357
   3395  1068.771
   3400  1060.038
   3405  1051.164
   3410  1042.153
   3415  1033.010
   3420  1023.740
   3425  1014.348
   3430  1004.838
   3435   995.216
   3440   985.486
   3445   975.654
   3450   965.725
   3455   955.703
   3460   945.594
   3465   935.402
   3470   925.132
   3475   914.790
   3480   904.380
   3485   893.908
   3490   883.378
   3495   872.796
   3500   862.166
   3505   851.492
   3510   840.781
   3515   830.036
   3520   819.262
   3525   808.465
   3530   797.648
   3535   786.817
   3540   775.976
   3545   765.129
   3550   754.281
   3555   743.436
   3560   732.599
   3565   721.773
   3570   710.964
   3575   700.174
   3580   689.409
   3585   678.672
   3590   667.966
   3595   657.297
   3600   646.667
   3605   636.080
   3610   625.539
   3615   615.049
   3620   604.612
   3625   594.232
   3630   583.912
   3635   573.655
