 2865  7403.439
 2870  7419.875
 2875  7435.464
 2880  7449.979
 2885  7463.192
 2890  7474.876
 2895  7484.804
 2900  7492.748
 2905  7499.626
 2910  7506.298
 2915  7512.453
 2920  7517.782
 2925  7521.973
 2930  7524.715
 2935  7525.698
 2940  7525.668
 2945  7525.580
 2950  7525.435
 2955  7525.236
 2960  7524.985
 2965  7524.684
 2970  7524.334
 2975  7522.366
 2980  7517.890
 2985  7511.931
 2990  7505.513
 2995  7499.661
 3000  7495.398
 3005  7493.750
 3010  7495.366
 3015  7499.621
 3020  7505.629
 3025  7512.500
 3030  7519.346
 3035  7525.279
 3040  7529.412
 3045  7532.352
 3050  7535.216
 3055  7537.872
 3060  7540.193
 3065  7542.049
 3070  7543.310
 3075  7543.846
 3080  7543.969
 3085  7544.074
 3090  7544.161
 3095  7544.229
 3100  7544.279
 3105  7544.309
 3110  7544.320
 3115  7544.003
 3120  7543.146
 3125  7541.889
 3130  7540.374
 3135  7538.740
 3140  7537.128
 3145  7535.678
 3150  7534.365
 3155  7533.052
 3160  7531.718
 3165  7530.341
 3170  7528.899
 3175  7527.370
 3180  7525.732
 3185  7523.922
 3190  7521.926
 3195  7519.795
 3200  7517.579
 3205  7515.328
 3210  7513.093
 3215  7510.924
 3220  7508.867
 3225  7506.895
 3230  7504.942
 3235  7502.946
 3240  7500.843
 3245  7498.569
 3250  7496.061
 3255  7493.177
 3260  7489.895
 3265  7486.327
 3270  7482.588
 3275  7478.790
 3280  7475.046
 3285  7471.471
 3290  7468.156
 3295  7465.029
 3300  7461.961
 3305  7458.824
 3310  7455.488
 3315  7451.824
 3320  7447.702
 3325  7442.794
 3330  7437.025
 3335  7430.649
 3340  7423.920
 3345  7417.091
 3350  7410.417
 3355  7404.151
 3360  7398.216
 3365  7392.360
 3370  7386.571
 3375  7380.840
 3380  7375.156
 3385  7369.509
 3390  7363.888
 3395  7358.442
 3400  7353.227
 3405  7348.099
 3410  7342.912
 3415  7337.522
 3420  7331.783
 3425  7325.549
 3430  7318.551
 3435  7310.781
 3440  7302.484
 3445  7293.908
 3450  7285.301
 3455  7276.909
 3460  7268.979
 3465  7261.418
 3470  7253.972
 3475  7246.643
 3480  7239.434
 3485  7232.349
 3490  7225.390
 3495  7218.562
 3500  7211.866
 3505  6895.758
 3510  6884.323
 3515  6872.839
 3520  6861.306
 3525  6849.725
 3530  6838.096
 3535  6826.413
 3540  6814.672
 3545  6802.880
 3550  6791.042
 3555  6779.162
 3560  6767.246
 3565  6755.301
 3570  6743.373
 3575  6731.475
 3580  6719.555
 3585  6707.563
 3590  6695.448
 3595  6683.159
 3600  6670.646
 3605  6657.915
 3610  6645.007
 3615  6631.927
 3620  6618.677
 3625  6605.261
 3630  6591.682
 3635  6577.942
