   2865  2898.274
   2870  2971.798
   2875  3047.903
   2880  3126.340
   2885  3206.851
   2890  3289.175
   2895  3373.041
   2900  3458.175
   2905  3544.302
   2910  3631.142
   2915  3718.415
   2920  3805.844
   2925  3893.153
   2930  3980.071
   2935  4066.333
   2940  4151.682
   2945  4235.870
   2950  4318.656
   2955  4399.815
   2960  4479.128
   2965  4556.392
   2970  4631.413
   2975  4704.011
   2980  4774.017
   2985  4841.271
   2990  4905.625
   2995  4966.939
   3000  5025.081
   3005  5079.923
   3010  5131.345
   3015  5179.225
   3020  5223.446
   3025  5263.888
   3030  5300.427
   3035  5332.937
   3040  5361.285
   3045  5385.331
   3050  5404.925
   3055  5419.908
   3060  5430.113
   3065  5435.360
   3070  5435.459
   3075  5430.212
   3080  5419.411
   3085  5402.841
   3090  5380.285
   3095  5351.521
   3100  5316.330
   3105  5274.498
   3110  5225.820
   3115  5170.110
   3120  5107.198
   3125  5036.945
   3130  4959.241
   3135  4874.020
   3140  4781.259
   3145  4680.990
   3150  4573.304
   3155  4458.357
   3160  4336.372
   3165  4207.650
   3170  4072.565
   3175  3931.570
   3180  3785.194
   3185  3634.043
   3190  3478.792
   3195  3320.179
   3200  3159.001
   3205  2996.100
   3210  2832.351
   3215  2668.652
   3220  2505.905
   3225  2345.006
   3230  2186.826
   3235  2032.196
   3240  1881.895
   3245  1736.634
   3250  1597.046
