 2865.0  4806.846
 2870.0  4814.536
 2875.0  4822.078
 2880.0  4829.466
 2885.0  4836.694
 2890.0  4843.757
 2895.0  4850.649
 2900.0  4857.365
 2905.0  4864.056
 2910.0  4870.786
 2915.0  4877.418
 2920.0  4883.816
 2925.0  4889.843
 2930.0  4895.363
 2935.0  4900.238
 2940.0  4904.932
 2945.0  4909.787
 2950.0  4914.479
 2955.0  4918.688
 2960.0  4922.092
 2965.0  4924.370
 2970.0  4925.201
 2975.0  4925.168
 2980.0  4925.080
 2985.0  4924.961
 2990.0  4924.831
 2995.0  4924.712
 3000.0  4924.625
 3005.0  4924.591
 3010.0  4926.546
 3015.0  4931.778
 3020.0  4939.343
 3025.0  4948.292
 3030.0  4957.681
 3035.0  4966.561
 3040.0  4973.988
 3045.0  4980.195
 3050.0  4986.114
 3055.0  4991.842
 3060.0  4997.476
 3065.0  5003.113
 3070.0  5008.852
 3075.0  5014.789
 3080.0  5021.701
 3085.0  5029.764
 3090.0  5038.170
 3095.0  5046.113
 3100.0  5052.785
 3105.0  5057.380
 3110.0  5059.091
 3115.0  5058.934
 3120.0  5058.530
 3125.0  5057.977
 3130.0  5057.374
 3135.0  5056.821
 3140.0  5056.417
 3145.0  5056.260
 3150.0  5058.064
 3155.0  5062.790
 3160.0  5069.407
 3165.0  5076.883
 3170.0  5084.188
 3175.0  5090.292
 3180.0  5094.162
 3185.0  5096.535
 3190.0  5098.774
 3195.0  5100.796
 3200.0  5102.516
 3205.0  5103.848
 3210.0  5104.710
 3215.0  5105.016
 3220.0  5104.825
 3225.0  5104.332
 3230.0  5103.657
 3235.0  5102.922
 3240.0  5102.247
 3245.0  5101.754
 3250.0  5101.563
 3255.0  5102.385
 3260.0  5104.582
 3265.0  5107.749
 3270.0  5111.481
 3275.0  5115.374
 3280.0  5119.024
 3285.0  5122.025
 3290.0  5124.764
 3295.0  5127.740
 3300.0  5130.711
 3305.0  5133.439
 3310.0  5135.683
 3315.0  5137.206
 3320.0  5137.767
 3325.0  5137.606
 3330.0  5137.176
 3335.0  5136.553
 3340.0  5135.812
 3345.0  5135.030
 3350.0  5134.283
 3355.0  5133.647
 3360.0  5133.115
 3365.0  5132.614
 3370.0  5132.128
 3375.0  5131.639
 3380.0  5131.129
 3385.0  5130.582
 3390.0  5129.979
 3395.0  5129.347
 3400.0  5128.704
 3405.0  5128.021
 3410.0  5127.269
 3415.0  5126.420
 3420.0  5125.443
 3425.0  5124.312
 3430.0  5122.555
 3435.0  5119.963
 3440.0  5116.895
 3445.0  5113.711
 3450.0  5110.769
 3455.0  5108.431
 3460.0  5107.056
 3465.0  5106.308
 3470.0  5105.628
 3475.0  5105.031
 3480.0  5104.536
 3485.0  5104.161
 3490.0  5103.923
 3495.0  5103.839
 3500.0  5103.929
 3505.0  4996.731
 3510.0  4990.864
 3515.0  4985.487
 3520.0  4980.680
 3525.0  4976.520
 3530.0  4973.087
 3535.0  4970.388
 3540.0  4968.236
 3545.0  4966.412
 3550.0  4964.699
 3555.0  4962.878
 3560.0  4960.734
 3565.0  4958.046
 3570.0  4954.504
 3575.0  4950.077
 3580.0  4944.977
 3585.0  4939.414
 3590.0  4933.597
 3595.0  4927.739
 3600.0  4922.048
 3605.0  4916.441
 3610.0  4910.697
 3615.0  4904.821
 3620.0  4898.816
 3625.0  4892.686
 3630.0  4886.435
 3635.0  4880.068
