 2865.0  4816.576
 2870.0  4829.087
 2875.0  4841.114
 2880.0  4852.604
 2885.0  4863.505
 2890.0  4873.765
 2895.0  4883.332
 2900.0  4892.154
 2905.0  4900.260
 2910.0  4907.788
 2915.0  4914.845
 2920.0  4921.543
 2925.0  4927.992
 2930.0  4934.299
 2935.0  4940.577
 2940.0  4946.714
 2945.0  4952.585
 2950.0  4958.279
 2955.0  4963.884
 2960.0  4969.489
 2965.0  4975.181
 2970.0  4981.050
 2975.0  4987.571
 2980.0  4994.827
 2985.0  5002.314
 2990.0  5009.528
 2995.0  5015.964
 3000.0  5021.120
 3005.0  5024.491
 3010.0  5026.460
 3015.0  5027.888
 3020.0  5028.991
 3025.0  5029.982
 3030.0  5031.076
 3035.0  5032.486
 3040.0  5034.428
 3045.0  5037.425
 3050.0  5041.712
 3055.0  5047.071
 3060.0  5053.283
 3065.0  5060.132
 3070.0  5067.399
 3075.0  5074.866
 3080.0  5084.329
 3085.0  5096.718
 3090.0  5110.518
 3095.0  5124.215
 3100.0  5136.291
 3105.0  5145.232
 3110.0  5149.523
 3115.0  5150.746
 3120.0  5151.587
 3125.0  5152.189
 3130.0  5152.691
 3135.0  5153.235
 3140.0  5153.960
 3145.0  5155.009
 3150.0  5156.684
 3155.0  5159.100
 3160.0  5162.111
 3165.0  5165.573
 3170.0  5169.341
 3175.0  5173.269
 3180.0  5177.215
 3185.0  5182.012
 3190.0  5188.109
 3195.0  5194.782
 3200.0  5201.309
 3205.0  5206.964
 3210.0  5211.024
 3215.0  5212.766
 3220.0  5213.044
 3225.0  5213.221
 3230.0  5213.337
 3235.0  5213.433
 3240.0  5213.549
 3245.0  5213.726
 3250.0  5214.002
 3255.0  5215.985
 3260.0  5220.555
 3265.0  5226.656
 3270.0  5233.236
 3275.0  5239.240
 3280.0  5243.615
 3285.0  5245.308
 3290.0  5244.384
 3295.0  5242.001
 3300.0  5238.743
 3305.0  5235.193
 3310.0  5231.935
 3315.0  5229.552
 3320.0  5228.628
 3325.0  5229.980
 3330.0  5233.467
 3335.0  5238.236
 3340.0  5243.431
 3345.0  5248.200
 3350.0  5251.687
 3355.0  5253.039
 3360.0  5252.471
 3365.0  5251.005
 3370.0  5249.001
 3375.0  5246.818
 3380.0  5244.813
 3385.0  5243.348
 3390.0  5242.779
 3395.0  5243.268
 3400.0  5244.529
 3405.0  5246.253
 3410.0  5248.132
 3415.0  5249.856
 3420.0  5251.117
 3425.0  5251.606
 3430.0  5250.631
 3435.0  5248.052
 3440.0  5244.383
 3445.0  5240.141
 3450.0  5235.842
 3455.0  5232.001
 3460.0  5229.135
 3465.0  5226.973
 3470.0  5224.923
 3475.0  5223.013
 3480.0  5221.272
 3485.0  5219.731
 3490.0  5218.417
 3495.0  5217.361
 3500.0  5216.592
 3505.0  5119.127
 3510.0  5114.410
 3515.0  5110.001
 3520.0  5105.934
 3525.0  5102.246
 3530.0  5098.972
 3535.0  5096.182
 3540.0  5093.811
 3545.0  5091.694
 3550.0  5089.667
 3555.0  5087.564
 3560.0  5085.221
 3565.0  5082.474
 3570.0  5079.269
 3575.0  5075.691
 3580.0  5071.775
 3585.0  5067.558
 3590.0  5063.076
 3595.0  5058.366
 3600.0  5053.465
 3605.0  5048.273
 3610.0  5042.684
 3615.0  5036.724
 3620.0  5030.419
 3625.0  5023.795
 3630.0  5016.879
 3635.0  5009.696
