   2865  4012.868
   2870  4089.451
   2875  4177.563
   2880  4274.674
   2885  4378.479
   2890  4486.859
   2895  4597.862
   2900  4709.697
   2905  4820.734
   2910  4929.513
   2915  5034.748
   2920  5135.336
   2925  5230.361
   2930  5319.095
   2935  5400.997
   2940  5475.707
   2945  5543.035
   2950  5602.948
   2955  5655.552
   2960  5701.079
   2965  5739.860
   2970  5772.309
   2975  5798.902
   2980  5820.156
   2985  5836.609
   2990  5848.805
   2995  5857.277
   3000  5862.533
   3005  5865.043
   3010  5865.231
   3015  5863.466
   3020  5860.051
   3025  5855.225
   3030  5849.155
   3035  5841.932
   3040  5833.574
   3045  5824.022
   3050  5813.144
   3055  5800.735
   3060  5786.518
   3065  5770.152
   3070  5751.235
   3075  5729.308
   3080  5703.867
   3085  5674.366
   3090  5640.232
   3095  5600.873
   3100  5555.690
   3105  5504.093
   3110  5445.515
   3115  5379.423
   3120  5305.341
   3125  5222.858
   3130  5131.651
   3135  5031.494
   3140  4922.272
   3145  4803.994
   3150  4676.803
   3155  4540.977
   3160  4396.933
   3165  4245.228
   3170  4086.552
   3175  3921.717
   3180  3751.644
   3185  3577.350
   3190  3399.922
   3195  3220.501
   3200  3040.254
   3205  2860.351
   3210  2681.940
   3215  2506.127
   3220  2333.949
   3225  2166.360
   3230  2004.211
   3235  1848.244
   3240  1699.077
   3245  1557.205
   3250  1422.996
   3255   700.683
   3260   701.465
   3265   702.075
   3270   702.514
   3275   702.780
   3280   702.873
   3285   702.794
   3290   702.542
   3295   702.117
   3300   701.521
   3305   700.752
   3310   699.813
   3315   698.703
   3320   697.423
   3325   695.975
   3330   694.359
   3335   692.576
   3340   690.628
   3345   688.517
   3350   686.243
   3355   683.809
   3360   681.216
   3365   678.466
   3370   675.561
   3375   672.504
   3380   669.295
   3385   665.938
   3390   662.436
   3395   658.790
   3400   655.002
   3405   651.077
   3410   647.016
   3415   642.822
   3420   638.499
   3425   634.049
   3430   629.475
   3435   624.781
   3440   619.969
   3445   615.043
   3450   610.007
   3455   604.863
   3460   599.615
   3465   594.266
   3470   588.820
   3475   583.281
   3480   577.652
   3485   571.937
   3490   566.139
   3495   560.263
   3500   554.311
   3505   548.287
   3510   542.196
   3515   536.041
   3520   529.825
   3525   523.553
   3530   517.227
   3535   510.853
   3540   504.433
   3545   497.972
   3550   491.472
   3555   484.939
   3560   478.374
   3565   471.782
   3570   465.167
   3575   458.532
   3580   451.880
   3585   445.216
   3590   438.542
   3595   431.862
   3600   425.179
   3605   418.497
   3610   411.818
   3615   405.147
   3620   398.486
   3625   391.837
   3630   385.206
   3635   378.593
