 2865.0  6750.928
 2870.0  6774.640
 2875.0  6797.272
 2880.0  6818.656
 2885.0  6838.620
 2890.0  6856.996
 2895.0  6873.613
 2900.0  6888.302
 2905.0  6901.959
 2910.0  6915.299
 2915.0  6927.877
 2920.0  6939.251
 2925.0  6948.974
 2930.0  6956.604
 2935.0  6961.697
 2940.0  6965.261
 2945.0  6968.540
 2950.0  6971.436
 2955.0  6973.856
 2960.0  6975.703
 2965.0  6976.881
 2970.0  6977.295
 2975.0  6976.204
 2980.0  6973.392
 2985.0  6969.547
 2990.0  6965.357
 2995.0  6961.511
 3000.0  6958.699
 3005.0  6957.608
 3010.0  6958.407
 3015.0  6960.619
 3020.0  6963.970
 3025.0  6968.187
 3030.0  6972.993
 3035.0  6978.114
 3040.0  6983.276
 3045.0  6989.842
 3050.0  6998.683
 3055.0  7008.785
 3060.0  7019.135
 3065.0  7028.720
 3070.0  7036.526
 3075.0  7041.540
 3080.0  7044.401
 3085.0  7046.586
 3090.0  7048.337
 3095.0  7049.896
 3100.0  7051.504
 3105.0  7053.404
 3110.0  7055.837
 3115.0  7059.155
 3120.0  7063.340
 3125.0  7068.079
 3130.0  7073.060
 3135.0  7077.969
 3140.0  7082.493
 3145.0  7086.320
 3150.0  7089.753
 3155.0  7093.204
 3160.0  7096.527
 3165.0  7099.575
 3170.0  7102.201
 3175.0  7104.259
 3180.0  7105.600
 3185.0  7106.430
 3190.0  7107.083
 3195.0  7107.613
 3200.0  7108.071
 3205.0  7108.510
 3210.0  7108.983
 3215.0  7109.542
 3220.0  7110.148
 3225.0  7110.743
 3230.0  7111.349
 3235.0  7111.991
 3240.0  7112.691
 3245.0  7113.475
 3250.0  7114.364
 3255.0  7115.657
 3260.0  7117.460
 3265.0  7119.516
 3270.0  7121.566
 3275.0  7123.351
 3280.0  7124.612
 3285.0  7125.089
 3290.0  7124.045
 3295.0  7121.319
 3300.0  7117.520
 3305.0  7113.256
 3310.0  7109.137
 3315.0  7105.771
 3320.0  7103.768
 3325.0  7102.805
 3330.0  7102.092
 3335.0  7101.535
 3340.0  7101.039
 3345.0  7100.508
 3350.0  7099.850
 3355.0  7098.969
 3360.0  7097.784
 3365.0  7096.289
 3370.0  7094.503
 3375.0  7092.443
 3380.0  7090.128
 3385.0  7087.577
 3390.0  7084.806
 3395.0  7081.287
 3400.0  7076.708
 3405.0  7071.419
 3410.0  7065.765
 3415.0  7060.095
 3420.0  7054.756
 3425.0  7050.095
 3430.0  7046.018
 3435.0  7042.164
 3440.0  7038.484
 3445.0  7034.931
 3450.0  7031.456
 3455.0  7028.010
 3460.0  7024.545
 3465.0  7021.076
 3470.0  7017.647
 3475.0  7014.259
 3480.0  7010.914
 3485.0  7007.613
 3490.0  7004.355
 3495.0  7001.142
 3500.0  6997.975
 3505.0  6767.110
 3510.0  6758.573
 3515.0  6749.702
 3520.0  6740.516
 3525.0  6731.031
 3530.0  6721.266
 3535.0  6710.896
 3540.0  6699.771
 3545.0  6688.166
 3550.0  6676.358
 3555.0  6664.623
 3560.0  6653.240
 3565.0  6642.483
 3570.0  6632.534
 3575.0  6623.196
 3580.0  6614.175
 3585.0  6605.178
 3590.0  6595.914
 3595.0  6586.088
 3600.0  6575.408
 3605.0  6563.836
 3610.0  6551.558
 3615.0  6538.613
 3620.0  6525.043
 3625.0  6510.888
 3630.0  6496.189
 3635.0  6480.985
