 2865.0  6790.253
 2870.0  6808.957
 2875.0  6826.838
 2880.0  6843.776
 2885.0  6859.655
 2890.0  6874.355
 2895.0  6887.758
 2900.0  6899.746
 2905.0  6910.781
 2910.0  6921.306
 2915.0  6931.174
 2920.0  6940.240
 2925.0  6948.356
 2930.0  6955.378
 2935.0  6961.157
 2940.0  6966.308
 2945.0  6971.372
 2950.0  6976.092
 2955.0  6980.211
 2960.0  6983.471
 2965.0  6985.615
 2970.0  6986.387
 2975.0  6986.182
 2980.0  6985.652
 2985.0  6984.928
 2990.0  6984.139
 2995.0  6983.415
 3000.0  6982.886
 3005.0  6982.680
 3010.0  6985.472
 3015.0  6992.861
 3020.0  7003.369
 3025.0  7015.518
 3030.0  7027.829
 3035.0  7038.825
 3040.0  7047.026
 3045.0  7052.967
 3050.0  7058.270
 3055.0  7063.091
 3060.0  7067.586
 3065.0  7071.909
 3070.0  7076.216
 3075.0  7080.662
 3080.0  7085.706
 3085.0  7091.363
 3090.0  7097.129
 3095.0  7102.495
 3100.0  7106.955
 3105.0  7110.002
 3110.0  7111.131
 3115.0  7110.923
 3120.0  7110.386
 3125.0  7109.653
 3130.0  7108.853
 3135.0  7108.120
 3140.0  7107.583
 3145.0  7107.375
 3150.0  7108.496
 3155.0  7111.490
 3160.0  7115.802
 3165.0  7120.880
 3170.0  7126.169
 3175.0  7131.115
 3180.0  7135.164
 3185.0  7138.810
 3190.0  7142.720
 3195.0  7146.607
 3200.0  7150.183
 3205.0  7153.159
 3210.0  7155.246
 3215.0  7156.157
 3220.0  7156.369
 3225.0  7156.551
 3230.0  7156.703
 3235.0  7156.823
 3240.0  7156.910
 3245.0  7156.963
 3250.0  7156.981
 3255.0  7156.733
 3260.0  7156.089
 3265.0  7155.203
 3270.0  7154.225
 3275.0  7153.307
 3280.0  7152.600
 3285.0  7152.257
 3290.0  7152.167
 3295.0  7152.108
 3300.0  7152.068
 3305.0  7152.034
 3310.0  7151.993
 3315.0  7151.931
 3320.0  7151.835
 3325.0  7151.352
 3330.0  7150.229
 3335.0  7148.609
 3340.0  7146.633
 3345.0  7144.444
 3350.0  7142.185
 3355.0  7139.997
 3360.0  7137.755
 3365.0  7135.266
 3370.0  7132.570
 3375.0  7129.704
 3380.0  7126.708
 3385.0  7123.621
 3390.0  7120.481
 3395.0  7117.227
 3400.0  7113.794
 3405.0  7110.213
 3410.0  7106.519
 3415.0  7102.745
 3420.0  7098.924
 3425.0  7095.089
 3430.0  7091.186
 3435.0  7087.165
 3440.0  7083.067
 3445.0  7078.930
 3450.0  7074.792
 3455.0  7070.694
 3460.0  7066.674
 3465.0  7062.718
 3470.0  7058.787
 3475.0  7054.881
 3480.0  7050.999
 3485.0  7047.144
 3490.0  7043.313
 3495.0  7039.509
 3500.0  7035.731
 3505.0  6818.739
 3510.0  6807.404
 3515.0  6796.240
 3520.0  6785.251
 3525.0  6774.442
 3530.0  6763.816
 3535.0  6753.513
 3540.0  6743.569
 3545.0  6733.835
 3550.0  6724.159
 3555.0  6714.393
 3560.0  6704.385
 3565.0  6693.985
 3570.0  6683.104
 3575.0  6671.834
 3580.0  6660.304
 3585.0  6648.639
 3590.0  6636.967
 3595.0  6625.416
 3600.0  6614.112
 3605.0  6603.010
 3610.0  6591.981
 3615.0  6581.026
 3620.0  6570.146
 3625.0  6559.341
 3630.0  6548.613
 3635.0  6537.962
