 2865.0  3607.361
 2870.0  3615.953
 2875.0  3624.108
 2880.0  3631.717
 2885.0  3638.673
 2890.0  3644.868
 2895.0  3650.196
 2900.0  3654.547
 2905.0  3657.915
 2910.0  3660.558
 2915.0  3662.774
 2920.0  3664.856
 2925.0  3667.100
 2930.0  3669.802
 2935.0  3673.256
 2940.0  3678.691
 2945.0  3686.464
 2950.0  3695.570
 2955.0  3705.001
 2960.0  3713.750
 2965.0  3720.810
 2970.0  3725.174
 2975.0  3727.507
 2980.0  3729.280
 2985.0  3730.689
 2990.0  3731.930
 2995.0  3733.201
 3000.0  3734.700
 3005.0  3736.623
 3010.0  3739.059
 3015.0  3741.919
 3020.0  3745.134
 3025.0  3748.636
 3030.0  3752.354
 3035.0  3756.220
 3040.0  3760.166
 3045.0  3764.163
 3050.0  3768.290
 3055.0  3772.633
 3060.0  3777.279
 3065.0  3782.315
 3070.0  3787.828
 3075.0  3793.905
 3080.0  3802.269
 3085.0  3813.561
 3090.0  3826.245
 3095.0  3838.785
 3100.0  3849.644
 3105.0  3857.286
 3110.0  3860.175
 3115.0  3859.889
 3120.0  3859.151
 3125.0  3858.143
 3130.0  3857.043
 3135.0  3856.035
 3140.0  3855.297
 3145.0  3855.011
 3150.0  3855.999
 3155.0  3858.681
 3160.0  3862.632
 3165.0  3867.429
 3170.0  3872.648
 3175.0  3877.865
 3180.0  3882.656
 3185.0  3887.878
 3190.0  3894.206
 3195.0  3900.945
 3200.0  3907.398
 3205.0  3912.870
 3210.0  3916.663
 3215.0  3918.082
 3220.0  3916.693
 3225.0  3913.110
 3230.0  3908.211
 3235.0  3902.873
 3240.0  3897.974
 3245.0  3894.392
 3250.0  3893.002
 3255.0  3895.259
 3260.0  3901.078
 3265.0  3909.034
 3270.0  3917.703
 3275.0  3925.659
 3280.0  3931.478
 3285.0  3933.734
 3290.0  3933.047
 3295.0  3931.274
 3300.0  3928.849
 3305.0  3926.207
 3310.0  3923.782
 3315.0  3922.009
 3320.0  3921.321
 3325.0  3922.191
 3330.0  3924.433
 3335.0  3927.500
 3340.0  3930.840
 3345.0  3933.907
 3350.0  3936.149
 3355.0  3937.019
 3360.0  3936.642
 3365.0  3935.672
 3370.0  3934.344
 3375.0  3932.898
 3380.0  3931.571
 3385.0  3930.601
 3390.0  3930.224
 3395.0  3931.106
 3400.0  3933.381
 3405.0  3936.491
 3410.0  3939.880
 3415.0  3942.990
 3420.0  3945.265
 3425.0  3946.147
 3430.0  3945.366
 3435.0  3943.351
 3440.0  3940.597
 3445.0  3937.597
 3450.0  3934.843
 3455.0  3932.828
 3460.0  3932.047
 3465.0  3932.226
 3470.0  3932.783
 3475.0  3933.752
 3480.0  3935.165
 3485.0  3937.055
 3490.0  3939.455
 3495.0  3942.398
 3500.0  3945.916
 3505.0  3894.299
 3510.0  3891.744
 3515.0  3889.502
 3520.0  3887.657
 3525.0  3886.295
 3530.0  3885.499
 3535.0  3885.100
 3540.0  3884.835
 3545.0  3884.649
 3550.0  3884.485
 3555.0  3884.290
 3560.0  3884.006
 3565.0  3883.578
 3570.0  3881.879
 3575.0  3878.216
 3580.0  3873.193
 3585.0  3867.413
 3590.0  3861.479
 3595.0  3855.992
 3600.0  3851.555
 3605.0  3847.912
 3610.0  3844.415
 3615.0  3841.081
 3620.0  3837.927
 3625.0  3834.969
 3630.0  3832.225
 3635.0  3829.711
