 2865.0  7306.153
 2870.0  7322.066
 2875.0  7337.285
 2880.0  7351.714
 2885.0  7365.256
 2890.0  7377.813
 2895.0  7389.290
 2900.0  7399.588
 2905.0  7409.362
 2910.0  7419.066
 2915.0  7428.305
 2920.0  7436.685
 2925.0  7443.810
 2930.0  7449.286
 2935.0  7452.717
 2940.0  7454.911
 2945.0  7456.902
 2950.0  7458.641
 2955.0  7460.080
 2960.0  7461.168
 2965.0  7461.858
 2970.0  7462.098
 2975.0  7460.798
 2980.0  7457.445
 2985.0  7452.860
 2990.0  7447.865
 2995.0  7443.280
 3000.0  7439.927
 3005.0  7438.627
 3010.0  7440.319
 3015.0  7444.864
 3020.0  7451.460
 3025.0  7459.307
 3030.0  7467.606
 3035.0  7475.555
 3040.0  7482.355
 3045.0  7488.941
 3050.0  7496.339
 3055.0  7503.883
 3060.0  7510.909
 3065.0  7516.751
 3070.0  7520.744
 3075.0  7522.223
 3080.0  7522.187
 3085.0  7522.093
 3090.0  7521.964
 3095.0  7521.824
 3100.0  7521.695
 3105.0  7521.601
 3110.0  7521.565
 3115.0  7521.880
 3120.0  7522.746
 3125.0  7524.044
 3130.0  7525.656
 3135.0  7527.463
 3140.0  7529.346
 3145.0  7531.186
 3150.0  7533.473
 3155.0  7536.505
 3160.0  7539.884
 3165.0  7543.209
 3170.0  7546.079
 3175.0  7548.095
 3180.0  7548.855
 3185.0  7548.517
 3190.0  7547.644
 3195.0  7546.451
 3200.0  7545.150
 3205.0  7543.957
 3210.0  7543.084
 3215.0  7542.745
 3220.0  7543.285
 3225.0  7544.677
 3230.0  7546.580
 3235.0  7548.654
 3240.0  7550.557
 3245.0  7551.949
 3250.0  7552.489
 3255.0  7551.015
 3260.0  7547.133
 3265.0  7541.652
 3270.0  7535.382
 3275.0  7529.133
 3280.0  7523.714
 3285.0  7519.935
 3290.0  7517.483
 3295.0  7515.425
 3300.0  7513.636
 3305.0  7511.992
 3310.0  7510.369
 3315.0  7508.644
 3320.0  7506.693
 3325.0  7504.564
 3330.0  7502.377
 3335.0  7500.118
 3340.0  7497.772
 3345.0  7495.326
 3350.0  7492.764
 3355.0  7490.072
 3360.0  7487.292
 3365.0  7484.434
 3370.0  7481.443
 3375.0  7478.259
 3380.0  7474.824
 3385.0  7471.080
 3390.0  7466.970
 3395.0  7462.175
 3400.0  7456.554
 3405.0  7450.318
 3410.0  7443.676
 3415.0  7436.839
 3420.0  7430.015
 3425.0  7423.414
 3430.0  7416.810
 3435.0  7409.940
 3440.0  7402.958
 3445.0  7396.019
 3450.0  7389.280
 3455.0  7382.894
 3460.0  7377.018
 3465.0  7371.539
 3470.0  7366.256
 3475.0  7361.186
 3480.0  7356.347
 3485.0  7351.757
 3490.0  7347.433
 3495.0  7343.394
 3500.0  7339.657
 3505.0  7076.740
 3510.0  7066.318
 3515.0  7055.817
 3520.0  7045.238
 3525.0  7034.581
 3530.0  7023.847
 3535.0  7013.023
 3540.0  7002.104
 3545.0  6991.099
 3550.0  6980.019
 3555.0  6968.875
 3560.0  6957.678
 3565.0  6946.438
 3570.0  6935.163
 3575.0  6923.846
 3580.0  6912.473
 3585.0  6901.033
 3590.0  6889.515
 3595.0  6877.907
 3600.0  6866.197
 3605.0  6854.385
 3610.0  6842.481
 3615.0  6830.486
 3620.0  6818.400
 3625.0  6806.225
 3630.0  6793.962
 3635.0  6781.611
