 2865.0  7752.466
 2870.0  7784.095
 2875.0  7814.167
 2880.0  7841.764
 2885.0  7865.967
 2890.0  7885.856
 2895.0  7900.513
 2900.0  7909.018
 2905.0  7913.394
 2910.0  7916.563
 2915.0  7918.951
 2920.0  7920.987
 2925.0  7923.100
 2930.0  7925.718
 2935.0  7929.269
 2940.0  7935.195
 2945.0  7943.785
 2950.0  7953.736
 2955.0  7963.743
 2960.0  7972.505
 2965.0  7978.718
 2970.0  7981.079
 2975.0  7978.115
 2980.0  7970.442
 2985.0  7959.885
 2990.0  7948.268
 2995.0  7937.418
 3000.0  7929.159
 3005.0  7925.317
 3010.0  7924.352
 3015.0  7923.512
 3020.0  7922.805
 3025.0  7922.240
 3030.0  7921.826
 3035.0  7921.571
 3040.0  7921.484
 3045.0  7923.395
 3050.0  7928.323
 3055.0  7935.062
 3060.0  7942.404
 3065.0  7949.143
 3070.0  7954.071
 3075.0  7955.982
 3080.0  7954.943
 3085.0  7952.264
 3090.0  7948.601
 3095.0  7944.610
 3100.0  7940.947
 3105.0  7938.268
 3110.0  7937.229
 3115.0  7939.013
 3120.0  7943.613
 3125.0  7949.902
 3130.0  7956.755
 3135.0  7963.045
 3140.0  7967.644
 3145.0  7969.428
 3150.0  7967.045
 3155.0  7960.899
 3160.0  7952.496
 3165.0  7943.341
 3170.0  7934.937
 3175.0  7928.792
 3180.0  7926.409
 3185.0  7929.111
 3190.0  7936.080
 3195.0  7945.609
 3200.0  7955.991
 3205.0  7965.520
 3210.0  7972.489
 3215.0  7975.191
 3220.0  7973.279
 3225.0  7968.206
 3230.0  7960.972
 3235.0  7952.574
 3240.0  7944.010
 3245.0  7936.278
 3250.0  7930.377
 3255.0  7925.987
 3260.0  7922.045
 3265.0  7918.427
 3270.0  7915.015
 3275.0  7911.685
 3280.0  7908.317
 3285.0  7904.790
 3290.0  7901.266
 3295.0  7897.905
 3300.0  7894.587
 3305.0  7891.190
 3310.0  7887.594
 3315.0  7883.677
 3320.0  7879.317
 3325.0  7873.734
 3330.0  7866.706
 3335.0  7858.950
 3340.0  7851.185
 3345.0  7844.128
 3350.0  7838.499
 3355.0  7835.015
 3360.0  7833.201
 3365.0  7831.946
 3370.0  7831.016
 3375.0  7830.175
 3380.0  7829.189
 3385.0  7827.821
 3390.0  7825.838
 3395.0  7820.024
 3400.0  7808.672
 3405.0  7793.808
 3410.0  7777.462
 3415.0  7761.658
 3420.0  7748.426
 3425.0  7739.792
 3430.0  7734.852
 3435.0  7731.059
 3440.0  7727.978
 3445.0  7725.173
 3450.0  7722.209
 3455.0  7718.651
 3460.0  7714.064
 3465.0  7708.113
 3470.0  7700.851
 3475.0  7692.420
 3480.0  7682.966
 3485.0  7672.631
 3490.0  7661.560
 3495.0  7649.896
 3500.0  7637.783
 3505.0  7304.880
 3510.0  7294.618
 3515.0  7284.166
 3520.0  7273.531
 3525.0  7262.716
 3530.0  7251.728
 3535.0  7240.307
 3540.0  7228.357
 3545.0  7216.121
 3550.0  7203.844
 3555.0  7191.770
 3560.0  7180.143
 3565.0  7169.209
 3570.0  7159.243
 3575.0  7150.096
 3580.0  7141.375
 3585.0  7132.686
 3590.0  7123.635
 3595.0  7113.827
 3600.0  7102.870
 3605.0  7090.627
 3610.0  7077.278
 3615.0  7062.903
 3620.0  7047.582
 3625.0  7031.395
 3630.0  7014.424
 3635.0  6996.747
