 2865.0  6743.914
 2870.0  6759.489
 2875.0  6774.675
 2880.0  6789.452
 2885.0  6803.798
 2890.0  6817.694
 2895.0  6831.119
 2900.0  6844.054
 2905.0  6857.460
 2910.0  6871.708
 2915.0  6885.889
 2920.0  6899.095
 2925.0  6910.419
 2930.0  6918.951
 2935.0  6923.784
 2940.0  6926.342
 2945.0  6928.627
 2950.0  6930.595
 2955.0  6932.201
 2960.0  6933.403
 2965.0  6934.156
 2970.0  6934.417
 2975.0  6934.244
 2980.0  6933.798
 2985.0  6933.188
 2990.0  6932.524
 2995.0  6931.914
 3000.0  6931.468
 3005.0  6931.295
 3010.0  6933.476
 3015.0  6939.266
 3020.0  6947.535
 3025.0  6957.154
 3030.0  6966.993
 3035.0  6975.923
 3040.0  6982.813
 3045.0  6987.910
 3050.0  6992.371
 3055.0  6996.436
 3060.0  7000.342
 3065.0  7004.328
 3070.0  7008.632
 3075.0  7013.494
 3080.0  7019.510
 3085.0  7026.706
 3090.0  7034.461
 3095.0  7042.153
 3100.0  7049.163
 3105.0  7054.868
 3110.0  7058.649
 3115.0  7060.954
 3120.0  7062.759
 3125.0  7064.230
 3130.0  7065.533
 3135.0  7066.836
 3140.0  7068.305
 3145.0  7070.108
 3150.0  7072.280
 3155.0  7074.707
 3160.0  7077.334
 3165.0  7080.102
 3170.0  7082.953
 3175.0  7085.831
 3180.0  7088.677
 3185.0  7091.851
 3190.0  7095.526
 3195.0  7099.364
 3200.0  7103.029
 3205.0  7106.183
 3210.0  7108.492
 3215.0  7109.616
 3220.0  7109.972
 3225.0  7110.223
 3230.0  7110.406
 3235.0  7110.559
 3240.0  7110.717
 3245.0  7110.919
 3250.0  7111.200
 3255.0  7111.607
 3260.0  7112.138
 3265.0  7112.766
 3270.0  7113.462
 3275.0  7114.198
 3280.0  7114.945
 3285.0  7115.673
 3290.0  7116.506
 3295.0  7117.509
 3300.0  7118.574
 3305.0  7119.593
 3310.0  7120.455
 3315.0  7121.052
 3320.0  7121.275
 3325.0  7120.941
 3330.0  7120.021
 3335.0  7118.640
 3340.0  7116.924
 3345.0  7114.999
 3350.0  7112.989
 3355.0  7111.020
 3360.0  7108.980
 3365.0  7106.684
 3370.0  7104.148
 3375.0  7101.387
 3380.0  7098.416
 3385.0  7095.249
 3390.0  7091.903
 3395.0  7088.095
 3400.0  7083.670
 3405.0  7078.837
 3410.0  7073.806
 3415.0  7068.785
 3420.0  7063.982
 3425.0  7059.606
 3430.0  7055.578
 3435.0  7051.675
 3440.0  7047.892
 3445.0  7044.225
 3450.0  7040.669
 3455.0  7037.218
 3460.0  7033.869
 3465.0  7030.608
 3470.0  7027.429
 3475.0  7024.336
 3480.0  7021.333
 3485.0  7018.425
 3490.0  7015.616
 3495.0  7012.910
 3500.0  7010.312
 3505.0  6821.350
 3510.0  6811.426
 3515.0  6801.445
 3520.0  6791.408
 3525.0  6781.316
 3530.0  6771.168
 3535.0  6761.005
 3540.0  6750.839
 3545.0  6740.628
 3550.0  6730.333
 3555.0  6719.912
 3560.0  6709.324
 3565.0  6698.528
 3570.0  6687.392
 3575.0  6675.899
 3580.0  6664.190
 3585.0  6652.405
 3590.0  6640.682
 3595.0  6629.163
 3600.0  6617.986
 3605.0  6607.095
 3610.0  6596.342
 3615.0  6585.730
 3620.0  6575.262
 3625.0  6564.941
 3630.0  6554.771
 3635.0  6544.753
