 2865.0  3644.407
 2870.0  3651.609
 2875.0  3658.777
 2880.0  3665.908
 2885.0  3673.004
 2890.0  3680.063
 2895.0  3687.085
 2900.0  3694.071
 2905.0  3701.371
 2910.0  3709.103
 2915.0  3716.917
 2920.0  3724.461
 2925.0  3731.387
 2930.0  3737.344
 2935.0  3741.981
 2940.0  3745.470
 2945.0  3748.354
 2950.0  3750.835
 2955.0  3753.117
 2960.0  3755.403
 2965.0  3757.896
 2970.0  3760.799
 2975.0  3764.104
 2980.0  3767.650
 2985.0  3771.406
 2990.0  3775.344
 2995.0  3779.435
 3000.0  3783.649
 3005.0  3787.957
 3010.0  3792.520
 3015.0  3797.429
 3020.0  3802.551
 3025.0  3807.756
 3030.0  3812.909
 3035.0  3817.881
 3040.0  3822.538
 3045.0  3826.752
 3050.0  3830.604
 3055.0  3834.280
 3060.0  3837.967
 3065.0  3841.850
 3070.0  3846.116
 3075.0  3850.951
 3080.0  3857.534
 3085.0  3866.176
 3090.0  3875.756
 3095.0  3885.155
 3100.0  3893.255
 3105.0  3898.936
 3110.0  3901.078
 3115.0  3900.860
 3120.0  3900.299
 3125.0  3899.531
 3130.0  3898.694
 3135.0  3897.927
 3140.0  3897.365
 3145.0  3897.147
 3150.0  3899.685
 3155.0  3906.335
 3160.0  3915.649
 3165.0  3926.179
 3170.0  3936.479
 3175.0  3945.100
 3180.0  3950.595
 3185.0  3953.994
 3190.0  3957.209
 3195.0  3960.115
 3200.0  3962.591
 3205.0  3964.511
 3210.0  3965.754
 3215.0  3966.196
 3220.0  3965.370
 3225.0  3963.240
 3230.0  3960.328
 3235.0  3957.155
 3240.0  3954.242
 3245.0  3952.112
 3250.0  3951.287
 3255.0  3952.736
 3260.0  3956.521
 3265.0  3961.795
 3270.0  3967.713
 3275.0  3973.430
 3280.0  3978.101
 3285.0  3980.878
 3290.0  3982.200
 3295.0  3983.162
 3300.0  3983.904
 3305.0  3984.569
 3310.0  3985.299
 3315.0  3986.235
 3320.0  3987.520
 3325.0  3990.045
 3330.0  3994.131
 3335.0  3999.068
 3340.0  4004.146
 3345.0  4008.652
 3350.0  4011.878
 3355.0  4013.111
 3360.0  4011.679
 3365.0  4007.986
 3370.0  4002.936
 3375.0  3997.434
 3380.0  3992.384
 3385.0  3988.691
 3390.0  3987.259
 3395.0  3988.154
 3400.0  3990.463
 3405.0  3993.619
 3410.0  3997.058
 3415.0  4000.215
 3420.0  4002.523
 3425.0  4003.418
 3430.0  4002.958
 3435.0  4001.762
 3440.0  4000.109
 3445.0  3998.278
 3450.0  3996.546
 3455.0  3995.193
 3460.0  3994.497
 3465.0  3994.236
 3470.0  3994.003
 3475.0  3993.804
 3480.0  3993.642
 3485.0  3993.521
 3490.0  3993.445
 3495.0  3993.419
 3500.0  3993.447
 3505.0  3964.044
 3510.0  3961.817
 3515.0  3959.513
 3520.0  3957.136
 3525.0  3954.689
 3530.0  3952.176
 3535.0  3949.529
 3540.0  3946.718
 3545.0  3943.798
 3550.0  3940.830
 3555.0  3937.869
 3560.0  3934.974
 3565.0  3932.203
 3570.0  3929.634
 3575.0  3927.241
 3580.0  3924.922
 3585.0  3922.578
 3590.0  3920.109
 3595.0  3917.414
 3600.0  3914.392
 3605.0  3910.978
 3610.0  3907.193
 3615.0  3903.067
 3620.0  3898.629
 3625.0  3893.910
 3630.0  3888.939
 3635.0  3883.745
