 2865.0  7546.334
 2870.0  7570.445
 2875.0  7593.307
 2880.0  7614.570
 2885.0  7633.884
 2890.0  7650.899
 2895.0  7665.264
 2900.0  7676.630
 2905.0  7686.287
 2910.0  7695.524
 2915.0  7703.981
 2920.0  7711.301
 2925.0  7717.125
 2930.0  7721.096
 2935.0  7722.856
 2940.0  7723.356
 2945.0  7723.787
 2950.0  7724.146
 2955.0  7724.429
 2960.0  7724.636
 2965.0  7724.761
 2970.0  7724.804
 2975.0  7723.369
 2980.0  7719.669
 2985.0  7714.610
 2990.0  7709.098
 2995.0  7704.039
 3000.0  7700.339
 3005.0  7698.904
 3010.0  7698.925
 3015.0  7698.988
 3020.0  7699.089
 3025.0  7699.227
 3030.0  7699.400
 3035.0  7699.606
 3040.0  7699.842
 3045.0  7700.412
 3050.0  7701.570
 3055.0  7703.242
 3060.0  7705.355
 3065.0  7707.835
 3070.0  7710.608
 3075.0  7713.601
 3080.0  7718.613
 3085.0  7726.585
 3090.0  7736.157
 3095.0  7745.970
 3100.0  7754.663
 3105.0  7760.876
 3110.0  7763.249
 3115.0  7763.041
 3120.0  7762.462
 3125.0  7761.586
 3130.0  7760.483
 3135.0  7759.226
 3140.0  7757.885
 3145.0  7756.532
 3150.0  7754.702
 3155.0  7752.130
 3160.0  7749.189
 3165.0  7746.253
 3170.0  7743.693
 3175.0  7741.884
 3180.0  7741.198
 3185.0  7741.672
 3190.0  7742.894
 3195.0  7744.565
 3200.0  7746.386
 3205.0  7748.057
 3210.0  7749.279
 3215.0  7749.753
 3220.0  7749.567
 3225.0  7749.048
 3230.0  7748.258
 3235.0  7747.256
 3240.0  7746.104
 3245.0  7744.862
 3250.0  7743.590
 3255.0  7742.213
 3260.0  7740.595
 3265.0  7738.705
 3270.0  7736.511
 3275.0  7733.983
 3280.0  7731.091
 3285.0  7727.802
 3290.0  7722.697
 3295.0  7715.040
 3300.0  7705.827
 3305.0  7696.055
 3310.0  7686.719
 3315.0  7678.815
 3320.0  7673.339
 3325.0  7669.902
 3330.0  7667.245
 3335.0  7665.061
 3340.0  7663.045
 3345.0  7660.890
 3350.0  7658.292
 3355.0  7654.943
 3360.0  7650.344
 3365.0  7644.409
 3370.0  7637.454
 3375.0  7629.793
 3380.0  7621.741
 3385.0  7613.612
 3390.0  7605.723
 3395.0  7597.781
 3400.0  7589.399
 3405.0  7580.743
 3410.0  7571.982
 3415.0  7563.285
 3420.0  7554.817
 3425.0  7546.749
 3430.0  7539.155
 3435.0  7531.904
 3440.0  7524.853
 3445.0  7517.856
 3450.0  7510.770
 3455.0  7503.451
 3460.0  7495.754
 3465.0  7487.701
 3470.0  7479.417
 3475.0  7470.908
 3480.0  7462.182
 3485.0  7453.248
 3490.0  7444.112
 3495.0  7434.784
 3500.0  7425.270
 3505.0  7098.232
 3510.0  7088.522
 3515.0  7078.392
 3520.0  7067.869
 3525.0  7056.976
 3530.0  7045.738
 3535.0  7033.539
 3540.0  7020.114
 3545.0  7006.014
 3550.0  6991.789
 3555.0  6977.990
 3560.0  6965.167
 3565.0  6953.871
 3570.0  6944.333
 3575.0  6936.049
 3580.0  6928.465
 3585.0  6921.029
 3590.0  6913.187
 3595.0  6904.386
 3600.0  6894.074
 3605.0  6881.921
 3610.0  6868.069
 3615.0  6852.671
 3620.0  6835.883
 3625.0  6817.858
 3630.0  6798.751
 3635.0  6778.716
