 2865.0  3761.535
 2870.0  3765.579
 2875.0  3770.074
 2880.0  3774.985
 2885.0  3780.274
 2890.0  3785.904
 2895.0  3791.840
 2900.0  3798.043
 2905.0  3805.185
 2910.0  3813.579
 2915.0  3822.651
 2920.0  3831.831
 2925.0  3840.546
 2930.0  3848.223
 2935.0  3854.290
 2940.0  3859.186
 2945.0  3863.719
 2950.0  3867.867
 2955.0  3871.612
 2960.0  3874.933
 2965.0  3877.810
 2970.0  3880.223
 2975.0  3882.112
 2980.0  3883.560
 2985.0  3884.761
 2990.0  3885.910
 2995.0  3887.203
 3000.0  3888.832
 3005.0  3890.994
 3010.0  3894.835
 3015.0  3900.863
 3020.0  3908.307
 3025.0  3916.400
 3030.0  3924.374
 3035.0  3931.459
 3040.0  3936.888
 3045.0  3940.760
 3050.0  3943.898
 3055.0  3946.617
 3060.0  3949.234
 3065.0  3952.064
 3070.0  3955.423
 3075.0  3959.626
 3080.0  3966.477
 3085.0  3976.531
 3090.0  3988.238
 3095.0  4000.045
 3100.0  4010.401
 3105.0  4017.752
 3110.0  4020.547
 3115.0  4020.375
 3120.0  4019.930
 3125.0  4019.321
 3130.0  4018.658
 3135.0  4018.050
 3140.0  4017.605
 3145.0  4017.432
 3150.0  4018.159
 3155.0  4020.132
 3160.0  4023.039
 3165.0  4026.569
 3170.0  4030.410
 3175.0  4034.250
 3180.0  4037.778
 3185.0  4041.453
 3190.0  4045.714
 3195.0  4050.221
 3200.0  4054.633
 3205.0  4058.610
 3210.0  4061.811
 3215.0  4063.896
 3220.0  4065.109
 3225.0  4066.005
 3230.0  4066.705
 3235.0  4067.333
 3240.0  4068.008
 3245.0  4068.855
 3250.0  4069.994
 3255.0  4071.918
 3260.0  4074.778
 3265.0  4078.182
 3270.0  4081.739
 3275.0  4085.058
 3280.0  4087.747
 3285.0  4089.416
 3290.0  4090.301
 3295.0  4090.957
 3300.0  4091.472
 3305.0  4091.930
 3310.0  4092.418
 3315.0  4093.023
 3320.0  4093.831
 3325.0  4095.209
 3330.0  4097.258
 3335.0  4099.666
 3340.0  4102.119
 3345.0  4104.305
 3350.0  4105.909
 3355.0  4106.620
 3360.0  4106.758
 3365.0  4106.862
 3370.0  4106.940
 3375.0  4107.003
 3380.0  4107.061
 3385.0  4107.125
 3390.0  4107.203
 3395.0  4107.306
 3400.0  4107.428
 3405.0  4107.556
 3410.0  4107.678
 3415.0  4107.780
 3420.0  4107.851
 3425.0  4107.878
 3430.0  4106.961
 3435.0  4104.598
 3440.0  4101.366
 3445.0  4097.845
 3450.0  4094.613
 3455.0  4092.250
 3460.0  4091.333
 3465.0  4091.440
 3470.0  4091.805
 3475.0  4092.500
 3480.0  4093.592
 3485.0  4095.152
 3490.0  4097.248
 3495.0  4099.950
 3500.0  4103.328
 3505.0  4056.882
 3510.0  4052.796
 3515.0  4049.017
 3520.0  4045.588
 3525.0  4042.554
 3530.0  4039.956
 3535.0  4037.842
 3540.0  4036.121
 3545.0  4034.634
 3550.0  4033.217
 3555.0  4031.710
 3560.0  4029.951
 3565.0  4027.780
 3570.0  4024.957
 3575.0  4021.460
 3580.0  4017.450
 3585.0  4013.087
 3590.0  4008.533
 3595.0  4003.949
 3600.0  3999.496
 3605.0  3995.110
 3610.0  3990.624
 3615.0  3986.039
 3620.0  3981.360
 3625.0  3976.588
 3630.0  3971.726
 3635.0  3966.778
