 2865  7609.572
 2870  7624.281
 2875  7638.271
 2880  7651.399
 2885  7663.518
 2890  7674.487
 2895  7684.160
 2900  7692.392
 2905  7699.991
 2910  7707.577
 2915  7714.728
 2920  7721.023
 2925  7726.041
 2930  7729.361
 2935  7730.561
 2940  7730.489
 2945  7730.279
 2950  7729.940
 2955  7729.480
 2960  7728.909
 2965  7728.235
 2970  7727.467
 2975  7724.956
 2980  7719.784
 2985  7713.062
 2990  7705.900
 2995  7699.410
 3000  7694.701
 3005  7692.885
 3010  7695.191
 3015  7701.182
 3020  7709.471
 3025  7718.669
 3030  7727.388
 3035  7734.239
 3040  7737.834
 3045  7739.139
 3050  7740.115
 3055  7740.869
 3060  7741.507
 3065  7742.138
 3070  7742.866
 3075  7743.799
 3080  7745.146
 3085  7746.895
 3090  7748.824
 3095  7750.710
 3100  7752.333
 3105  7753.470
 3110  7753.898
 3115  7752.471
 3120  7748.789
 3125  7743.755
 3130  7738.271
 3135  7733.237
 3140  7729.556
 3145  7728.128
 3150  7728.229
 3155  7728.488
 3160  7728.843
 3165  7729.230
 3170  7729.585
 3175  7729.844
 3180  7729.945
 3185  7729.571
 3190  7728.551
 3195  7727.037
 3200  7725.178
 3205  7723.128
 3210  7721.037
 3215  7719.057
 3220  7717.125
 3225  7715.072
 3230  7712.885
 3235  7710.552
 3240  7708.059
 3245  7705.396
 3250  7702.548
 3255  7699.344
 3260  7695.700
 3265  7691.738
 3270  7687.580
 3275  7683.348
 3280  7679.164
 3285  7675.149
 3290  7671.280
 3295  7667.442
 3300  7663.617
 3305  7659.788
 3310  7655.935
 3315  7652.043
 3320  7648.093
 3325  7644.155
 3330  7640.267
 3335  7636.364
 3340  7632.382
 3345  7628.255
 3350  7623.920
 3355  7619.311
 3360  7614.371
 3365  7609.115
 3370  7603.586
 3375  7597.828
 3380  7591.883
 3385  7585.796
 3390  7579.609
 3395  7573.287
 3400  7566.769
 3405  7560.057
 3410  7553.158
 3415  7546.075
 3420  7538.812
 3425  7531.375
 3430  7523.567
 3435  7515.310
 3440  7506.776
 3445  7498.142
 3450  7489.582
 3455  7481.270
 3460  7473.381
 3465  7465.838
 3470  7458.449
 3475  7451.219
 3480  7444.156
 3485  7437.265
 3490  7430.552
 3495  7424.023
 3500  7417.685
 3505  7097.776
 3510  7087.178
 3515  7076.432
 3520  7065.542
 3525  7054.511
 3530  7043.341
 3535  7032.070
 3540  7020.703
 3545  7009.195
 3550  6997.501
 3555  6985.575
 3560  6973.372
 3565  6960.847
 3570  6947.854
 3575  6934.373
 3580  6920.539
 3585  6906.491
 3590  6892.365
 3595  6878.300
 3600  6864.433
 3605  6850.717
 3610  6837.016
 3615  6823.330
 3620  6809.657
 3625  6796.000
 3630  6782.356
 3635  6768.727
