 2865.0  6701.033
 2870.0  6712.694
 2875.0  6723.916
 2880.0  6734.654
 2885.0  6744.863
 2890.0  6754.498
 2895.0  6763.516
 2900.0  6771.870
 2905.0  6779.790
 2910.0  6787.461
 2915.0  6794.773
 2920.0  6801.617
 2925.0  6807.885
 2930.0  6813.466
 2935.0  6818.252
 2940.0  6822.551
 2945.0  6826.675
 2950.0  6830.515
 2955.0  6833.968
 2960.0  6836.926
 2965.0  6839.283
 2970.0  6840.933
 2975.0  6841.984
 2980.0  6842.710
 2985.0  6843.253
 2990.0  6843.753
 2995.0  6844.352
 3000.0  6845.192
 3005.0  6846.413
 3010.0  6850.954
 3015.0  6860.485
 3020.0  6873.248
 3025.0  6887.485
 3030.0  6901.437
 3035.0  6913.347
 3040.0  6921.455
 3045.0  6926.445
 3050.0  6930.421
 3055.0  6933.756
 3060.0  6936.821
 3065.0  6939.989
 3070.0  6943.631
 3075.0  6948.119
 3080.0  6954.277
 3085.0  6962.161
 3090.0  6970.988
 3095.0  6979.978
 3100.0  6988.347
 3105.0  6995.315
 3110.0  7000.100
 3115.0  7003.268
 3120.0  7005.967
 3125.0  7008.292
 3130.0  7010.337
 3135.0  7012.195
 3140.0  7013.961
 3145.0  7015.727
 3150.0  7017.394
 3155.0  7018.858
 3160.0  7020.208
 3165.0  7021.534
 3170.0  7022.926
 3175.0  7024.472
 3180.0  7026.261
 3185.0  7028.747
 3190.0  7032.035
 3195.0  7035.693
 3200.0  7039.289
 3205.0  7042.393
 3210.0  7044.571
 3215.0  7045.394
 3220.0  7045.279
 3225.0  7044.984
 3230.0  7044.581
 3235.0  7044.141
 3240.0  7043.738
 3245.0  7043.443
 3250.0  7043.329
 3255.0  7043.691
 3260.0  7044.642
 3265.0  7045.980
 3270.0  7047.504
 3275.0  7049.010
 3280.0  7050.298
 3285.0  7051.165
 3290.0  7051.689
 3295.0  7052.107
 3300.0  7052.459
 3305.0  7052.782
 3310.0  7053.114
 3315.0  7053.495
 3320.0  7053.963
 3325.0  7054.641
 3330.0  7055.547
 3335.0  7056.561
 3340.0  7057.562
 3345.0  7058.426
 3350.0  7059.034
 3355.0  7059.264
 3360.0  7058.269
 3365.0  7055.626
 3370.0  7051.843
 3375.0  7047.431
 3380.0  7042.901
 3385.0  7038.761
 3390.0  7035.521
 3395.0  7033.140
 3400.0  7031.121
 3405.0  7029.297
 3410.0  7027.500
 3415.0  7025.562
 3420.0  7023.314
 3425.0  7020.589
 3430.0  7016.799
 3435.0  7011.776
 3440.0  7005.985
 3445.0  6999.889
 3450.0  6993.953
 3455.0  6988.640
 3460.0  6984.414
 3465.0  6980.959
 3470.0  6977.682
 3475.0  6974.632
 3480.0  6971.857
 3485.0  6969.406
 3490.0  6967.326
 3495.0  6965.666
 3500.0  6964.475
 3505.0  6791.825
 3510.0  6779.398
 3515.0  6767.618
 3520.0  6756.544
 3525.0  6746.235
 3530.0  6736.750
 3535.0  6728.340
 3540.0  6720.948
 3545.0  6714.165
 3550.0  6707.583
 3555.0  6700.792
 3560.0  6693.385
 3565.0  6684.953
 3570.0  6675.163
 3575.0  6664.175
 3580.0  6652.314
 3585.0  6639.909
 3590.0  6627.285
 3595.0  6614.769
 3600.0  6602.688
 3605.0  6590.933
 3610.0  6579.178
 3615.0  6567.421
 3620.0  6555.664
 3625.0  6543.907
 3630.0  6532.148
 3635.0  6520.389
