 2865.0  7192.714
 2870.0  7204.589
 2875.0  7215.878
 2880.0  7226.459
 2885.0  7236.208
 2890.0  7245.004
 2895.0  7252.723
 2900.0  7259.245
 2905.0  7264.732
 2910.0  7269.538
 2915.0  7273.826
 2920.0  7277.759
 2925.0  7281.499
 2930.0  7285.210
 2935.0  7289.053
 2940.0  7293.403
 2945.0  7298.244
 2950.0  7303.152
 2955.0  7307.705
 2960.0  7311.481
 2965.0  7314.056
 2970.0  7315.009
 2975.0  7313.128
 2980.0  7308.279
 2985.0  7301.648
 2990.0  7294.423
 2995.0  7287.792
 3000.0  7282.942
 3005.0  7281.061
 3010.0  7283.313
 3015.0  7289.252
 3020.0  7297.652
 3025.0  7307.290
 3030.0  7316.938
 3035.0  7325.374
 3040.0  7331.370
 3045.0  7335.797
 3050.0  7340.184
 3055.0  7344.297
 3060.0  7347.903
 3065.0  7350.768
 3070.0  7352.658
 3075.0  7353.340
 3080.0  7352.866
 3085.0  7351.643
 3090.0  7349.971
 3095.0  7348.150
 3100.0  7346.478
 3105.0  7345.255
 3110.0  7344.781
 3115.0  7344.907
 3120.0  7345.264
 3125.0  7345.822
 3130.0  7346.550
 3135.0  7347.416
 3140.0  7348.389
 3145.0  7349.439
 3150.0  7351.332
 3155.0  7354.478
 3160.0  7358.314
 3165.0  7362.279
 3170.0  7365.807
 3175.0  7368.337
 3180.0  7369.306
 3185.0  7369.241
 3190.0  7369.058
 3195.0  7368.772
 3200.0  7368.398
 3205.0  7367.954
 3210.0  7367.454
 3215.0  7366.914
 3220.0  7366.171
 3225.0  7365.089
 3230.0  7363.726
 3235.0  7362.142
 3240.0  7360.395
 3245.0  7358.544
 3250.0  7356.648
 3255.0  7354.589
 3260.0  7352.243
 3265.0  7349.654
 3270.0  7346.868
 3275.0  7343.932
 3280.0  7340.890
 3285.0  7337.788
 3290.0  7334.592
 3295.0  7331.236
 3300.0  7327.715
 3305.0  7324.026
 3310.0  7320.166
 3315.0  7316.132
 3320.0  7311.921
 3325.0  7307.147
 3330.0  7301.662
 3335.0  7295.818
 3340.0  7289.968
 3345.0  7284.464
 3350.0  7279.657
 3355.0  7275.900
 3360.0  7273.162
 3365.0  7271.012
 3370.0  7269.198
 3375.0  7267.468
 3380.0  7265.570
 3385.0  7263.252
 3390.0  7260.264
 3395.0  7255.687
 3400.0  7249.191
 3405.0  7241.407
 3410.0  7232.964
 3415.0  7224.493
 3420.0  7216.626
 3425.0  7209.990
 3430.0  7204.492
 3435.0  7199.497
 3440.0  7194.827
 3445.0  7190.305
 3450.0  7185.755
 3455.0  7180.998
 3460.0  7175.858
 3465.0  7170.368
 3470.0  7164.687
 3475.0  7158.822
 3480.0  7152.779
 3485.0  7146.567
 3490.0  7140.193
 3495.0  7133.664
 3500.0  7126.989
 3505.0  6888.149
 3510.0  6877.577
 3515.0  6867.048
 3520.0  6856.562
 3525.0  6846.120
 3530.0  6835.721
 3535.0  6825.516
 3540.0  6815.552
 3545.0  6805.681
 3550.0  6795.751
 3555.0  6785.615
 3560.0  6775.121
 3565.0  6764.120
 3570.0  6752.307
 3575.0  6739.690
 3580.0  6726.587
 3585.0  6713.317
 3590.0  6700.197
 3595.0  6687.547
 3600.0  6675.684
 3605.0  6664.455
 3610.0  6653.504
 3615.0  6642.845
 3620.0  6632.492
 3625.0  6622.459
 3630.0  6612.761
 3635.0  6603.412
