 2865.0  6773.443
 2870.0  6793.028
 2875.0  6811.671
 2880.0  6829.196
 2885.0  6845.426
 2890.0  6860.183
 2895.0  6873.291
 2900.0  6884.573
 2905.0  6894.492
 2910.0  6903.634
 2915.0  6912.008
 2920.0  6919.624
 2925.0  6926.490
 2930.0  6932.615
 2935.0  6938.009
 2940.0  6943.161
 2945.0  6948.350
 2950.0  6953.276
 2955.0  6957.633
 2960.0  6961.121
 2965.0  6963.436
 2970.0  6964.274
 2975.0  6963.210
 2980.0  6960.465
 2985.0  6956.712
 2990.0  6952.623
 2995.0  6948.870
 3000.0  6946.125
 3005.0  6945.061
 3010.0  6948.749
 3015.0  6958.441
 3020.0  6972.077
 3025.0  6987.598
 3030.0  7002.945
 3035.0  7016.059
 3040.0  7024.880
 3045.0  7030.340
 3050.0  7034.909
 3055.0  7038.843
 3060.0  7042.396
 3065.0  7045.821
 3070.0  7049.374
 3075.0  7053.307
 3080.0  7057.524
 3085.0  7061.769
 3090.0  7066.054
 3095.0  7070.393
 3100.0  7074.801
 3105.0  7079.291
 3110.0  7083.877
 3115.0  7088.795
 3120.0  7094.113
 3125.0  7099.597
 3130.0  7105.012
 3135.0  7110.124
 3140.0  7114.697
 3145.0  7118.498
 3150.0  7121.569
 3155.0  7124.212
 3160.0  7126.571
 3165.0  7128.795
 3170.0  7131.028
 3175.0  7133.417
 3180.0  7136.110
 3185.0  7139.554
 3190.0  7143.783
 3195.0  7148.317
 3200.0  7152.677
 3205.0  7156.384
 3210.0  7158.959
 3215.0  7159.924
 3220.0  7158.806
 3225.0  7155.899
 3230.0  7151.875
 3235.0  7147.405
 3240.0  7143.161
 3245.0  7139.815
 3250.0  7138.037
 3255.0  7137.302
 3260.0  7136.644
 3265.0  7136.075
 3270.0  7135.610
 3275.0  7135.262
 3280.0  7135.043
 3285.0  7134.967
 3290.0  7135.979
 3295.0  7138.589
 3300.0  7142.158
 3305.0  7146.046
 3310.0  7149.614
 3315.0  7152.224
 3320.0  7153.236
 3325.0  7152.661
 3330.0  7151.100
 3335.0  7148.803
 3340.0  7146.018
 3345.0  7142.991
 3350.0  7139.973
 3355.0  7137.210
 3360.0  7134.573
 3365.0  7131.794
 3370.0  7128.907
 3375.0  7125.951
 3380.0  7122.960
 3385.0  7119.972
 3390.0  7117.022
 3395.0  7114.109
 3400.0  7111.199
 3405.0  7108.282
 3410.0  7105.349
 3415.0  7102.389
 3420.0  7099.393
 3425.0  7096.351
 3430.0  7093.324
 3435.0  7090.340
 3440.0  7087.340
 3445.0  7084.265
 3450.0  7081.055
 3455.0  7077.652
 3460.0  7073.995
 3465.0  7070.046
 3470.0  7065.818
 3475.0  7061.328
 3480.0  7056.593
 3485.0  7051.631
 3490.0  7046.460
 3495.0  7041.098
 3500.0  7035.561
 3505.0  6844.864
 3510.0  6838.462
 3515.0  6831.422
 3520.0  6823.822
 3525.0  6815.738
 3530.0  6807.246
 3535.0  6797.784
 3540.0  6786.977
 3545.0  6775.186
 3550.0  6762.767
 3555.0  6750.080
 3560.0  6737.483
 3565.0  6725.334
 3570.0  6713.442
 3575.0  6701.421
 3580.0  6689.345
 3585.0  6677.289
 3590.0  6665.326
 3595.0  6653.528
 3600.0  6641.970
 3605.0  6630.619
 3610.0  6619.395
 3615.0  6608.301
 3620.0  6597.339
 3625.0  6586.510
 3630.0  6575.819
 3635.0  6565.266
