 2865.0  3592.257
 2870.0  3599.022
 2875.0  3605.659
 2880.0  3612.163
 2885.0  3618.530
 2890.0  3624.754
 2895.0  3630.832
 2900.0  3636.758
 2905.0  3642.470
 2910.0  3647.958
 2915.0  3653.296
 2920.0  3658.562
 2925.0  3663.829
 2930.0  3669.175
 2935.0  3674.673
 2940.0  3680.725
 2945.0  3687.399
 2950.0  3694.270
 2955.0  3700.914
 2960.0  3706.908
 2965.0  3711.828
 2970.0  3715.248
 2975.0  3717.429
 2980.0  3719.056
 2985.0  3720.350
 2990.0  3721.530
 2995.0  3722.814
 3000.0  3724.423
 3005.0  3726.574
 3010.0  3730.029
 3015.0  3735.043
 3020.0  3741.082
 3025.0  3747.611
 3030.0  3754.094
 3035.0  3759.998
 3040.0  3764.787
 3045.0  3768.485
 3050.0  3771.632
 3055.0  3774.464
 3060.0  3777.215
 3065.0  3780.122
 3070.0  3783.420
 3075.0  3787.346
 3080.0  3792.533
 3085.0  3799.090
 3090.0  3806.465
 3095.0  3814.108
 3100.0  3821.467
 3105.0  3827.990
 3110.0  3833.125
 3115.0  3837.070
 3120.0  3840.492
 3125.0  3843.547
 3130.0  3846.392
 3135.0  3849.182
 3140.0  3852.074
 3145.0  3855.223
 3150.0  3858.591
 3155.0  3862.028
 3160.0  3865.523
 3165.0  3869.067
 3170.0  3872.650
 3175.0  3876.263
 3180.0  3879.897
 3185.0  3884.032
 3190.0  3888.837
 3195.0  3893.836
 3200.0  3898.552
 3205.0  3902.511
 3210.0  3905.235
 3215.0  3906.249
 3220.0  3905.631
 3225.0  3904.037
 3230.0  3901.857
 3235.0  3899.481
 3240.0  3897.301
 3245.0  3895.707
 3250.0  3895.089
 3255.0  3895.967
 3260.0  3898.290
 3265.0  3901.593
 3270.0  3905.411
 3275.0  3909.278
 3280.0  3912.727
 3285.0  3915.295
 3290.0  3917.104
 3295.0  3918.651
 3300.0  3920.031
 3305.0  3921.339
 3310.0  3922.669
 3315.0  3924.115
 3320.0  3925.774
 3325.0  3927.963
 3330.0  3930.719
 3335.0  3933.713
 3340.0  3936.615
 3345.0  3939.096
 3350.0  3940.826
 3355.0  3941.476
 3360.0  3940.409
 3365.0  3937.658
 3370.0  3933.896
 3375.0  3929.797
 3380.0  3926.035
 3385.0  3923.284
 3390.0  3922.217
 3395.0  3923.058
 3400.0  3925.226
 3405.0  3928.191
 3410.0  3931.421
 3415.0  3934.385
 3420.0  3936.553
 3425.0  3937.394
 3430.0  3937.106
 3435.0  3936.364
 3440.0  3935.349
 3445.0  3934.243
 3450.0  3933.228
 3455.0  3932.486
 3460.0  3932.198
 3465.0  3932.251
 3470.0  3932.421
 3475.0  3932.722
 3480.0  3933.172
 3485.0  3933.786
 3490.0  3934.581
 3495.0  3935.571
 3500.0  3936.773
 3505.0  3879.927
 3510.0  3876.637
 3515.0  3873.814
 3520.0  3871.611
 3525.0  3870.177
 3530.0  3869.666
 3535.0  3869.684
 3540.0  3869.731
 3545.0  3869.795
 3550.0  3869.865
 3555.0  3869.929
 3560.0  3869.975
 3565.0  3869.994
 3570.0  3869.062
 3575.0  3866.548
 3580.0  3862.873
 3585.0  3858.458
 3590.0  3853.725
 3595.0  3849.094
 3600.0  3844.988
 3605.0  3841.263
 3610.0  3837.498
 3615.0  3833.691
 3620.0  3829.845
 3625.0  3825.959
 3630.0  3822.034
 3635.0  3818.071
