 2865.0  6601.765
 2870.0  6623.083
 2875.0  6643.343
 2880.0  6662.321
 2885.0  6679.791
 2890.0  6695.527
 2895.0  6709.304
 2900.0  6720.897
 2905.0  6730.931
 2910.0  6740.165
 2915.0  6748.576
 2920.0  6756.139
 2925.0  6762.829
 2930.0  6768.623
 2935.0  6773.496
 2940.0  6777.941
 2945.0  6782.315
 2950.0  6786.395
 2955.0  6789.958
 2960.0  6792.780
 2965.0  6794.637
 2970.0  6795.306
 2975.0  6795.113
 2980.0  6794.615
 2985.0  6793.934
 2990.0  6793.192
 2995.0  6792.511
 3000.0  6792.013
 3005.0  6791.820
 3010.0  6793.951
 3015.0  6799.650
 3020.0  6807.877
 3025.0  6817.593
 3030.0  6827.758
 3035.0  6837.332
 3040.0  6845.276
 3045.0  6852.236
 3050.0  6859.367
 3055.0  6866.395
 3060.0  6873.044
 3065.0  6879.040
 3070.0  6884.108
 3075.0  6887.972
 3080.0  6890.731
 3085.0  6892.843
 3090.0  6894.573
 3095.0  6896.186
 3100.0  6897.946
 3105.0  6900.118
 3110.0  6902.968
 3115.0  6907.504
 3120.0  6914.072
 3125.0  6921.938
 3130.0  6930.367
 3135.0  6938.628
 3140.0  6945.985
 3145.0  6951.706
 3150.0  6956.089
 3155.0  6959.997
 3160.0  6963.537
 3165.0  6966.819
 3170.0  6969.951
 3175.0  6973.042
 3180.0  6976.201
 3185.0  6979.734
 3190.0  6983.652
 3195.0  6987.617
 3200.0  6991.290
 3205.0  6994.332
 3210.0  6996.406
 3215.0  6997.173
 3220.0  6996.793
 3225.0  6995.813
 3230.0  6994.474
 3235.0  6993.015
 3240.0  6991.676
 3245.0  6990.696
 3250.0  6990.317
 3255.0  6990.568
 3260.0  6991.217
 3265.0  6992.105
 3270.0  6993.071
 3275.0  6993.959
 3280.0  6994.608
 3285.0  6994.859
 3290.0  6994.839
 3295.0  6994.778
 3300.0  6994.681
 3305.0  6994.549
 3310.0  6994.386
 3315.0  6994.193
 3320.0  6993.975
 3325.0  6993.522
 3330.0  6992.668
 3335.0  6991.482
 3340.0  6990.032
 3345.0  6988.386
 3350.0  6986.611
 3355.0  6984.776
 3360.0  6982.648
 3365.0  6980.023
 3370.0  6977.008
 3375.0  6973.710
 3380.0  6970.238
 3385.0  6966.699
 3390.0  6963.202
 3395.0  6959.538
 3400.0  6955.534
 3405.0  6951.348
 3410.0  6947.137
 3415.0  6943.060
 3420.0  6939.275
 3425.0  6935.941
 3430.0  6932.977
 3435.0  6930.189
 3440.0  6927.560
 3445.0  6925.076
 3450.0  6922.720
 3455.0  6920.475
 3460.0  6918.327
 3465.0  6916.257
 3470.0  6914.262
 3475.0  6912.348
 3480.0  6910.524
 3485.0  6908.796
 3490.0  6907.171
 3495.0  6905.657
 3500.0  6904.260
 3505.0  6731.072
 3510.0  6721.566
 3515.0  6712.054
 3520.0  6702.536
 3525.0  6693.013
 3530.0  6683.483
 3535.0  6674.014
 3540.0  6664.626
 3545.0  6655.254
 3550.0  6645.833
 3555.0  6636.297
 3560.0  6626.579
 3565.0  6616.616
 3570.0  6606.420
 3575.0  6596.050
 3580.0  6585.502
 3585.0  6574.773
 3590.0  6563.862
 3595.0  6552.764
 3600.0  6541.478
 3605.0  6529.987
 3610.0  6518.281
 3615.0  6506.364
 3620.0  6494.243
 3625.0  6481.920
 3630.0  6469.403
 3635.0  6456.696
