 2865.0  6916.068
 2870.0  6947.645
 2875.0  6976.346
 2880.0  7001.448
 2885.0  7022.230
 2890.0  7037.969
 2895.0  7047.942
 2900.0  7051.427
 2905.0  7048.505
 2910.0  7040.969
 2915.0  7030.664
 2920.0  7019.437
 2925.0  7009.133
 2930.0  7001.597
 2935.0  6998.675
 2940.0  7003.170
 2945.0  7014.764
 2950.0  7030.616
 2955.0  7047.888
 2960.0  7063.741
 2965.0  7075.335
 2970.0  7079.830
 2975.0  7076.785
 2980.0  7068.930
 2985.0  7058.191
 2990.0  7046.490
 2995.0  7035.750
 3000.0  7027.896
 3005.0  7024.850
 3010.0  7028.564
 3015.0  7038.364
 3020.0  7052.238
 3025.0  7068.173
 3030.0  7084.157
 3035.0  7098.177
 3040.0  7108.221
 3045.0  7115.721
 3050.0  7123.182
 3055.0  7130.198
 3060.0  7136.362
 3065.0  7141.267
 3070.0  7144.509
 3075.0  7145.680
 3080.0  7143.022
 3085.0  7136.168
 3090.0  7126.796
 3095.0  7116.585
 3100.0  7107.213
 3105.0  7100.359
 3110.0  7097.701
 3115.0  7097.904
 3120.0  7098.452
 3125.0  7099.250
 3130.0  7100.202
 3135.0  7101.216
 3140.0  7102.195
 3145.0  7103.046
 3150.0  7103.891
 3155.0  7104.855
 3160.0  7105.846
 3165.0  7106.775
 3170.0  7107.550
 3175.0  7108.082
 3180.0  7108.279
 3185.0  7107.622
 3190.0  7105.928
 3195.0  7103.612
 3200.0  7101.089
 3205.0  7098.773
 3210.0  7097.079
 3215.0  7096.422
 3220.0  7096.501
 3225.0  7096.703
 3230.0  7096.980
 3235.0  7097.282
 3240.0  7097.559
 3245.0  7097.762
 3250.0  7097.841
 3255.0  7097.672
 3260.0  7097.189
 3265.0  7096.428
 3270.0  7095.423
 3275.0  7094.210
 3280.0  7092.824
 3285.0  7091.299
 3290.0  7088.455
 3295.0  7083.589
 3300.0  7077.454
 3305.0  7070.802
 3310.0  7064.387
 3315.0  7058.961
 3320.0  7055.277
 3325.0  7052.995
 3330.0  7051.166
 3335.0  7049.634
 3340.0  7048.242
 3345.0  7046.834
 3350.0  7045.252
 3355.0  7043.339
 3360.0  7041.197
 3365.0  7038.972
 3370.0  7036.575
 3375.0  7033.916
 3380.0  7030.908
 3385.0  7027.462
 3390.0  7023.489
 3395.0  7017.777
 3400.0  7009.722
 3405.0  7000.151
 3410.0  6989.890
 3415.0  6979.764
 3420.0  6970.601
 3425.0  6963.224
 3430.0  6957.492
 3435.0  6952.520
 3440.0  6948.030
 3445.0  6943.738
 3450.0  6939.366
 3455.0  6934.631
 3460.0  6929.254
 3465.0  6923.235
 3470.0  6916.781
 3475.0  6909.921
 3480.0  6902.682
 3485.0  6895.091
 3490.0  6887.176
 3495.0  6878.966
 3500.0  6870.486
 3505.0  6672.097
 3510.0  6662.955
 3515.0  6653.067
 3520.0  6642.508
 3525.0  6631.355
 3530.0  6619.683
 3535.0  6606.466
 3540.0  6591.173
 3545.0  6574.631
 3550.0  6557.663
 3555.0  6541.096
 3560.0  6525.752
 3565.0  6512.458
 3570.0  6501.209
 3575.0  6491.159
 3580.0  6481.867
 3585.0  6472.891
 3590.0  6463.793
 3595.0  6454.131
 3600.0  6443.465
 3605.0  6431.839
 3610.0  6419.609
 3615.0  6406.808
 3620.0  6393.466
 3625.0  6379.615
 3630.0  6365.284
 3635.0  6350.506
