 2865.0  4845.936
 2870.0  4846.356
 2875.0  4847.543
 2880.0  4849.390
 2885.0  4851.792
 2890.0  4854.641
 2895.0  4857.830
 2900.0  4861.253
 2905.0  4866.634
 2910.0  4875.020
 2915.0  4885.292
 2920.0  4896.330
 2925.0  4907.012
 2930.0  4916.218
 2935.0  4922.829
 2940.0  4927.546
 2945.0  4931.821
 2950.0  4935.663
 2955.0  4939.080
 2960.0  4942.082
 2965.0  4944.675
 2970.0  4946.868
 2975.0  4948.592
 2980.0  4949.896
 2985.0  4950.969
 2990.0  4951.999
 2995.0  4953.175
 3000.0  4954.686
 3005.0  4956.719
 3010.0  4960.794
 3015.0  4967.624
 3020.0  4976.195
 3025.0  4985.489
 3030.0  4994.490
 3035.0  5002.181
 3040.0  5007.547
 3045.0  5010.895
 3050.0  5013.439
 3055.0  5015.518
 3060.0  5017.471
 3065.0  5019.638
 3070.0  5022.359
 3075.0  5025.974
 3080.0  5032.949
 3085.0  5044.220
 3090.0  5057.831
 3095.0  5071.824
 3100.0  5084.242
 3105.0  5093.128
 3110.0  5096.525
 3115.0  5096.016
 3120.0  5094.702
 3125.0  5092.905
 3130.0  5090.947
 3135.0  5089.150
 3140.0  5087.836
 3145.0  5087.327
 3150.0  5087.925
 3155.0  5089.550
 3160.0  5091.945
 3165.0  5094.856
 3170.0  5098.027
 3175.0  5101.203
 3180.0  5104.128
 3185.0  5107.127
 3190.0  5110.545
 3195.0  5114.155
 3200.0  5117.730
 3205.0  5121.045
 3210.0  5123.873
 3215.0  5125.988
 3220.0  5127.458
 3225.0  5128.593
 3230.0  5129.531
 3235.0  5130.409
 3240.0  5131.363
 3245.0  5132.530
 3250.0  5134.048
 3255.0  5136.700
 3260.0  5140.743
 3265.0  5145.522
 3270.0  5150.380
 3275.0  5154.661
 3280.0  5157.711
 3285.0  5158.873
 3290.0  5158.520
 3295.0  5157.609
 3300.0  5156.364
 3305.0  5155.006
 3310.0  5153.761
 3315.0  5152.850
 3320.0  5152.497
 3325.0  5153.223
 3330.0  5155.097
 3335.0  5157.659
 3340.0  5160.450
 3345.0  5163.012
 3350.0  5164.886
 3355.0  5165.612
 3360.0  5164.874
 3365.0  5162.947
 3370.0  5160.263
 3375.0  5157.253
 3380.0  5154.351
 3385.0  5151.987
 3390.0  5150.593
 3395.0  5149.941
 3400.0  5149.466
 3405.0  5149.100
 3410.0  5148.773
 3415.0  5148.416
 3420.0  5147.961
 3425.0  5147.339
 3430.0  5146.163
 3435.0  5144.299
 3440.0  5142.058
 3445.0  5139.749
 3450.0  5137.685
 3455.0  5136.174
 3460.0  5135.527
 3465.0  5135.423
 3470.0  5135.334
 3475.0  5135.260
 3480.0  5135.202
 3485.0  5135.160
 3490.0  5135.134
 3495.0  5135.125
 3500.0  5135.134
 3505.0  5031.808
 3510.0  5024.913
 3515.0  5018.572
 3520.0  5012.868
 3525.0  5007.887
 3530.0  5003.711
 3535.0  5000.355
 3540.0  4997.619
 3545.0  4995.264
 3550.0  4993.053
 3555.0  4990.747
 3560.0  4988.108
 3565.0  4984.898
 3570.0  4980.864
 3575.0  4976.048
 3580.0  4970.660
 3585.0  4964.908
 3590.0  4959.001
 3595.0  4953.147
 3600.0  4947.556
 3605.0  4942.157
 3610.0  4936.742
 3615.0  4931.310
 3620.0  4925.862
 3625.0  4920.398
 3630.0  4914.918
 3635.0  4909.422
