ufIntegration time is 0.2294 seconds per sampledt  4.1E-08 cy 4dh190619Arenosillo 37.1 6.73 3.01pr1000dark 1.6 
 301.12  2900  1261 3 
 301.16  2905  1333 3 
 301.19  2910  1405 2 
 301.23  2915  1477 4 
 301.26  2920  1549 1 
 301.3  2925  1621 3 
 301.33  2930  1693 2 
 301.37  2935  1765 3 
 301.4  2940  1837 2 
 301.44  2945  1909 2 
 301.47  2950  1981 4 
 301.51  2955  2054 3 
 301.54  2960  2126 3 
 301.58  2965  2199 4 
 301.61  2970  2271 2 
 301.65  2975  2344 5 
 301.68  2980  2416 3 
 301.72  2985  2489 3 
 301.75  2990  2562 7 
 301.79  2995  2635 4 
 301.82  3000  2708 6 
 301.86  3005  2781 5 
 301.89  3010  2854 7 
 301.93  3015  2927 9 
 301.96  3020  3000 10 
 302  3025  3073 11 
 302.03  3030  3147 23 
 302.07  3035  3220 21 
 302.1  3040  3294 21 
 302.14  3045  3367 22 
 302.17  3050  3441 36 
 302.21  3055  3514 39 
 302.24  3060  3588 35 
 302.28  3065  3662 47 
 302.31  3070  3736 63 
 302.35  3075  3810 79 
 302.38  3080  3884 76 
 302.42  3085  3958 80 
 302.45  3090  4032 77 
 302.49  3095  4106 92 
 302.52  3100  4181 94 
 302.56  3105  4255 146 
 302.59  3110  4329 174 
 302.63  3115  4404 163 
 302.66  3120  4479 168 
 302.7  3125  4553 199 
 302.73  3130  4628 210 
 302.77  3135  4703 205 
 302.8  3140  4778 266 
 302.84  3145  4853 250 
 302.87  3150  4928 304 
 302.91  3155  5003 233 
 302.94  3160  5078 217 
 302.98  3165  5153 309 
 303.01  3170  5228 399 
 303.05  3175  5304 333 
 303.08  3180  5379 282 
 303.12  3185  5455 349 
 303.15  3190  5530 398 
 303.18  3195  5606 312 
 303.22  3200  5682 372 
 303.26  3205  5758 433 
 303.29  3210  5834 420 
 303.32  3215  5910 422 
 303.36  3220  5986 347 
 303.4  3225  6062 283 
 303.43  3230  6138 298 
 303.46  3235  6214 429 
 303.5  3240  6291 448 
 303.53  3245  6367 382 
 303.57  3250  6444 272 
end
uaIntegration time is 0.2294 seconds per sampledt  4.1E-08 cy 1dh190619Arenosillo 37.1 6.73 3.29pr1000dark .2 
 480.02  2900  1261 227.75 
 480.07  2905  1333 224.25 
 480.12  2910  1405 233.5 
 480.17  2915  1477 239 
 480.22  2920  1549 243.75 
 480.27  2925  1621 249.75 
 480.32  2930  1693 247.75 
 480.37  2935  1765 249.5 
 480.42  2940  1837 254.5 
 480.47  2945  1909 260.75 
 480.52  2950  1981 264.75 
 480.57  2955  2054 265.5 
 480.62  2960  2126 276.5 
 480.67  2965  2199 285.5 
 480.72  2970  2271 286 
 480.77  2975  2344 312.25 
 480.82  2980  2416 343 
 480.87  2985  2489 347.5 
 480.92  2990  2562 422.5 
 480.97  2995  2635 520 
 481.02  3000  2708 561 
 481.07  3005  2781 698 
 481.12  3010  2854 1023.75 
 481.17  3015  2927 1331 
 481.22  3020  3000 1280 
 481.27  3025  3073 2201.25 
 481.32  3030  3147 3613.75 
 481.37  3035  3220 4439.75 
 481.42  3040  3294 4424.75 
 481.47  3045  3367 6068.25 
 481.52  3050  3441 8712.25 
 481.57  3055  3514 9168 
 481.62  3060  3588 9180.75 
 481.67  3065  3662 10934.75 
 481.72  3070  3736 15456 
 481.77  3075  3810 18682.5 
 481.82  3080  3884 19584 
 481.87  3085  3958 21908.75 
 481.92  3090  4032 19348.25 
 481.97  3095  4106 22207.5 
 482.02  3100  4181 22509.5 
 482.07  3105  4255 35378.25 
 482.12  3110  4329 41581.5 
 482.17  3115  4404 39756.5 
 482.22  3120  4479 38661.5 
 482.27  3125  4553 44646.25 
 482.32  3130  4628 45911.75 
 482.37  3135  4703 45689 
 482.42  3140  4778 51211.75 
 482.47  3145  4853 45131.25 
 482.52  3150  4928 55120.5 
 482.57  3155  5003 44891.5 
 482.62  3160  5078 38604.25 
 482.67  3165  5153 51373.75 
 482.72  3170  5228 59791.25 
 482.77  3175  5304 58113.25 
 482.82  3180  5379 43095 
 482.87  3185  5455 50755.25 
 482.92  3190  5530 52926 
 482.97  3195  5606 44219 
 483.02  3200  5682 49469 
 483.07  3205  5758 54529.75 
 483.12  3210  5834 43615 
 483.17  3215  5910 39844 
 483.22  3220  5986 40608.75 
 483.27  3225  6062 31919.5 
 483.32  3230  6138 29335 
 483.37  3235  6214 31472.5 
 483.42  3240  6291 33093.75 
 483.47  3245  6367 30833.5 
 483.52  3250  6444 25515.75 
end
uaIntegration time is 0.2294 seconds per sampledt  4.1E-08 cy 1dh190619Arenosillo 37.1 6.73 3.45pr1000dark .4 
 540.02  2900  1261 419.75 
 540.07  2905  1333 409.75 
 540.12  2910  1405 422.75 
 540.17  2915  1477 430.5 
 540.22  2920  1549 429 
 540.27  2925  1621 433 
 540.32  2930  1693 439 
 540.37  2935  1765 444.75 
 540.42  2940  1837 461 
 540.47  2945  1909 473.75 
 540.52  2950  1981 469 
 540.57  2955  2054 508.5 
 540.62  2960  2126 551.25 
 540.67  2965  2199 568.75 
 540.72  2970  2271 626.5 
 540.77  2975  2344 830.75 
 540.82  2980  2416 927 
 540.87  2985  2489 965.5 
 540.92  2990  2562 1448 
 540.97  2995  2635 1882 
 541.02  3000  2708 1922.75 
 541.07  3005  2781 2454.5 
 541.12  3010  2854 3723 
 541.17  3015  2927 4827.75 
 541.22  3020  3000 4408 
 541.27  3025  3073 7744.5 
 541.32  3030  3147 12069.25 
 541.37  3035  3220 14016 
 541.42  3040  3294 13640.5 
 541.47  3045  3367 17787 
 541.52  3050  3441 24216.25 
 541.57  3055  3514 23830.5 
 541.62  3060  3588 23974.25 
 541.67  3065  3662 27453.75 
 541.72  3070  3736 37094.5 
 541.77  3075  3810 42584.5 
 541.82  3080  3884 43935.5 
 541.87  3085  3958 48341.25 
 541.92  3090  4032 41368.75 
 541.97  3095  4106 45764.25 
 542.02  3100  4181 45549.25 
 542.07  3105  4255 70620 
 542.12  3110  4329 80464.25 
 542.17  3115  4404 75719 
 542.22  3120  4479 71619.5 
 542.27  3125  4553 80844.5 
 542.32  3130  4628 82196.25 
 542.37  3135  4703 81871.5 
 542.42  3140  4778 89661.75 
 542.47  3145  4853 76794.75 
 542.52  3150  4928 93085.5 
 542.57  3155  5003 76565.25 
 542.62  3160  5078 64658.75 
 542.67  3165  5153 84314 
 542.72  3170  5228 97637.25 
 542.77  3175  5304 94558 
 542.82  3180  5379 69621.5 
 542.87  3185  5455 80584.5 
 542.92  3190  5530 82135.75 
 542.97  3195  5606 70458.5 
 543.02  3200  5682 78965.75 
 543.07  3205  5758 84960.25 
 543.12  3210  5834 66170.75 
 543.17  3215  5910 61333.25 
 543.22  3220  5986 63070.75 
 543.27  3225  6062 49509.5 
 543.32  3230  6138 45427 
 543.37  3235  6214 47423.25 
 543.42  3240  6291 49944 
 543.47  3245  6367 46641.75 
 543.52  3250  6444 39113.5 
end
uaIntegration time is 0.2294 seconds per sampledt  4.1E-08 cy 1dh190619Arenosillo 37.1 6.73 3.52pr1000dark .7 
 600.02  2900  1261 581.5 
 600.07  2905  1333 583.75 
 600.12  2910  1405 600 
 600.17  2915  1477 611.25 
 600.22  2920  1549 622.75 
 600.27  2925  1621 630 
 600.32  2930  1693 652.75 
 600.37  2935  1765 652.75 
 600.42  2940  1837 681.5 
 600.47  2945  1909 717.25 
 600.52  2950  1981 773 
 600.57  2955  2054 860.25 
 600.62  2960  2126 1015.25 
 600.67  2965  2199 1087 
 600.72  2970  2271 1219 
 600.77  2975  2344 1855.75 
 600.82  2980  2416 2104 
 600.87  2985  2489 2123 
 600.92  2990  2562 3434 
 600.97  2995  2635 4399.5 
 601.02  3000  2708 4332.75 
 601.07  3005  2781 5577.75 
 601.12  3010  2854 8375.5 
 601.17  3015  2927 10501 
 601.22  3020  3000 9278 
 601.27  3025  3073 15820.5 
 601.32  3030  3147 23835.75 
 601.37  3035  3220 27224.75 
 601.42  3040  3294 25924.25 
 601.47  3045  3367 32764 
 601.52  3050  3441 43058.5 
 601.57  3055  3514 41743.75 
 601.62  3060  3588 41200.25 
 601.67  3065  3662 46664.5 
 601.72  3070  3736 60855.5 
 601.77  3075  3810 68289 
 601.82  3080  3884 70009 
 601.87  3085  3958 75882.25 
 601.92  3090  4032 64511 
 601.97  3095  4106 69266.75 
 602.02  3100  4181 67780 
 602.07  3105  4255 103533 
 602.12  3110  4329 117087.5 
 602.17  3115  4404 109702.5 
 602.22  3120  4479 101624.8 
 602.27  3125  4553 113218.3 
 602.32  3130  4628 114295.8 
 602.37  3135  4703 114128.3 
 602.42  3140  4778 123440.8 
 602.47  3145  4853 104284 
 602.52  3150  4928 125688.5 
 602.57  3155  5003 104051.8 
 602.62  3160  5078 87606.75 
 602.67  3165  5153 111987.5 
 602.72  3170  5228 129537.5 
 602.77  3175  5304 126190.5 
 602.82  3180  5379 92891.5 
 602.87  3185  5455 105545.5 
 602.92  3190  5530 107929.8 
 602.97  3195  5606 92774.5 
 603.02  3200  5682 103806.3 
 603.07  3205  5758 110284.3 
 603.12  3210  5834 85948.5 
 603.17  3215  5910 79164.5 
 603.22  3220  5986 82188 
 603.27  3225  6062 64512.5 
 603.32  3230  6138 59044.25 
 603.37  3235  6214 61077.5 
 603.42  3240  6291 64099.5 
 603.47  3245  6367 59947 
 603.52  3250  6444 50704.75 
end
uaIntegration time is 0.2294 seconds per sampledt  4.1E-08 cy 1dh190619Arenosillo 37.1 6.73 3.58pr1000dark .55 
 660.02  2900  1261 716.25 
 660.07  2905  1333 734.75 
 660.12  2910  1405 750.75 
 660.17  2915  1477 768.75 
 660.22  2920  1549 769.75 
 660.27  2925  1621 790.25 
 660.32  2930  1693 800.75 
 660.36  2935  1765 1758.5 
 660.42  2940  1837 886.25 
 660.47  2945  1909 948.75 
 660.52  2950  1981 1065.25 
 660.57  2955  2054 1307 
 660.62  2960  2126 1665.25 
 660.67  2965  2199 1689.75 
 660.72  2970  2271 1979 
 660.77  2975  2344 3243.25 
 660.82  2980  2416 3610.25 
 660.87  2985  2489 3584.5 
 660.92  2990  2562 5910.75 
 660.97  2995  2635 7479 
 661.02  3000  2708 7216 
 661.07  3005  2781 9186.75 
 661.12  3010  2854 13393 
 661.17  3015  2927 15132 
 661.22  3020  3000 13695.5 
 661.27  3025  3073 24499 
 661.32  3030  3147 35714.5 
 661.37  3035  3220 39958 
 661.42  3040  3294 37443.25 
 661.47  3045  3367 46787.75 
 661.52  3050  3441 60105.75 
 661.57  3055  3514 57046.75 
 661.62  3060  3588 56791.5 
 661.67  3065  3662 62070.25 
 661.72  3070  3736 81515.5 
 661.77  3075  3810 89608.5 
 661.82  3080  3884 91304.25 
 661.87  3085  3958 98266 
 661.92  3090  4032 82505.75 
 661.97  3095  4106 87867.75 
 662.02  3100  4181 85552.5 
 662.07  3105  4255 129549.3 
 662.12  3110  4329 145012.8 
 662.17  3115  4404 135107.3 
 662.22  3120  4479 124758 
 662.27  3125  4553 137833.5 
 662.32  3130  4628 138462 
 662.37  3135  4703 138700 
 662.42  3140  4778 148312.8 
 662.47  3145  4853 125090.3 
 662.52  3150  4928 149865.5 
 662.57  3155  5003 123685.3 
 662.62  3160  5078 104846.8 
 662.67  3165  5153 133342.5 
 662.72  3170  5228 153600.3 
 662.77  3175  5304 146559.3 
 662.82  3180  5379 107918 
 662.87  3185  5455 120169 
 662.92  3190  5530 112718 
 662.97  3195  5606 99935.5 
 663.02  3200  5682 113848.5 
 663.07  3205  5758 128580.8 
 663.12  3210  5834 97389 
 663.17  3215  5910 92158.5 
 663.22  3220  5986 96127.5 
 663.27  3225  6062 75772 
 663.32  3230  6138 68459.25 
 663.37  3235  6214 71129.5 
 663.42  3240  6291 74934 
 663.47  3245  6367 69698 
 663.52  3250  6444 58979 
end
uaIntegration time is 0.2294 seconds per sampledt  4.1E-08 cy 1dh190619Arenosillo 37.1 6.73 3.62pr1000dark .8 
 720.02  2900  1261 790.25 
 720.07  2905  1333 792.25 
 720.12  2910  1405 807.75 
 720.17  2915  1477 830.5 
 720.22  2920  1549 841.5 
 720.27  2925  1621 860.75 
 720.32  2930  1693 892.75 
 720.37  2935  1765 954 
 720.42  2940  1837 1010 
 720.47  2945  1909 1117.75 
 720.52  2950  1981 1258.5 
 720.57  2955  2054 1574.5 
 720.62  2960  2126 2027.75 
 720.67  2965  2199 2073.5 
 720.72  2970  2271 2389.25 
 720.77  2975  2344 4018 
 720.82  2980  2416 4505 
 720.87  2985  2489 4385.25 
 720.92  2990  2562 7199.75 
 720.97  2995  2635 9081 
 721.02  3000  2708 8667.5 
 721.07  3005  2781 10895 
 721.12  3010  2854 15901.75 
 721.17  3015  2927 19503.75 
 721.22  3020  3000 16841.5 
 721.27  3025  3073 28391.25 
 721.32  3030  3147 41523.25 
 721.37  3035  3220 46032.75 
 721.42  3040  3294 43200 
 721.47  3045  3367 53569.5 
 721.52  3050  3441 68074 
 721.57  3055  3514 64582.75 
 721.62  3060  3588 63731 
 721.67  3065  3662 70871.75 
 721.72  3070  3736 89548.5 
 721.77  3075  3810 98461.75 
 721.82  3080  3884 100317 
 721.87  3085  3958 108016 
 721.92  3090  4032 91021.25 
 721.97  3095  4106 95714.25 
 722.02  3100  4181 92933 
 722.07  3105  4255 140070.8 
 722.12  3110  4329 156322 
 722.17  3115  4404 145125.3 
 722.22  3120  4479 133851.3 
 722.27  3125  4553 147619.3 
 722.32  3130  4628 147961.8 
 722.37  3135  4703 149064.8 
 722.42  3140  4778 158213.8 
 722.47  3145  4853 132981 
 722.52  3150  4928 158647.8 
 722.57  3155  5003 131219.8 
 722.62  3160  5078 110400 
 722.67  3165  5153 140094 
 722.72  3170  5228 161434.5 
 722.77  3175  5304 156965.8 
 722.82  3180  5379 115534.5 
 722.87  3185  5455 130180 
 722.92  3190  5530 131845.8 
 722.97  3195  5606 114810.8 
 723.02  3200  5682 128344 
 723.07  3205  5758 134982.5 
 723.12  3210  5834 104231.8 
 723.17  3215  5910 96971.25 
 723.22  3220  5986 101115 
 723.27  3225  6062 79981.75 
 723.32  3230  6138 72302.75 
 723.37  3235  6214 74326.75 
 723.42  3240  6291 78006.25 
 723.47  3245  6367 73316.5 
 723.52  3250  6444 62240 
end
uaIntegration time is 0.2294 seconds per sampledt  4.1E-08 cy 1dh190619Arenosillo 37.1 6.73 3.62pr1000dark .75 
 780.02  2900  1261 766.75 
 780.07  2905  1333 767.25 
 780.12  2910  1405 802.25 
 780.17  2915  1477 806.25 
 780.22  2920  1549 849.5 
 780.27  2925  1621 858.25 
 780.32  2930  1693 898.5 
 780.37  2935  1765 947 
 780.42  2940  1837 993.25 
 780.47  2945  1909 1086.75 
 780.52  2950  1981 1209 
 780.57  2955  2054 1524.75 
 780.62  2960  2126 1963.75 
 780.67  2965  2199 2055.5 
 780.72  2970  2271 2322.75 
 780.77  2975  2344 3902.5 
 780.82  2980  2416 4418.5 
 780.87  2985  2489 4316.75 
 780.92  2990  2562 7043.75 
 780.97  2995  2635 8846 
 781.02  3000  2708 8487.25 
 781.07  3005  2781 10736.75 
 781.12  3010  2854 15752.25 
 781.17  3015  2927 19066.25 
 781.22  3020  3000 16471.25 
 781.27  3025  3073 27928.75 
 781.32  3030  3147 40758.25 
 781.37  3035  3220 45282.25 
 781.42  3040  3294 42507.75 
 781.47  3045  3367 52750.75 
 781.52  3050  3441 66616.25 
 781.57  3055  3514 64249.5 
 781.62  3060  3588 62439 
 781.67  3065  3662 69924.5 
 781.72  3070  3736 88500.25 
 781.77  3075  3810 97424.75 
 781.82  3080  3884 99309.25 
 781.87  3085  3958 106724.5 
 781.92  3090  4032 89631 
 781.97  3095  4106 94598.25 
 782.02  3100  4181 92056.25 
 782.07  3105  4255 138757.8 
 782.12  3110  4329 154500.8 
 782.17  3115  4404 144105.8 
 782.22  3120  4479 132386.3 
 782.27  3125  4553 146021 
 782.32  3130  4628 146773 
 782.37  3135  4703 146908.5 
 782.42  3140  4778 156991.5 
 782.47  3145  4853 131856.5 
 782.52  3150  4928 157248.8 
 782.57  3155  5003 131100.5 
 782.62  3160  5078 109624.3 
 782.67  3165  5153 139086 
 782.72  3170  5228 160072.3 
 782.77  3175  5304 155336 
 782.82  3180  5379 114429.3 
 782.87  3185  5455 129412.8 
 782.92  3190  5530 130591.8 
 782.97  3195  5606 114049 
 783.02  3200  5682 127163.8 
 783.07  3205  5758 134044 
 783.12  3210  5834 103900 
 783.17  3215  5910 96181.75 
 783.22  3220  5986 100444.5 
 783.27  3225  6062 79034 
 783.32  3230  6138 71704.75 
 783.37  3235  6214 73678.75 
 783.42  3240  6291 77167.25 
 783.47  3245  6367 72431.5 
 783.52  3250  6444 61620.5 
end
uaIntegration time is 0.2294 seconds per sampledt  4.1E-08 cy 1dh190619Arenosillo 37.1 6.73 3.64pr1000dark .8 
 840.02  2900  1261 679.75 
 840.07  2905  1333 696.25 
 840.12  2910  1405 715.5 
 840.17  2915  1477 722 
 840.22  2920  1549 748.5 
 840.27  2925  1621 742 
 840.32  2930  1693 774.75 
 840.37  2935  1765 817.5 
 840.42  2940  1837 830.75 
 840.47  2945  1909 885.5 
 840.52  2950  1981 979.75 
 840.57  2955  2054 1172 
 840.62  2960  2126 1461 
 840.67  2965  2199 1543.75 
 840.72  2970  2271 1717 
 840.77  2975  2344 2809.25 
 840.82  2980  2416 3225.5 
 840.87  2985  2489 3156.25 
 840.92  2990  2562 5205 
 840.97  2995  2635 6560.5 
 841.02  3000  2708 6364.5 
 841.07  3005  2781 8066 
 841.12  3010  2854 11863.5 
 841.17  3015  2927 14751.25 
 841.22  3020  3000 12884.75 
 841.27  3025  3073 21761 
 841.32  3030  3147 32414.5 
 841.37  3035  3220 36436.5 
 841.42  3040  3294 34268.5 
 841.47  3045  3367 42926.75 
 841.52  3050  3441 54996.5 
 841.57  3055  3514 53489 
 841.62  3060  3588 52117 
 841.67  3065  3662 58346.5 
 841.72  3070  3736 75165.5 
 841.77  3075  3810 83559.75 
 841.82  3080  3884 85224.25 
 841.87  3085  3958 91821 
 841.92  3090  4032 77429 
 841.97  3095  4106 82378.25 
 842.02  3100  4181 80223 
 842.07  3105  4255 120841 
 842.12  3110  4329 136441 
 842.17  3115  4404 127280.3 
 842.22  3120  4479 117330.5 
 842.27  3125  4553 129828.5 
 842.32  3130  4628 130786.8 
 842.37  3135  4703 130437 
 842.42  3140  4778 140981 
 842.47  3145  4853 117894.3 
 842.52  3150  4928 141999.8 
 842.57  3155  5003 118212 
 842.62  3160  5078 98213.5 
 842.67  3165  5153 125526.8 
 842.72  3170  5228 145158.5 
 842.77  3175  5304 138832.3 
 842.82  3180  5379 103318.5 
 842.87  3185  5455 117268.3 
 842.92  3190  5530 119257.8 
 842.97  3195  5606 102835 
 843.02  3200  5682 115394 
 843.07  3205  5758 122122.8 
 843.12  3210  5834 94574.25 
 843.17  3215  5910 87455.75 
 843.22  3220  5986 91273.25 
 843.27  3225  6062 71468.25 
 843.32  3230  6138 64963.75 
 843.37  3235  6214 67214.5 
 843.42  3240  6291 70360.25 
 843.47  3245  6367 65944 
 843.52  3250  6444 55996.5 
end
uaIntegration time is 0.2294 seconds per sampledt  4.1E-08 cy 1dh190619Arenosillo 37.1 6.73 3.56pr1000dark .75 
 960.02  2900  1261 364 
 960.07  2905  1333 381.25 
 960.12  2910  1405 371.5 
 960.17  2915  1477 366 
 960.22  2920  1549 356 
 960.27  2925  1621 401 
 960.32  2930  1693 403.75 
 960.37  2935  1765 360.5 
 960.42  2940  1837 364.25 
 960.47  2945  1909 376.25 
 960.52  2950  1981 395.25 
 960.57  2955  2054 455.5 
 960.62  2960  2126 479.75 
 960.67  2965  2199 496.25 
 960.72  2970  2271 528.5 
 960.77  2975  2344 681 
 960.82  2980  2416 755.25 
 960.87  2985  2489 767 
 960.92  2990  2562 1136.25 
 960.97  2995  2635 1464.25 
 961.02  3000  2708 1511.75 
 961.07  3005  2781 1928 
 961.12  3010  2854 2963.75 
 961.17  3015  2927 3852.75 
 961.22  3020  3000 3502.5 
 961.27  3025  3073 6015.75 
 961.32  3030  3147 9610.25 
 961.37  3035  3220 11386.25 
 961.42  3040  3294 9503.5 
 961.47  3045  3367 13606.25 
 961.52  3050  3441 17946 
 961.57  3055  3514 18285.75 
 961.62  3060  3588 18391 
 961.67  3065  3662 21229.25 
 961.72  3070  3736 30063.75 
 961.77  3075  3810 36206 
 961.82  3080  3884 37565.5 
 961.87  3085  3958 41761.75 
 961.92  3090  4032 35224.5 
 961.97  3095  4106 38950.25 
 962.02  3100  4181 39161.75 
 962.07  3105  4255 60651.75 
 962.12  3110  4329 69643 
 962.17  3115  4404 62282.5 
 962.22  3120  4479 60256.75 
 962.27  3125  4553 58877 
 962.32  3130  4628 60864 
 962.37  3135  4703 59421.5 
 962.42  3140  4778 66873.75 
 962.47  3145  4853 62628.75 
 962.52  3150  4928 80366.5 
 962.57  3155  5003 68109.5 
 962.62  3160  5078 57550.25 
 962.67  3165  5153 75188.25 
 962.72  3170  5228 86846.5 
 962.77  3175  5304 85091 
 962.82  3180  5379 62375 
 962.87  3185  5455 71552 
 962.92  3190  5530 74632.25 
 962.97  3195  5606 62236 
 963.02  3200  5682 70011.75 
 963.07  3205  5758 75783.5 
 963.12  3210  5834 59707.75 
 963.17  3215  5910 54523.25 
 963.22  3220  5986 56444.25 
 963.27  3225  6062 44546 
 963.32  3230  6138 40274.75 
 963.37  3235  6214 41902.75 
 963.42  3240  6291 43733 
 963.47  3245  6367 41930.5 
 963.52  3250  6444 34659.5 
end
uaIntegration time is 0.2294 seconds per sampledt  4.1E-08 cy 1dh190619Arenosillo 37.1 6.73 3.52pr1000dark .5 
 1020.02  2900  1261 205.25 
 1020.07  2905  1333 201.25 
 1020.12  2910  1405 203.5 
 1020.17  2915  1477 206.75 
 1020.22  2920  1549 222.75 
 1020.27  2925  1621 223.25 
 1020.32  2930  1693 218.5 
 1020.37  2935  1765 224.75 
 1020.42  2940  1837 219.5 
 1020.47  2945  1909 221.25 
 1020.52  2950  1981 224 
 1020.57  2955  2054 221 
 1020.62  2960  2126 240.5 
 1020.67  2965  2199 243 
 1020.72  2970  2271 240.25 
 1020.77  2975  2344 259 
 1020.82  2980  2416 284.75 
 1020.87  2985  2489 286.25 
 1020.92  2990  2562 335 
 1020.97  2995  2635 407.5 
 1021.02  3000  2708 429.25 
 1021.07  3005  2781 518.25 
 1021.12  3010  2854 759.25 
 1021.17  3015  2927 977 
 1021.22  3020  3000 949.5 
 1021.27  3025  3073 1652.25 
 1021.32  3030  3147 2673.75 
 1021.37  3035  3220 3283.25 
 1021.42  3040  3294 3316.25 
 1021.47  3045  3367 4491 
 1021.52  3050  3441 6452.25 
 1021.57  3055  3514 6827.25 
 1021.62  3060  3588 6799.25 
 1021.67  3065  3662 8442.5 
 1021.72  3070  3736 12093 
 1021.77  3075  3810 14252.75 
 1021.82  3080  3884 15379.25 
 1021.87  3085  3958 17303.25 
 1021.92  3090  4032 15112 
 1021.97  3095  4106 17942.25 
 1022.02  3100  4181 18334.5 
 1022.07  3105  4255 29079.75 
 1022.12  3110  4329 33896.5 
 1022.17  3115  4404 32403 
 1022.22  3120  4479 31733.25 
 1022.27  3125  4553 36944.75 
 1022.32  3130  4628 37919.25 
 1022.37  3135  4703 37671.75 
 1022.42  3140  4778 42569.25 
 1022.47  3145  4853 37585 
 1022.52  3150  4928 45849 
 1022.57  3155  5003 37035 
 1022.62  3160  5078 32401.25 
 1022.67  3165  5153 43280.5 
 1022.72  3170  5228 50346 
 1022.77  3175  5304 48482.25 
 1022.82  3180  5379 36117.75 
 1022.87  3185  5455 43027.5 
 1022.92  3190  5530 43781 
 1022.97  3195  5606 35649.75 
 1023.02  3200  5682 41078.75 
 1023.07  3205  5758 45824.5 
 1023.12  3210  5834 36735.5 
 1023.17  3215  5910 33930.5 
 1023.22  3220  5986 34299.5 
 1023.27  3225  6062 26899 
 1023.32  3230  6138 24770.75 
 1023.37  3235  6214 26791.5 
 1023.42  3240  6291 28436.75 
 1023.47  3245  6367 26184 
 1023.52  3250  6444 21677.25 
end
ufIntegration time is 0.2294 seconds per sampledt  4.1E-08 cy 4dh190619Arenosillo 37.1 6.73 3.27pr1000dark 1.4 
 1177.21  2900  1261 13 
 1177.24  2905  1333 15 
 1177.28  2910  1405 9 
 1177.31  2915  1477 11 
 1177.35  2920  1549 11 
 1177.38  2925  1621 13 
 1177.42  2930  1693 10 
 1177.45  2935  1765 11 
 1177.49  2940  1837 11 
 1177.52  2945  1909 11 
 1177.56  2950  1981 13 
 1177.59  2955  2054 11 
 1177.63  2960  2126 11 
 1177.66  2965  2199 13 
 1177.7  2970  2271 10 
 1177.73  2975  2344 14 
 1177.77  2980  2416 14 
 1177.8  2985  2489 12 
 1177.84  2990  2562 14 
 1177.87  2995  2635 20 
 1177.91  3000  2708 18 
 1177.94  3005  2781 21 
 1177.98  3010  2854 23 
 1178.01  3015  2927 33 
 1178.05  3020  3000 25 
 1178.08  3025  3073 40 
 1178.12  3030  3147 55 
 1178.15  3035  3220 66 
 1178.19  3040  3294 75 
 1178.22  3045  3367 80 
 1178.26  3050  3441 126 
 1178.29  3055  3514 115 
 1178.33  3060  3588 111 
 1178.36  3065  3662 167 
 1178.4  3070  3736 210 
 1178.43  3075  3810 242 
 1178.47  3080  3884 265 
 1178.5  3085  3958 277 
 1178.53  3090  4032 255 
 1178.57  3095  4106 280 
 1178.61  3100  4181 300 
 1178.64  3105  4255 458 
 1178.68  3110  4329 574 
 1178.71  3115  4404 546 
 1178.74  3120  4479 546 
 1178.78  3125  4553 684 
 1178.81  3130  4628 689 
 1178.85  3135  4703 715 
 1178.88  3140  4778 866 
 1178.92  3145  4853 809 
 1178.95  3150  4928 1009 
 1178.99  3155  5003 840 
 1179.02  3160  5078 786 
 1179.06  3165  5153 1135 
 1179.09  3170  5228 1333 
 1179.13  3175  5304 1231 
 1179.16  3180  5379 1035 
 1179.2  3185  5455 1526 
 1179.23  3190  5530 1710 
 1179.27  3195  5606 1238 
 1179.3  3200  5682 1381 
 1179.34  3205  5758 1933 
 1179.37  3210  5834 1929 
 1179.41  3215  5910 1793 
 1179.44  3220  5986 1527 
 1179.48  3225  6062 1147 
 1179.51  3230  6138 1274 
 1179.55  3235  6214 1873 
 1179.58  3240  6291 2093 
 1179.62  3245  6367 1730 
 1179.65  3250  6444 1181 
end
