uxIntegration time is 0.2294 seconds per sampledt  3.1E-08 cy 1dh220619El Arenosillo 37.1 6.73 2.750537pr1000dark .95 
 303.41  2865  124 .5 
 303.44  2870  189 1 
 303.47  2875  254 1.25 
 303.5  2880  319 1.25 
 303.54  2885  384 1.75 
 303.57  2890  449 .5 
 303.6  2895  514 .75 
 303.63  2900  579 .25 
 303.66  2905  645 1 
 303.69  2910  710 1.5 
 303.72  2915  776 .25 
 303.76  2920  841 .25 
 303.79  2925  907 .25 
 303.82  2930  973 1.25 
 303.85  2935  1039 .25 
 303.88  2940  1105 .5 
 303.91  2945  1171 1.75 
 303.95  2950  1237 .5 
 303.98  2955  1303 .75 
 304.01  2960  1370 1 
 304.04  2965  1436 .75 
 304.08  2970  1502 1.25 
 304.11  2975  1569 1 
 304.14  2980  1636 .75 
 304.17  2985  1703 2.75 
 304.2  2990  1769 1 
 304.23  2995  1836 2.5 
 304.26  3000  1903 1.5 
 304.28  3005  1970 .5 
 304.31  3010  2038 1 
 304.33  3015  2105 4 
 304.36  3020  2172 1 
 304.38  3025  2240 3 
 304.4  3030  2307 4 
 304.43  3035  2375 4 
 304.45  3040  2443 4 
 304.48  3045  2511 6 
 304.5  3050  2579 7.5 
 304.52  3055  2647 9 
 304.55  3060  2715 10 
 304.57  3065  2783 9.5 
 304.6  3070  2851 15 
 304.62  3075  2920 16.5 
 304.65  3080  2988 19 
 304.67  3085  3057 25 
 304.7  3090  3126 18.5 
 304.72  3095  3194 20 
 304.75  3100  3263 24.5 
 304.77  3105  3332 42.5 
 304.79  3110  3401 51 
 304.82  3115  3471 46.5 
 304.84  3120  3540 53.5 
 304.87  3125  3609 65.5 
 304.89  3130  3679 64 
 304.92  3135  3748 66.5 
 304.94  3140  3818 89.5 
 304.97  3145  3888 85.5 
 304.99  3150  3958 109 
 305.01  3155  4028 98 
 305.04  3160  4098 79 
 305.06  3165  4168 126.5 
 305.09  3170  4238 157.5 
 305.11  3175  4309 163.5 
 305.14  3180  4379 136.5 
 305.16  3185  4450 192.5 
 305.19  3190  4521 240.5 
 305.21  3195  4592 185 
 305.24  3200  4663 226.5 
 305.26  3205  4734 303.5 
 305.29  3210  4805 329 
 305.31  3215  4876 335 
 305.34  3220  4947 317 
 305.36  3225  5019 265 
 305.39  3230  5090 285 
 305.41  3235  5162 480 
 305.43  3240  5234 598.5 
 305.46  3245  5306 565.5 
 305.48  3250  5378 429 
 305.51  3255  5450 573 
 305.53  3260  5522 880 
 305.56  3265  5595 1060.5 
 305.58  3270  5667 1050.5 
 305.61  3275  5740 904 
 305.63  3280  5813 709 
 305.66  3285  5885 865 
 305.68  3290  5958 1336.5 
 305.71  3295  6031 1675 
 305.73  3300  6105 1644.5 
 305.76  3305  6178 1160 
 305.78  3310  6251 1073 
 305.81  3315  6325 1182.5 
 305.83  3320  6399 1586.5 
 305.85  3325  6472 1670.5 
 305.88  3330  6546 1671.5 
 305.9  3335  6620 1386.5 
 305.93  3340  6694 1296 
 305.95  3345  6769 1721.5 
 305.98  3350  6843 1780 
 306  3355  6918 2157 
 306.03  3360  6992 1553.5 
 306.05  3365  7067 1675.5 
 306.08  3370  7142 1320 
 306.1  3375  7217 1534 
 306.13  3380  7292 1712 
 306.15  3385  7367 2013 
 306.18  3390  7443 2116 
 306.2  3395  7518 2005 
 306.23  3400  7594 2274.5 
 306.25  3405  7670 2042.5 
 306.28  3410  7746 2134 
 306.3  3415  7822 2022.5 
 306.33  3420  7898 2419.5 
 306.35  3425  7974 2288.5 
 306.38  3430  8051 2511 
 306.4  3435  8127 2304.5 
 306.43  3440  8204 1695.5 
 306.45  3445  8281 1597.5 
 306.48  3450  8358 2234.5 
 306.5  3455  8435 2374.5 
 306.53  3460  8512 2082.5 
 306.55  3465  8590 2318.5 
 306.58  3470  8667 2466.5 
 306.6  3475  8745 2012.5 
 306.63  3480  8823 2293 
 306.65  3485  8901 2284.5 
 306.68  3490  8979 2178 
 306.7  3495  9057 2140 
 306.73  3500  9135 2601 
 306.85  3505  7350 2753 
 306.88  3510  7429 2552 
 306.9  3515  7509 2222 
 306.93  3520  7589 2579.5 
 306.95  3525  7669 1981.5 
 306.98  3530  7749 2527 
 307  3535  7829 2692 
 307.03  3540  7910 2827 
 307.05  3545  7990 2867.5 
 307.08  3550  8071 2902 
 307.1  3555  8152 2598 
 307.13  3560  8233 2651.5 
 307.15  3565  8314 2425.5 
 307.18  3570  8396 1899 
 307.2  3575  8477 2315.5 
 307.23  3580  8559 1940 
 307.25  3585  8641 1587.5 
 307.28  3590  8723 2093.5 
 307.3  3595  8805 2759 
 307.33  3600  8887 2954 
 307.35  3605  8970 2423 
 307.38  3610  9053 2139.5 
 307.4  3615  9135 2555.5 
 307.43  3620  9219 2076.5 
 307.46  3625  9302 2929.5 
 307.48  3630  9385 2676.5 
end
uaIntegration time is 0.2294 seconds per sampledt  3.1E-08 cy 1dh220619El Arenosillo 37.1 6.73 3.072425pr1000dark 1.45 
 480.04  2865  124 1 
 480.07  2870  189 .5 
 480.14  2875  254 2.75 
 480.19  2880  319 1 
 480.22  2885  384 1.25 
 480.29  2890  449 .75 
 480.32  2895  514 .5 
 480.39  2900  579 .75 
 480.42  2905  645 1.75 
 480.49  2910  710 .75 
 480.54  2915  776 1.25 
 480.59  2920  841 1.5 
 480.64  2925  907 1 
 480.67  2930  973 1 
 480.73  2935  1039 1.5 
 480.79  2940  1105 1 
 480.82  2945  1171 2 
 480.89  2950  1237 2.25 
 480.92  2955  1303 3.5 
 480.99  2960  1370 6 
 481.02  2965  1436 8 
 481.09  2970  1502 8.75 
 481.12  2975  1569 26 
 481.19  2980  1636 35.25 
 481.22  2985  1703 43.75 
 481.28  2990  1769 83.25 
 481.34  2995  1836 144 
 481.39  3000  1903 154.5 
 481.42  3005  1970 236 
 481.49  3010  2038 435 
 481.54  3015  2105 608 
 481.57  3020  2172 596 
 481.64  3025  2240 1187.5 
 481.69  3030  2307 2034.75 
 481.74  3035  2375 2529.75 
 481.77  3040  2443 2568.25 
 481.84  3045  2511 3634.75 
 481.87  3050  2579 5437 
 481.94  3055  2647 5688.75 
 481.97  3060  2715 5878.75 
 482.04  3065  2783 7136.5 
 482.07  3070  2851 10379 
 482.14  3075  2920 12661.25 
 482.19  3080  2988 13591 
 482.22  3085  3057 15531.25 
 482.29  3090  3126 13942.75 
 482.32  3095  3194 16583.75 
 482.39  3100  3263 17143 
 482.44  3105  3332 27813 
 482.47  3110  3401 33609.5 
 482.54  3115  3471 32990.75 
 482.57  3120  3540 32843.5 
 482.64  3125  3609 39173.5 
 482.67  3130  3679 41619 
 482.74  3135  3748 42618.75 
 482.77  3140  3818 50183.25 
 482.84  3145  3888 45136 
 482.87  3150  3958 58050.25 
 482.94  3155  4028 49571.25 
 482.97  3160  4098 43870.25 
 483.04  3165  4168 61145.25 
 483.07  3170  4238 74872 
 483.14  3175  4309 77404 
 483.18  3180  4379 60363 
 483.24  3185  4450 73981.75 
 483.27  3190  4521 83547 
 483.34  3195  4592 73451 
 483.39  3200  4663 87541.5 
 483.43  3205  4734 102953.5 
 483.49  3210  4805 89706.25 
 483.52  3215  4876 86799.75 
 483.59  3220  4947 96099.5 
 483.62  3225  5019 82683.25 
 483.69  3230  5090 80834 
 483.72  3235  5162 95121 
 483.79  3240  5234 109459.3 
 483.82  3245  5306 112818 
 483.89  3250  5378 103124.8 
 483.93  3255  5450 126832.8 
 483.99  3260  5522 149072.8 
 484.02  3265  5595 147978 
 484.09  3270  5667 149518 
 484.14  3275  5740 144118.3 
 484.17  3280  5813 133734 
 484.24  3285  5885 134999.5 
 484.27  3290  5958 155442 
 484.34  3295  6031 175477.2 
 484.37  3300  6105 178596.8 
 484.44  3305  6178 150274 
 484.47  3310  6251 150885 
 484.54  3315  6325 150940.5 
 484.57  3320  6399 160133 
 484.64  3325  6472 157347.8 
 484.67  3330  6546 157730 
 484.74  3335  6620 147883.5 
 484.77  3340  6694 148363.8 
 484.84  3345  6769 167350.5 
 484.87  3350  6843 157786 
 484.94  3355  6918 178311.2 
 484.97  3360  6992 129715 
 485.04  3365  7067 150747.5 
 485.07  3370  7142 127187.3 
 485.14  3375  7217 152285.8 
 485.17  3380  7292 150592.8 
 485.24  3385  7367 163490.3 
 485.27  3390  7443 166388 
 485.34  3395  7518 157871.8 
 485.37  3400  7594 188387.5 
 485.44  3405  7670 172616.2 
 485.47  3410  7746 165453 
 485.54  3415  7822 153142.5 
 485.57  3420  7898 180339.8 
 485.64  3425  7974 168243 
 485.67  3430  8051 183529 
 485.74  3435  8127 173706.8 
 485.77  3440  8204 135201 
 485.84  3445  8281 128750.8 
 485.89  3450  8358 169502.2 
 485.92  3455  8435 175394.5 
 485.99  3460  8512 151031.3 
 486.03  3465  8590 168056.8 
 486.09  3470  8667 178257.5 
 486.12  3475  8745 147657.8 
 486.19  3480  8823 166329.8 
 486.22  3485  8901 166435.8 
 486.29  3490  8979 154589.5 
 486.32  3495  9057 153428.5 
 486.38  3500  9135 184126.8 
 486.52  3505  7350 190610.2 
 486.7  3510  7429 175282 
 486.76  3515  7509 161072.8 
 486.79  3520  7589 181834 
 486.85  3525  7669 139393 
 486.89  3530  7749 172674.8 
 486.95  3535  7829 183711.8 
 486.99  3540  7910 191959.5 
 487.05  3545  7990 193048 
 487.11  3550  8071 194869.8 
 487.14  3555  8152 174979.8 
 487.21  3560  8233 180143.2 
 487.24  3565  8314 163112.8 
 487.3  3570  8396 131023.3 
 487.34  3575  8477 158426 
 487.4  3580  8559 131324.3 
 487.45  3585  8641 109356.3 
 487.51  3590  8723 146521.8 
 487.54  3595  8805 185022.2 
 487.61  3600  8887 197254.8 
 487.64  3605  8970 160127.5 
 487.71  3610  9053 144547.3 
 487.74  3615  9135 168599.5 
 487.81  3620  9219 140589 
 487.84  3625  9302 189628.5 
 487.91  3630  9385 173980.5 
end
uaIntegration time is 0.2294 seconds per sampledt  3.1E-08 cy 1dh220619El Arenosillo 37.1 6.73 3.233369pr1000dark 4.55 
 540.04  2865  124 1.5 
 540.07  2870  189 2 
 540.14  2875  254 3 
 540.17  2880  319 2.75 
 540.24  2885  384 2.25 
 540.27  2890  449 2 
 540.34  2895  514 3.5 
 540.37  2900  579 1.75 
 540.44  2905  645 1.5 
 540.47  2910  710 4.5 
 540.53  2915  776 2.5 
 540.59  2920  841 2 
 540.62  2925  907 1.5 
 540.69  2930  973 2 
 540.72  2935  1039 3.75 
 540.78  2940  1105 5.25 
 540.84  2945  1171 7.5 
 540.87  2950  1237 12 
 540.94  2955  1303 23.75 
 540.97  2960  1370 50 
 541.04  2965  1436 55.25 
 541.07  2970  1502 80.5 
 541.14  2975  1569 187.75 
 541.17  2980  1636 253 
 541.24  2985  1703 277.25 
 541.27  2990  1769 541.5 
 541.34  2995  1836 797.5 
 541.37  3000  1903 818.75 
 541.44  3005  1970 1152.25 
 541.47  3010  2038 1952.5 
 541.54  3015  2105 2620.5 
 541.59  3020  2172 2372 
 541.64  3025  2240 4463 
 541.69  3030  2307 7202.25 
 541.72  3035  2375 8652.5 
 541.79  3040  2443 8397.75 
 541.82  3045  2511 11346.5 
 541.89  3050  2579 15734.25 
 541.92  3055  2647 16043.5 
 541.99  3060  2715 16031.5 
 542.03  3065  2783 18968.25 
 542.09  3070  2851 26147.25 
 542.12  3075  2920 30666.75 
 542.18  3080  2988 32546 
 542.24  3085  3057 36550.75 
 542.27  3090  3126 31876.75 
 542.34  3095  3194 36055.25 
 542.37  3100  3263 36423.25 
 542.44  3105  3332 58426 
 542.47  3110  3401 68925.5 
 542.54  3115  3471 67042 
 542.57  3120  3540 64714.75 
 542.64  3125  3609 75413.25 
 542.67  3130  3679 79358 
 542.74  3135  3748 81200.25 
 542.77  3140  3818 93358.75 
 542.84  3145  3888 81524.5 
 542.87  3150  3958 103720.8 
 542.94  3155  4028 89359.25 
 542.97  3160  4098 77222.75 
 543.04  3165  4168 105199 
 543.08  3170  4238 128016.5 
 543.14  3175  4309 132248.8 
 543.17  3180  4379 102173.5 
 543.24  3185  4450 121838.3 
 543.27  3190  4521 136282 
 543.33  3195  4592 121854.5 
 543.39  3200  4663 144608 
 543.42  3205  4734 166229.3 
 543.48  3210  4805 142530.3 
 543.54  3215  4876 137858.8 
 543.57  3220  4947 154548.5 
 543.64  3225  5019 133919.3 
 543.67  3230  5090 129169.3 
 543.74  3235  5162 148470 
 543.79  3240  5234 169133 
 543.82  3245  5306 175039.5 
 543.89  3250  5378 161599.5 
 543.92  3255  5450 196067.8 
 543.99  3260  5522 226298.8 
 544.02  3265  5595 222412.5 
 544.09  3270  5667 224148.2 
 544.12  3275  5740 217393.2 
 544.19  3280  5813 203866.5 
 544.22  3285  5885 203554 
 544.29  3290  5958 230479.5 
 544.34  3295  6031 257186.2 
 544.37  3300  6105 261160 
 544.44  3305  6178 223557 
 544.47  3310  6251 225628.8 
 544.54  3315  6325 225129.5 
 544.57  3320  6399 236292 
 544.64  3325  6472 231322.5 
 544.67  3330  6546 232266.5 
 544.74  3335  6620 219072.8 
 544.79  3340  6694 220472.2 
 544.82  3345  6769 245415.5 
 544.89  3350  6843 231341.8 
 544.92  3355  6918 258882 
 544.99  3360  6992 190879.2 
 545.02  3365  7067 221433.5 
 545.09  3370  7142 188179.2 
 545.13  3375  7217 224069.2 
 545.19  3380  7292 220855.2 
 545.22  3385  7367 238174.5 
 545.29  3390  7443 241620.8 
 545.34  3395  7518 229821.8 
 545.37  3400  7594 270946.8 
 545.44  3405  7670 249485 
 545.49  3410  7746 239026.5 
 545.52  3415  7822 220919.2 
 545.59  3420  7898 257642.5 
 545.62  3425  7974 240817 
 545.69  3430  8051 261422.8 
 545.74  3435  8127 248810.5 
 545.77  3440  8204 196285.8 
 545.84  3445  8281 187198.2 
 545.89  3450  8358 243716.8 
 545.92  3455  8435 251196.5 
 545.99  3460  8512 217579.5 
 546.02  3465  8590 240696.5 
 546.09  3470  8667 253224.8 
 546.14  3475  8745 211929.5 
 546.18  3480  8823 237023.8 
 546.24  3485  8901 237101.8 
 546.29  3490  8979 220781 
 546.34  3495  9057 218687 
 546.37  3500  9135 259086.2 
 546.53  3505  7350 268275 
 546.7  3510  7429 247716.2 
 546.74  3515  7509 229937.8 
 546.81  3520  7589 256485.5 
 546.84  3525  7669 199668 
 546.9  3530  7749 244454 
 546.94  3535  7829 258712 
 547  3540  7910 269491.3 
 547.04  3545  7990 271670 
 547.1  3550  8071 274182.8 
 547.14  3555  8152 248632.5 
 547.21  3560  8233 255922.5 
 547.24  3565  8314 233228.8 
 547.3  3570  8396 189354.2 
 547.36  3575  8477 227126.8 
 547.39  3580  8559 189902.5 
 547.45  3585  8641 159144.3 
 547.49  3590  8723 211689 
 547.55  3595  8805 262929.8 
 547.59  3600  8887 277425.8 
 547.65  3605  8970 228058.2 
 547.69  3610  9053 206461 
 547.76  3615  9135 237613 
 547.8  3620  9219 199381 
 547.86  3625  9302 265641.8 
 547.89  3630  9385 244187.5 
end
uxIntegration time is 0.2294 seconds per sampledt  3.1E-08 cy 1dh220619El Arenosillo 37.1 6.73 3.287017pr1000dark .8 
 695  2865  124 .75 
 695.04  2870  189 1.75 
 695.07  2875  254 1.75 
 695.1  2880  319 1.5 
 695.13  2885  384 2.25 
 695.16  2890  449 .75 
 695.19  2895  514 1 
 695.23  2900  579 1.5 
 695.26  2905  645 2.5 
 695.29  2910  710 4.5 
 695.32  2915  776 5.75 
 695.35  2920  841 10 
 695.39  2925  907 16 
 695.42  2930  973 29 
 695.45  2935  1039 49.5 
 695.48  2940  1105 73.25 
 695.51  2945  1171 112.75 
 695.54  2950  1237 183.25 
 695.58  2955  1303 343.25 
 695.61  2960  1370 565.25 
 695.64  2965  1436 611.5 
 695.67  2970  1502 782.5 
 695.71  2975  1569 1644 
 695.74  2980  1636 1932.75 
 695.77  2985  1703 1889.75 
 695.8  2990  1769 3433 
 695.84  2995  1836 4481 
 695.86  3000  1903 4325.5 
 695.88  3005  1970 5593 
 695.91  3010  2038 8682.5 
 695.93  3015  2105 10811.5 
 695.96  3020  2172 9386.5 
 695.98  3025  2240 16463.5 
 696.01  3030  2307 24576 
 696.03  3035  2375 28046 
 696.05  3040  2443 26639.5 
 696.08  3045  2511 33973.5 
 696.1  3050  2579 44065 
 696.13  3055  2647 43005 
 696.15  3060  2715 42553.5 
 696.18  3065  2783 48459 
 696.2  3070  2851 63280 
 696.23  3075  2920 71061.5 
 696.25  3080  2988 73908.5 
 696.28  3085  3057 80781.5 
 696.3  3090  3126 69435.5 
 696.33  3095  3194 75053.5 
 696.35  3100  3263 74039.5 
 696.38  3105  3332 115812.5 
 696.4  3110  3401 134857 
 696.43  3115  3471 129250.5 
 696.45  3120  3540 121011 
 696.47  3125  3609 137887.5 
 696.5  3130  3679 143228.5 
 696.52  3135  3748 146838 
 696.55  3140  3818 164868.5 
 696.57  3145  3888 140801.5 
 696.6  3150  3958 176601.5 
 696.62  3155  4028 153396.5 
 696.65  3160  4098 131129 
 696.67  3165  4168 173685 
 696.7  3170  4238 209959.5 
 696.72  3175  4309 216034.5 
 696.74  3180  4379 167403 
 696.77  3185  4450 193092.5 
 696.79  3190  4521 213172 
 696.82  3195  4592 193304.5 
 696.84  3200  4663 227337.5 
 696.87  3205  4734 254806 
 696.89  3210  4805 217570.5 
 696.92  3215  4876 209903 
 696.94  3220  4947 236554.5 
 696.97  3225  5019 206378.5 
 696.99  3230  5090 197207 
 697.02  3235  5162 221540.5 
 697.04  3240  5234 249129.5 
 697.07  3245  5306 258476 
 697.09  3250  5378 241899.5 
 697.12  3255  5450 286707.5 
 697.14  3260  5522 321681 
 697.17  3265  5595 314845.5 
 697.19  3270  5667 317323.5 
 697.22  3275  5740 309581.5 
 697.24  3280  5813 294783.5 
 697.27  3285  5885 291406.5 
 697.29  3290  5958 322036 
 697.32  3295  6031 354553 
 697.34  3300  6105 359857 
 697.37  3305  6178 314868 
 697.39  3310  6251 317424 
 697.42  3315  6325 315115.5 
 697.44  3320  6399 327409.5 
 697.47  3325  6472 321069.5 
 697.49  3330  6546 321670.5 
 697.51  3335  6620 306821.5 
 697.54  3340  6694 308101 
 697.56  3345  6769 337815 
 697.59  3350  6843 319705.5 
 697.61  3355  6918 352904 
 697.64  3360  6992 268944.5 
 697.66  3365  7067 307200 
 697.69  3370  7142 266137.5 
 697.71  3375  7217 312164 
 697.74  3380  7292 307324 
 697.76  3385  7367 326988 
 697.79  3390  7443 331074.5 
 697.81  3395  7518 316042 
 697.84  3400  7594 366190 
 697.86  3405  7670 341059.5 
 697.89  3410  7746 328579 
 697.91  3415  7822 306860 
 697.94  3420  7898 351446 
 697.96  3425  7974 332052 
 697.99  3430  8051 356137 
 698.01  3435  8127 340707 
 698.04  3440  8204 277720.5 
 698.06  3445  8281 263620 
 698.09  3450  8358 333878.5 
 698.11  3455  8435 341921.5 
 698.14  3460  8512 301221.5 
 698.16  3465  8590 329232.5 
 698.19  3470  8667 346265 
 698.22  3475  8745 294795.5 
 698.24  3480  8823 325644.5 
 698.27  3485  8901 325196 
 698.29  3490  8979 305425 
 698.32  3495  9057 303260.5 
 698.34  3500  9135 351874 
 698.47  3505  7350 362289 
 698.49  3510  7429 337901 
 698.52  3515  7509 315821.5 
 698.54  3520  7589 348063.5 
 698.57  3525  7669 277718.5 
 698.59  3530  7749 332427.5 
 698.62  3535  7829 349298.5 
 698.64  3540  7910 362015 
 698.69  3545  7990 364410 
 698.72  3550  8071 366791 
 698.74  3555  8152 336900 
 698.77  3560  8233 346151 
 698.79  3565  8314 318559 
 698.82  3570  8396 264424.5 
 698.84  3575  8477 311410.5 
 698.87  3580  8559 264993.5 
 698.89  3585  8641 224669 
 698.92  3590  8723 290846.5 
 698.94  3595  8805 352529 
 698.97  3600  8887 371240.5 
 698.99  3605  8970 313923.5 
 699.02  3610  9053 286550.5 
 699.05  3615  9135 325714 
 699.07  3620  9219 278228.5 
 699.1  3625  9302 359146.5 
 699.12  3630  9385 331654 
end
uxIntegration time is 0.2294 seconds per sampledt  3.1E-08 cy 1dh220619El Arenosillo 37.1 6.73 3.340665pr1000dark 20.7 
 720.41  2865  124 18.75 
 720.44  2870  189 17.5 
 720.47  2875  254 16.5 
 720.5  2880  319 18.25 
 720.53  2885  384 15.75 
 720.57  2890  449 13 
 720.6  2895  514 15.25 
 720.63  2900  579 13 
 720.66  2905  645 14 
 720.69  2910  710 14.75 
 720.72  2915  776 17.75 
 720.76  2920  841 21.75 
 720.79  2925  907 23.5 
 720.82  2930  973 41.5 
 720.85  2935  1039 67.75 
 720.88  2940  1105 91.5 
 720.91  2945  1171 135.75 
 720.95  2950  1237 216.25 
 720.98  2955  1303 379.75 
 721.01  2960  1370 635.5 
 721.04  2965  1436 698.5 
 721.08  2970  1502 849.75 
 721.11  2975  1569 1763.75 
 721.14  2980  1636 2119.5 
 721.17  2985  1703 2058 
 721.2  2990  1769 3738 
 721.24  2995  1836 4827 
 721.26  3000  1903 4693.5 
 721.28  3005  1970 6049 
 721.31  3010  2038 9171.5 
 721.33  3015  2105 11618.5 
 721.36  3020  2172 9855.5 
 721.38  3025  2240 17262.5 
 721.41  3030  2307 25961.5 
 721.43  3035  2375 29750 
 721.46  3040  2443 27971 
 721.48  3045  2511 35577.5 
 721.51  3050  2579 45938.5 
 721.53  3055  2647 45225.5 
 721.55  3060  2715 44234.5 
 721.58  3065  2783 50634 
 721.6  3070  2851 65800.5 
 721.63  3075  2920 73860 
 721.65  3080  2988 76755 
 721.68  3085  3057 84355 
 721.7  3090  3126 72204 
 721.73  3095  3194 77540.5 
 721.75  3100  3263 76381 
 721.77  3105  3332 119385 
 721.8  3110  3401 139159 
 721.82  3115  3471 133254.5 
 721.85  3120  3540 124283 
 721.87  3125  3609 140999 
 721.9  3130  3679 146349.5 
 721.92  3135  3748 149852 
 721.95  3140  3818 168328.5 
 721.97  3145  3888 142672 
 722  3150  3958 179654.5 
 722.02  3155  4028 157166.5 
 722.05  3160  4098 133419 
 722.07  3165  4168 176533.5 
 722.09  3170  4238 212565 
 722.12  3175  4309 220619 
 722.14  3180  4379 170417 
 722.17  3185  4450 195471 
 722.19  3190  4521 216487.5 
 722.22  3195  4592 194752.5 
 722.24  3200  4663 228754.5 
 722.27  3205  4734 255582 
 722.29  3210  4805 218408 
 722.32  3215  4876 208792.5 
 722.34  3220  4947 237024.5 
 722.37  3225  5019 207480.5 
 722.39  3230  5090 196948 
 722.42  3235  5162 221030 
 722.44  3240  5234 248189.5 
 722.47  3245  5306 258417.5 
 722.49  3250  5378 242041 
 722.52  3255  5450 286219.5 
 722.54  3260  5522 321876 
 722.57  3265  5595 314131.5 
 722.59  3270  5667 316624 
 722.61  3275  5740 309568 
 722.64  3280  5813 294516 
 722.66  3285  5885 291518.5 
 722.69  3290  5958 321951.5 
 722.71  3295  6031 354221.5 
 722.74  3300  6105 358808 
 722.76  3305  6178 314029.5 
 722.79  3310  6251 316131 
 722.81  3315  6325 313672.5 
 722.84  3320  6399 325546 
 722.86  3325  6472 317638 
 722.89  3330  6546 319179 
 722.91  3335  6620 303838.5 
 722.94  3340  6694 304455.5 
 722.96  3345  6769 334409 
 722.99  3350  6843 316295.5 
 723.01  3355  6918 349511.5 
 723.05  3360  6992 266773 
 723.08  3365  7067 304825 
 723.1  3370  7142 264308.5 
 723.13  3375  7217 308530 
 723.15  3380  7292 305283.5 
 723.18  3385  7367 324102 
 723.2  3390  7443 328647 
 723.23  3395  7518 313534.5 
 723.25  3400  7594 363256 
 723.28  3405  7670 338625.5 
 723.3  3410  7746 325789.5 
 723.33  3415  7822 304847.5 
 723.35  3420  7898 349047.5 
 723.38  3425  7974 330075.5 
 723.4  3430  8051 354805 
 723.43  3435  8127 340259 
 723.45  3440  8204 276465.5 
 723.48  3445  8281 261101 
 723.5  3450  8358 331347 
 723.53  3455  8435 340608.5 
 723.55  3460  8512 299738 
 723.58  3465  8590 327505 
 723.6  3470  8667 344747 
 723.63  3475  8745 294544.5 
 723.65  3480  8823 324441.5 
 723.68  3485  8901 324784.5 
 723.7  3490  8979 304890 
 723.73  3495  9057 300754 
 723.75  3500  9135 350549.5 
 723.88  3505  7350 362842 
 723.9  3510  7429 338621.5 
 723.93  3515  7509 315212 
 723.95  3520  7589 348578 
 723.98  3525  7669 278186 
 724.01  3530  7749 333044.5 
 724.03  3535  7829 349812.5 
 724.06  3540  7910 361579.5 
 724.08  3545  7990 364377.5 
 724.11  3550  8071 367860.5 
 724.13  3555  8152 337954 
 724.16  3560  8233 346790.5 
 724.18  3565  8314 320735 
 724.21  3570  8396 265034.5 
 724.23  3575  8477 312433.5 
 724.26  3580  8559 267127.5 
 724.28  3585  8641 225396.5 
 724.31  3590  8723 291909.5 
 724.33  3595  8805 354544.5 
 724.36  3600  8887 372324.5 
 724.38  3605  8970 315290.5 
 724.41  3610  9053 286577.5 
 724.43  3615  9135 326364 
 724.46  3620  9219 278283.5 
 724.49  3625  9302 356983 
 724.51  3630  9385 334064 
end
uxIntegration time is 0.2294 seconds per sampledt  3.1E-08 cy 1dh220619El Arenosillo 37.1 6.73 3.340665pr1000dark 22.55 
 778.7  2865  124 24.5 
 778.73  2870  189 18.5 
 778.77  2875  254 19.25 
 778.8  2880  319 16.75 
 778.83  2885  384 15.75 
 778.86  2890  449 16.75 
 778.89  2895  514 15.5 
 778.92  2900  579 15.25 
 778.95  2905  645 15.5 
 778.99  2910  710 14.75 
 779.02  2915  776 18.5 
 779.05  2920  841 23.25 
 779.08  2925  907 26 
 779.11  2930  973 40.25 
 779.15  2935  1039 64 
 779.18  2940  1105 87 
 779.21  2945  1171 128.5 
 779.24  2950  1237 209.5 
 779.27  2955  1303 373.75 
 779.31  2960  1370 605.5 
 779.34  2965  1436 671.25 
 779.37  2970  1502 835.75 
 779.4  2975  1569 1722.5 
 779.43  2980  1636 2042 
 779.46  2985  1703 1975.25 
 779.5  2990  1769 3579.25 
 779.53  2995  1836 4667.5 
 779.55  3000  1903 4496 
 779.58  3005  1970 5814 
 779.6  3010  2038 8907.5 
 779.63  3015  2105 11273.5 
 779.65  3020  2172 9619.5 
 779.68  3025  2240 16771.5 
 779.7  3030  2307 25197.5 
 779.72  3035  2375 28873 
 779.75  3040  2443 27285 
 779.77  3045  2511 34751.5 
 779.8  3050  2579 44818.5 
 779.82  3055  2647 44071 
 779.85  3060  2715 42920 
 779.87  3065  2783 49548.5 
 779.89  3070  2851 64368.5 
 779.92  3075  2920 72273 
 779.94  3080  2988 75307 
 779.97  3085  3057 82690 
 779.99  3090  3126 71075.5 
 780.02  3095  3194 76265 
 780.04  3100  3263 75320.5 
 780.07  3105  3332 116454.5 
 780.09  3110  3401 137296.5 
 780.12  3115  3471 131523 
 780.14  3120  3540 122733 
 780.16  3125  3609 139643 
 780.19  3130  3679 144934 
 780.21  3135  3748 148250 
 780.24  3140  3818 167258.5 
 780.26  3145  3888 142124.5 
 780.29  3150  3958 177797 
 780.31  3155  4028 156240.5 
 780.34  3160  4098 132053 
 780.36  3165  4168 175075 
 780.39  3170  4238 210758.5 
 780.41  3175  4309 218400 
 780.43  3180  4379 168845 
 780.46  3185  4450 194208.5 
 780.49  3190  4521 214822 
 780.51  3195  4592 194598.5 
 780.53  3200  4663 229334.5 
 780.56  3205  4734 256620.5 
 780.58  3210  4805 220315.5 
 780.61  3215  4876 211711 
 780.63  3220  4947 239780.5 
 780.66  3225  5019 209412 
 780.68  3230  5090 198918 
 780.71  3235  5162 223337 
 780.73  3240  5234 250520 
 780.76  3245  5306 260486.5 
 780.78  3250  5378 243497 
 780.81  3255  5450 287858.5 
 780.83  3260  5522 323907 
 780.86  3265  5595 316280.5 
 780.88  3270  5667 319563 
 780.91  3275  5740 312317 
 780.93  3280  5813 297031 
 780.96  3285  5885 293976.5 
 780.98  3290  5958 324560.5 
 781.01  3295  6031 356497.5 
 781.03  3300  6105 361449 
 781.06  3305  6178 317732.5 
 781.08  3310  6251 319427.5 
 781.11  3315  6325 317409.5 
 781.13  3320  6399 329913 
 781.16  3325  6472 323563.5 
 781.18  3330  6546 324041.5 
 781.2  3335  6620 309394 
 781.23  3340  6694 309998 
 781.26  3345  6769 340200 
 781.28  3350  6843 321639 
 781.3  3355  6918 354981.5 
 781.33  3360  6992 271942 
 781.35  3365  7067 308797 
 781.38  3370  7142 268763 
 781.41  3375  7217 312944 
 781.43  3380  7292 309409.5 
 781.45  3385  7367 327665 
 781.48  3390  7443 333043 
 781.5  3395  7518 316560 
 781.53  3400  7594 367458 
 781.56  3405  7670 341863 
 781.58  3410  7746 329037.5 
 781.6  3415  7822 307060 
 781.63  3420  7898 352560 
 781.66  3425  7974 333051 
 781.68  3430  8051 357145.5 
 781.7  3435  8127 341101.5 
 781.73  3440  8204 278753 
 781.75  3445  8281 263812.5 
 781.78  3450  8358 332718.5 
 781.8  3455  8435 341071 
 781.83  3460  8512 300384 
 781.86  3465  8590 327427.5 
 781.88  3470  8667 343805 
 781.91  3475  8745 293550 
 781.93  3480  8823 323037.5 
 781.96  3485  8901 323189 
 781.98  3490  8979 303744 
 782.01  3495  9057 300682.5 
 782.03  3500  9135 348741.5 
 782.16  3505  7350 360464.5 
 782.18  3510  7429 336114.5 
 782.21  3515  7509 313811 
 782.23  3520  7589 346681.5 
 782.26  3525  7669 276010.5 
 782.29  3530  7749 330260.5 
 782.31  3535  7829 346785 
 782.34  3540  7910 359355 
 782.36  3545  7990 361359.5 
 782.39  3550  8071 364328 
 782.41  3555  8152 334257.5 
 782.44  3560  8233 343117.5 
 782.46  3565  8314 316503.5 
 782.49  3570  8396 261404.5 
 782.51  3575  8477 307856.5 
 782.54  3580  8559 261652.5 
 782.56  3585  8641 220861 
 782.59  3590  8723 283143 
 782.61  3595  8805 344913.5 
 782.64  3600  8887 362993.5 
 782.66  3605  8970 305054 
 782.69  3610  9053 277357.5 
 782.72  3615  9135 316045 
 782.74  3620  9219 268314.5 
 782.77  3625  9302 348406 
 782.79  3630  9385 323176.5 
end
uxIntegration time is 0.2294 seconds per sampledt  3.1E-08 cy 1dh220619El Arenosillo 37.1 6.73 3.340665pr1000dark 1.45 
 838.25  2865  124 1.75 
 838.28  2870  189 1.5 
 838.31  2875  254 1.25 
 838.34  2880  319 2.25 
 838.37  2885  384 1.25 
 838.41  2890  449 1.5 
 838.44  2895  514 3 
 838.47  2900  579 1.5 
 838.5  2905  645 1.75 
 838.53  2910  710 2.25 
 838.56  2915  776 4 
 838.6  2920  841 8.5 
 838.63  2925  907 12 
 838.66  2930  973 19.25 
 838.69  2935  1039 32 
 838.72  2940  1105 49.75 
 838.76  2945  1171 73.75 
 838.79  2950  1237 128.5 
 838.82  2955  1303 241 
 838.85  2960  1370 411.5 
 838.88  2965  1436 440 
 838.92  2970  1502 570.75 
 838.95  2975  1569 1245.25 
 838.98  2980  1636 1454.25 
 839.01  2985  1703 1482 
 839.05  2990  1769 2714 
 839.08  2995  1836 3571.75 
 839.1  3000  1903 3488.5 
 839.13  3005  1970 4611.5 
 839.15  3010  2038 7114 
 839.18  3015  2105 8958.5 
 839.2  3020  2172 7802.5 
 839.22  3025  2240 13865 
 839.25  3030  2307 20885.5 
 839.27  3035  2375 24030.5 
 839.3  3040  2443 22705.5 
 839.32  3045  2511 29267 
 839.35  3050  2579 38225.5 
 839.37  3055  2647 37680.5 
 839.39  3060  2715 37097.5 
 839.42  3065  2783 42615 
 839.44  3070  2851 55934.5 
 839.47  3075  2920 63241 
 839.49  3080  2988 66219 
 839.52  3085  3057 72909.5 
 839.54  3090  3126 62396 
 839.57  3095  3194 67817.5 
 839.59  3100  3263 67226 
 839.62  3105  3332 105268.5 
 839.64  3110  3401 123333 
 839.67  3115  3471 118541 
 839.69  3120  3540 110877.5 
 839.72  3125  3609 126933 
 839.74  3130  3679 131970 
 839.76  3135  3748 135270.5 
 839.79  3140  3818 152748 
 839.81  3145  3888 130361.5 
 839.84  3150  3958 164253.5 
 839.86  3155  4028 142778 
 839.89  3160  4098 121252 
 839.91  3165  4168 161800 
 839.94  3170  4238 195619 
 839.96  3175  4309 202601 
 839.99  3180  4379 156591 
 840.01  3185  4450 181032 
 840.03  3190  4521 200897 
 840.06  3195  4592 180864.5 
 840.08  3200  4663 213218.5 
 840.11  3205  4734 239873.5 
 840.13  3210  4805 205079.5 
 840.16  3215  4876 196671 
 840.18  3220  4947 222994 
 840.21  3225  5019 194717 
 840.23  3230  5090 185632.5 
 840.26  3235  5162 209293 
 840.28  3240  5234 235847.5 
 840.31  3245  5306 245287.5 
 840.33  3250  5378 228890 
 840.36  3255  5450 272131 
 840.38  3260  5522 307054 
 840.41  3265  5595 300149 
 840.43  3270  5667 302921 
 840.46  3275  5740 295183 
 840.48  3280  5813 279884 
 840.51  3285  5885 277169.5 
 840.53  3290  5958 306901 
 840.56  3295  6031 339117 
 840.58  3300  6105 344209.5 
 840.61  3305  6178 300766.5 
 840.63  3310  6251 302686.5 
 840.66  3315  6325 300872 
 840.68  3320  6399 313223 
 840.71  3325  6472 306474.5 
 840.73  3330  6546 307440.5 
 840.76  3335  6620 292657 
 840.78  3340  6694 293472 
 840.81  3345  6769 322802 
 840.83  3350  6843 305092.5 
 840.86  3355  6918 337874 
 840.88  3360  6992 256409 
 840.91  3365  7067 292943 
 840.93  3370  7142 253802 
 840.95  3375  7217 296421.5 
 840.98  3380  7292 292622 
 841  3385  7367 312369 
 841.03  3390  7443 316685.5 
 841.06  3395  7518 301730.5 
 841.08  3400  7594 350441 
 841.1  3405  7670 326550 
 841.13  3410  7746 313806 
 841.15  3415  7822 292564.5 
 841.18  3420  7898 336016 
 841.21  3425  7974 316689 
 841.23  3430  8051 340948.5 
 841.26  3435  8127 325662.5 
 841.28  3440  8204 264207 
 841.31  3445  8281 249609.5 
 841.33  3450  8358 317935.5 
 841.36  3455  8435 326986.5 
 841.38  3460  8512 287437.5 
 841.41  3465  8590 313542 
 841.43  3470  8667 329920 
 841.46  3475  8745 280801 
 841.48  3480  8823 310120 
 841.51  3485  8901 310205 
 841.53  3490  8979 291033.5 
 841.56  3495  9057 288100.5 
 841.58  3500  9135 335696 
 841.71  3505  7350 346551 
 841.73  3510  7429 323074.5 
 841.76  3515  7509 301199 
 841.78  3520  7589 332743 
 841.81  3525  7669 264229 
 841.84  3530  7749 317587.5 
 841.86  3535  7829 333886.5 
 841.89  3540  7910 346212.5 
 841.91  3545  7990 348320.5 
 841.94  3550  8071 351371.5 
 841.96  3555  8152 321460.5 
 841.99  3560  8233 329710.5 
 842.01  3565  8314 303803 
 842.04  3570  8396 250871.5 
 842.06  3575  8477 296516 
 842.09  3580  8559 251500.5 
 842.11  3585  8641 212129 
 842.14  3590  8723 275814 
 842.17  3595  8805 336947 
 842.19  3600  8887 354553.5 
 842.22  3605  8970 298026 
 842.24  3610  9053 271196.5 
 842.27  3615  9135 309743 
 842.29  3620  9219 262731.5 
 842.32  3625  9302 340272 
 842.34  3630  9385 317174.5 
end
uxIntegration time is 0.2294 seconds per sampledt  3.1E-08 cy 1dh220619El Arenosillo 37.1 6.73 3.340665pr1000dark 1.65 
 898.24  2865  124 1 
 898.28  2870  189 1 
 898.31  2875  254 1 
 898.34  2880  319 1 
 898.37  2885  384 1.5 
 898.4  2890  449 1.25 
 898.43  2895  514 1.75 
 898.46  2900  579 1 
 898.5  2905  645 1.25 
 898.53  2910  710 2.5 
 898.56  2915  776 2.5 
 898.59  2920  841 2.25 
 898.62  2925  907 4.25 
 898.65  2930  973 5 
 898.69  2935  1039 10.75 
 898.72  2940  1105 18 
 898.75  2945  1171 26 
 898.78  2950  1237 51.25 
 898.81  2955  1303 93.75 
 898.84  2960  1370 172.5 
 898.88  2965  1436 197.5 
 898.91  2970  1502 260.5 
 898.94  2975  1569 585 
 898.97  2980  1636 714 
 899.01  2985  1703 746.75 
 899.04  2990  1769 1419.25 
 899.07  2995  1836 1922.75 
 899.09  3000  1903 1921.5 
 899.12  3005  1970 2579.5 
 899.14  3010  2038 4211 
 899.17  3015  2105 5419.5 
 899.19  3020  2172 4766.5 
 899.22  3025  2240 8684 
 899.24  3030  2307 13404 
 899.26  3035  2375 15728.5 
 899.29  3040  2443 15027.5 
 899.31  3045  2511 19618 
 899.34  3050  2579 26146.5 
 899.36  3055  2647 26037.5 
 899.39  3060  2715 26042.5 
 899.41  3065  2783 30157 
 899.44  3070  2851 40293.5 
 899.47  3075  2920 46182 
 899.49  3080  2988 48502 
 899.52  3085  3057 53979 
 899.54  3090  3126 46518.5 
 899.57  3095  3194 51374.5 
 899.59  3100  3263 51255.5 
 899.62  3105  3332 80656.5 
 899.64  3110  3401 95366 
 899.66  3115  3471 91870.5 
 899.69  3120  3540 87270.5 
 899.71  3125  3609 100516.5 
 899.74  3130  3679 105198.5 
 899.76  3135  3748 107490 
 899.79  3140  3818 122336 
 899.81  3145  3888 105485 
 899.84  3150  3958 133089.5 
 899.86  3155  4028 115909.5 
 899.89  3160  4098 99029.5 
 899.91  3165  4168 133422.5 
 899.93  3170  4238 161813 
 899.96  3175  4309 166945.5 
 899.98  3180  4379 129105 
 900.01  3185  4450 150628.5 
 900.03  3190  4521 168070.5 
 900.06  3195  4592 150908 
 900.08  3200  4663 178352 
 900.1  3205  4734 202437.5 
 900.13  3210  4805 173826.5 
 900.15  3215  4876 166939.5 
 900.18  3220  4947 188441.5 
 900.2  3225  5019 164100 
 900.23  3230  5090 156498.5 
 900.25  3235  5162 178273.5 
 900.27  3240  5234 201921.5 
 900.3  3245  5306 209835 
 900.32  3250  5378 194667 
 900.35  3255  5450 233313.5 
 900.37  3260  5522 266392.5 
 900.4  3265  5595 260707 
 900.42  3270  5667 263072.5 
 900.45  3275  5740 255934 
 900.47  3280  5813 241394.5 
 900.5  3285  5885 239629.5 
 900.52  3290  5958 267769 
 900.55  3295  6031 297520 
 900.57  3300  6105 302262 
 900.6  3305  6178 261882.5 
 900.62  3310  6251 262908.5 
 900.65  3315  6325 261773.5 
 900.67  3320  6399 273110 
 900.7  3325  6472 267958 
 900.72  3330  6546 268261 
 900.75  3335  6620 254891.5 
 900.77  3340  6694 254958 
 900.8  3345  6769 282802 
 900.82  3350  6843 266341 
 900.85  3355  6918 296793.5 
 900.87  3360  6992 222491.5 
 900.9  3365  7067 254817.5 
 900.92  3370  7142 219235.5 
 900.95  3375  7217 258875 
 900.97  3380  7292 255608.5 
 901  3385  7367 272579 
 901.02  3390  7443 277664 
 901.05  3395  7518 263823.5 
 901.07  3400  7594 309547.5 
 901.1  3405  7670 286842 
 901.12  3410  7746 274854.5 
 901.15  3415  7822 255437.5 
 901.17  3420  7898 296191 
 901.2  3425  7974 277898 
 901.22  3430  8051 300411 
 901.25  3435  8127 286021 
 901.27  3440  8204 229562.5 
 901.3  3445  8281 216852.5 
 901.32  3450  8358 279165.5 
 901.35  3455  8435 287249.5 
 901.37  3460  8512 250608.5 
 901.4  3465  8590 275499.5 
 901.42  3470  8667 290745.5 
 901.45  3475  8745 245173.5 
 901.47  3480  8823 271810.5 
 901.5  3485  8901 272148.5 
 901.52  3490  8979 254543 
 901.55  3495  9057 252461.5 
 901.57  3500  9135 296104.5 
 901.7  3505  7350 306594.5 
 901.72  3510  7429 284009.5 
 901.75  3515  7509 263622 
 901.78  3520  7589 293633 
 901.8  3525  7669 229857 
 901.83  3530  7749 278468.5 
 901.85  3535  7829 294572.5 
 901.88  3540  7910 306037 
 901.9  3545  7990 307794 
 901.93  3550  8071 310942.5 
 901.95  3555  8152 282964.5 
 901.98  3560  8233 291488.5 
 902  3565  8314 266318.5 
 902.03  3570  8396 217582 
 902.05  3575  8477 259492 
 902.08  3580  8559 218063 
 902.1  3585  8641 182926.5 
 902.13  3590  8723 239836 
 902.16  3595  8805 296436.5 
 902.18  3600  8887 313728.5 
 902.21  3605  8970 260566.5 
 902.23  3610  9053 236595.5 
 902.26  3615  9135 271705.5 
 902.28  3620  9219 229705 
 902.31  3625  9302 301878.5 
 902.33  3630  9385 277688 
end
uxIntegration time is 0.2294 seconds per sampledt  3.1E-08 cy 1dh220619El Arenosillo 37.1 6.73 3.340665pr1000dark 1.3 
 958.26  2865  124 2.25 
 958.29  2870  189 1.25 
 958.33  2875  254 1.75 
 958.36  2880  319 1.5 
 958.39  2885  384 1 
 958.42  2890  449 1 
 958.45  2895  514 2 
 958.49  2900  579 .75 
 958.52  2905  645 1.75 
 958.55  2910  710 1.75 
 958.58  2915  776 1.75 
 958.61  2920  841 1.25 
 958.64  2925  907 1.75 
 958.68  2930  973 2 
 958.71  2935  1039 2 
 958.74  2940  1105 3.75 
 958.77  2945  1171 4.5 
 958.8  2950  1237 11.25 
 958.84  2955  1303 21 
 958.87  2960  1370 38.75 
 958.9  2965  1436 46.75 
 958.93  2970  1502 62 
 958.96  2975  1569 158.5 
 959  2980  1636 198.25 
 959.03  2985  1703 214.5 
 959.06  2990  1769 443 
 959.09  2995  1836 631.75 
 959.12  3000  1903 684 
 959.14  3005  1970 962 
 959.16  3010  2038 1602 
 959.19  3015  2105 2203.5 
 959.21  3020  2172 1983 
 959.24  3025  2240 3840.5 
 959.26  3030  2307 6149 
 959.29  3035  2375 7318.5 
 959.31  3040  2443 7199.5 
 959.33  3045  2511 9733 
 959.36  3050  2579 13541.5 
 959.38  3055  2647 13762 
 959.41  3060  2715 13892 
 959.43  3065  2783 16416.5 
 959.46  3070  2851 22779.5 
 959.48  3075  2920 26708 
 959.51  3080  2988 28359 
 959.53  3085  3057 31929 
 959.55  3090  3126 28054.5 
 959.58  3095  3194 31735.5 
 959.6  3100  3263 32118.5 
 959.63  3105  3332 51359.5 
 959.65  3110  3401 61138.5 
 959.68  3115  3471 59294.5 
 959.7  3120  3540 57284.5 
 959.73  3125  3609 67077 
 959.75  3130  3679 70463 
 959.78  3135  3748 72321 
 959.8  3140  3818 83260 
 959.83  3145  3888 72943 
 959.85  3150  3958 92671.5 
 959.87  3155  4028 80013 
 959.9  3160  4098 69356 
 959.92  3165  4168 94573 
 959.95  3170  4238 115226.5 
 959.97  3175  4309 118865.5 
 960  3180  4379 92322.5 
 960.02  3185  4450 109874 
 960.05  3190  4521 123391 
 960.07  3195  4592 109469 
 960.1  3200  4663 129811.5 
 960.12  3205  4734 149982.5 
 960.15  3210  4805 129334.5 
 960.17  3215  4876 124100.5 
 960.2  3220  4947 139283.5 
 960.22  3225  5019 120486 
 960.25  3230  5090 116171.5 
 960.27  3235  5162 134228 
 960.29  3240  5234 153018.5 
 960.32  3245  5306 158660.5 
 960.35  3250  5378 146111 
 960.37  3255  5450 177629 
 960.39  3260  5522 205654.5 
 960.42  3265  5595 202372 
 960.44  3270  5667 204128 
 960.47  3275  5740 197499 
 960.49  3280  5813 184732 
 960.52  3285  5885 184515.5 
 960.54  3290  5958 208981 
 960.57  3295  6031 234676.5 
 960.59  3300  6105 238213.5 
 960.62  3305  6178 202765.5 
 960.64  3310  6251 204344.5 
 960.67  3315  6325 203541.5 
 960.69  3320  6399 214236 
 960.72  3325  6472 210073 
 960.74  3330  6546 210293 
 960.77  3335  6620 198160.5 
 960.79  3340  6694 198675.5 
 960.82  3345  6769 222421.5 
 960.84  3350  6843 209231 
 960.87  3355  6918 235089 
 960.89  3360  6992 172965 
 960.92  3365  7067 199799.5 
 960.94  3370  7142 170005 
 960.97  3375  7217 201766.5 
 960.99  3380  7292 199443.5 
 961.02  3385  7367 214943 
 961.04  3390  7443 219032.5 
 961.07  3395  7518 207138.5 
 961.09  3400  7594 246009 
 961.12  3405  7670 226335.5 
 961.14  3410  7746 216879 
 961.17  3415  7822 200586 
 961.19  3420  7898 234471 
 961.22  3425  7974 219319 
 961.24  3430  8051 238052.5 
 961.27  3435  8127 225802 
 961.29  3440  8204 178205 
 961.32  3445  8281 167964.5 
 961.34  3450  8358 219312 
 961.37  3455  8435 226235 
 961.39  3460  8512 195729.5 
 961.44  3465  8590 216510.5 
 961.47  3470  8667 229480.5 
 961.49  3475  8745 191091 
 961.52  3480  8823 213642.5 
 961.54  3485  8901 213684 
 961.57  3490  8979 198919 
 961.59  3495  9057 196836 
 961.62  3500  9135 233338.5 
 961.74  3505  7350 243598.5 
 961.77  3510  7429 224349.5 
 961.79  3515  7509 207329 
 961.82  3520  7589 233020 
 961.84  3525  7669 179645.5 
 961.87  3530  7749 220227.5 
 961.89  3535  7829 233524.5 
 961.92  3540  7910 243678 
 961.94  3545  7990 245145 
 961.97  3550  8071 247631 
 962  3555  8152 223685 
 962.02  3560  8233 230109 
 962.05  3565  8314 209862 
 962.07  3570  8396 169850 
 962.1  3575  8477 204093.5 
 962.12  3580  8559 169769 
 962.15  3585  8641 141857.5 
 962.17  3590  8723 188385 
 962.2  3595  8805 235633 
 962.22  3600  8887 249633.5 
 962.25  3605  8970 204295 
 962.27  3610  9053 184918 
 962.3  3615  9135 213581.5 
 962.33  3620  9219 177638.5 
 962.35  3625  9302 239296.5 
 962.38  3630  9385 218571 
end
uxIntegration time is 0.2294 seconds per sampledt  3.1E-08 cy 1dh220619El Arenosillo 37.1 6.73 3.072425pr1000dark .75 
 1162.33  2865  124 .25 
 1162.36  2870  189 .75 
 1162.4  2875  254 .75 
 1162.43  2880  319 .75 
 1162.46  2885  384 .75 
 1162.49  2890  449 .5 
 1162.52  2895  514 1.5 
 1162.55  2900  579 .25 
 1162.59  2905  645 1.25 
 1162.62  2910  710 1.75 
 1162.65  2915  776 .25 
 1162.68  2920  841 3.25 
 1162.71  2925  907 1 
 1162.74  2930  973 1.25 
 1162.78  2935  1039 .75 
 1162.81  2940  1105 1.25 
 1162.84  2945  1171 .75 
 1162.87  2950  1237 .75 
 1162.9  2955  1303 1.25 
 1162.93  2960  1370 .75 
 1162.97  2965  1436 1 
 1163  2970  1502 1.75 
 1163.03  2975  1569 1.25 
 1163.06  2980  1636 1.5 
 1163.09  2985  1703 1.25 
 1163.13  2990  1769 1.5 
 1163.16  2995  1836 2.25 
 1163.18  3000  1903 1.5 
 1163.21  3005  1970 2.5 
 1163.23  3010  2038 4.5 
 1163.25  3015  2105 5 
 1163.28  3020  2172 4 
 1163.3  3025  2240 8.5 
 1163.33  3030  2307 14.5 
 1163.35  3035  2375 16.5 
 1163.38  3040  2443 15 
 1163.4  3045  2511 23.5 
 1163.42  3050  2579 30.5 
 1163.45  3055  2647 31.5 
 1163.47  3060  2715 33 
 1163.5  3065  2783 38 
 1163.52  3070  2851 57 
 1163.55  3075  2920 77 
 1163.57  3080  2988 84.5 
 1163.59  3085  3057 92 
 1163.62  3090  3126 83 
 1163.64  3095  3194 109 
 1163.67  3100  3263 111 
 1163.69  3105  3332 189.5 
 1163.72  3110  3401 233.5 
 1163.74  3115  3471 243.5 
 1163.77  3120  3540 280.5 
 1163.79  3125  3609 360.5 
 1163.81  3130  3679 395 
 1163.84  3135  3748 393.5 
 1163.86  3140  3818 522.5 
 1163.89  3145  3888 567.5 
 1163.91  3150  3958 775 
 1163.94  3155  4028 631 
 1163.96  3160  4098 658.5 
 1163.98  3165  4168 1084 
 1164.01  3170  4238 1324 
 1164.03  3175  4309 1324.5 
 1164.06  3180  4379 1158 
 1164.08  3185  4450 1802 
 1164.11  3190  4521 2294 
 1164.13  3195  4592 1739 
 1164.16  3200  4663 2054.5 
 1164.18  3205  4734 3040 
 1164.2  3210  4805 3262 
 1164.23  3215  4876 3233 
 1164.25  3220  4947 3019.5 
 1164.28  3225  5019 2542 
 1164.3  3230  5090 2941.5 
 1164.33  3235  5162 4537 
 1164.38  3240  5234 5504.5 
 1164.4  3245  5306 5119 
 1164.43  3250  5378 4111.5 
 1164.45  3255  5450 5525 
 1164.48  3260  5522 7777 
 1164.5  3265  5595 8757.5 
 1164.53  3270  5667 8645 
 1164.55  3275  5740 7686 
 1164.58  3280  5813 6248 
 1164.6  3285  5885 7379.5 
 1164.63  3290  5958 10059.5 
 1164.65  3295  6031 11996 
 1164.68  3300  6105 11852 
 1164.7  3305  6178 8993.5 
 1164.73  3310  6251 8572 
 1164.75  3315  6325 9078.5 
 1164.78  3320  6399 10917.5 
 1164.8  3325  6472 11172.5 
 1164.82  3330  6546 11079.5 
 1164.85  3335  6620 9714 
 1164.87  3340  6694 9301.5 
 1164.9  3345  6769 11532 
 1164.92  3350  6843 11436.5 
 1164.95  3355  6918 13342 
 1164.97  3360  6992 9463 
 1165  3365  7067 10568.5 
 1165.02  3370  7142 8594.5 
 1165.05  3375  7217 10225.5 
 1165.07  3380  7292 10700 
 1165.1  3385  7367 11998.5 
 1165.12  3390  7443 12506 
 1165.15  3395  7518 11739 
 1165.17  3400  7594 13734.5 
 1165.2  3405  7670 12409.5 
 1165.22  3410  7746 12259.5 
 1165.25  3415  7822 11398.5 
 1165.27  3420  7898 13619 
 1165.3  3425  7974 12742 
 1165.32  3430  8051 13855 
 1165.35  3435  8127 12917.5 
 1165.37  3440  8204 9681 
 1165.4  3445  8281 9258 
 1165.42  3450  8358 12448 
 1165.45  3455  8435 13150 
 1165.47  3460  8512 11249.5 
 1165.5  3465  8590 12580.5 
 1165.52  3470  8667 13240.5 
 1165.55  3475  8745 10883 
 1165.57  3480  8823 12340.5 
 1165.6  3485  8901 12325.5 
 1165.62  3490  8979 11420.5 
 1165.65  3495  9057 11299.5 
 1165.68  3500  9135 13667 
 1165.8  3505  7350 14162.5 
 1165.82  3510  7429 12860 
 1165.85  3515  7509 11634 
 1165.87  3520  7589 13340.5 
 1165.9  3525  7669 10171 
 1165.92  3530  7749 12602 
 1165.95  3535  7829 13458 
 1165.98  3540  7910 14028 
 1166  3545  7990 14133.5 
 1166.03  3550  8071 14372 
 1166.05  3555  8152 12804 
 1166.08  3560  8233 13153 
 1166.1  3565  8314 11860.5 
 1166.13  3570  8396 9370 
 1166.15  3575  8477 11367.5 
 1166.18  3580  8559 9321 
 1166.2  3585  8641 7796 
 1166.23  3590  8723 10339.5 
 1166.25  3595  8805 13274.5 
 1166.28  3600  8887 14307 
 1166.3  3605  8970 11446.5 
 1166.33  3610  9053 10179 
 1166.35  3615  9135 11925.5 
 1166.38  3620  9219 9864.5 
 1166.4  3625  9302 13695.5 
 1166.43  3630  9385 12295.5 
end
