ufIntegration time is 0.2294 seconds per sampledt  4E-08 cy 4dh230619El Arenosillo 37.1 6.73 2.92pr1000dark 1.6 
 299.49  2900  1280 1 
 299.52  2905  1350 1 
 299.56  2910  1420 1 
 299.59  2915  1490 2 
 299.63  2920  1561 1 
 299.66  2925  1631 1 
 299.7  2930  1702 1 
 299.73  2935  1773 2 
 299.77  2940  1843 3 
 299.8  2945  1914 2 
 299.84  2950  1985 3 
 299.87  2955  2056 0 
 299.91  2960  2127 1 
 299.94  2965  2198 2 
 299.98  2970  2269 2 
 300.01  2975  2340 2 
 300.05  2980  2411 1 
 300.08  2985  2483 4 
 300.12  2990  2554 3 
 300.15  2995  2626 3 
 300.19  3000  2697 2 
 300.22  3005  2769 1 
 300.26  3010  2841 2 
 300.29  3015  2912 3 
 300.33  3020  2984 4 
 300.36  3025  3056 5 
 300.4  3030  3128 4 
 300.43  3035  3200 7 
 300.47  3040  3273 7 
 300.5  3045  3345 9 
 300.54  3050  3417 10 
 300.57  3055  3490 11 
 300.61  3060  3562 11 
 300.64  3065  3635 14 
 300.68  3070  3707 17 
 300.71  3075  3780 19 
 300.75  3080  3853 24 
 300.78  3085  3926 26 
 300.82  3090  3998 21 
 300.85  3095  4071 30 
 300.89  3100  4145 29 
 300.92  3105  4218 48 
 300.96  3110  4291 61 
 300.99  3115  4364 58 
 301.03  3120  4438 61 
 301.06  3125  4511 70 
 301.1  3130  4585 85 
 301.13  3135  4658 79 
 301.17  3140  4732 93 
 301.2  3145  4806 91 
 301.24  3150  4880 119 
 301.27  3155  4954 91 
 301.31  3160  5028 86 
 301.34  3165  5102 145 
 301.38  3170  5176 157 
 301.41  3175  5251 144 
 301.45  3180  5325 133 
 301.48  3185  5399 158 
 301.52  3190  5474 179 
 301.55  3195  5549 131 
 301.59  3200  5623 163 
 301.62  3205  5698 205 
 301.66  3210  5773 193 
 301.69  3215  5848 195 
 301.73  3220  5923 165 
 301.76  3225  5998 137 
 301.8  3230  6073 149 
 301.83  3235  6149 210 
 301.87  3240  6224 257 
 301.9  3245  6300 206 
 301.93  3250  6375 143 
end
ufIntegration time is 0.2294 seconds per sampledt  4E-08 cy 4dh230619El Arenosillo 37.1 6.73 3.39pr1000dark 4 
 478.21  2900  1280 86 
 478.25  2905  1350 96 
 478.28  2910  1420 92 
 478.32  2915  1490 95 
 478.35  2920  1561 91 
 478.39  2925  1631 105 
 478.42  2930  1702 97 
 478.46  2935  1773 99 
 478.49  2940  1843 106 
 478.53  2945  1914 110 
 478.56  2950  1985 106 
 478.6  2955  2056 128 
 478.63  2960  2127 129 
 478.67  2965  2198 133 
 478.7  2970  2269 129 
 478.74  2975  2340 159 
 478.77  2980  2411 173 
 478.81  2985  2483 189 
 478.84  2990  2554 281 
 478.88  2995  2626 359 
 478.91  3000  2697 403 
 478.95  3005  2769 534 
 478.98  3010  2841 831 
 479.02  3015  2912 1139 
 479.05  3020  2984 1107 
 479.09  3025  3056 2111 
 479.12  3030  3128 3488 
 479.16  3035  3200 4307 
 479.19  3040  3273 4338 
 479.23  3045  3345 6144 
 479.26  3050  3417 9073 
 479.3  3055  3490 9498 
 479.33  3060  3562 10117 
 479.37  3065  3635 12033 
 479.4  3070  3707 17708 
 479.44  3075  3780 21366 
 479.47  3080  3853 22858 
 479.51  3085  3926 26231 
 479.54  3090  3998 23264 
 479.58  3095  4071 27786 
 479.61  3100  4145 28356 
 479.65  3105  4218 46649 
 479.68  3110  4291 54956 
 479.72  3115  4364 53493 
 479.75  3120  4438 52582 
 479.79  3125  4511 62682 
 479.82  3130  4585 65867 
 479.86  3135  4658 66230 
 479.89  3140  4732 76898 
 479.93  3145  4806 67593 
 479.96  3150  4880 85557 
 480  3155  4954 70233 
 480.03  3160  5028 60440 
 480.07  3165  5102 84045 
 480.1  3170  5176 100214 
 480.14  3175  5251 97283 
 480.17  3180  5325 72339 
 480.2  3185  5399 89302 
 480.24  3190  5474 93893 
 480.28  3195  5549 79810 
 480.31  3200  5623 91448 
 480.34  3205  5698 102938 
 480.38  3210  5773 81677 
 480.42  3215  5848 77597 
 480.45  3220  5923 79421 
 480.48  3225  5998 63258 
 480.52  3230  6073 60299 
 480.55  3235  6149 64979 
 480.59  3240  6224 70130 
 480.62  3245  6300 65197 
 480.66  3250  6375 55063 
end
ufIntegration time is 0.2294 seconds per sampledt  4E-08 cy 4dh230619El Arenosillo 37.1 6.73 3.54pr1000dark 9.399999 
 535.73  2900  1280 158 
 535.76  2905  1350 153 
 535.8  2910  1420 158 
 535.83  2915  1490 163 
 535.87  2920  1561 171 
 535.9  2925  1631 170 
 535.94  2930  1702 165 
 535.97  2935  1773 178 
 536.01  2940  1843 183 
 536.04  2945  1914 181 
 536.08  2950  1985 214 
 536.11  2955  2056 215 
 536.15  2960  2127 265 
 536.18  2965  2198 260 
 536.22  2970  2269 324 
 536.25  2975  2340 500 
 536.29  2980  2411 539 
 536.32  2985  2483 609 
 536.36  2990  2554 953 
 536.39  2995  2626 1322 
 536.43  3000  2697 1406 
 536.46  3005  2769 1880 
 536.5  3010  2841 3042 
 536.53  3015  2912 4025 
 536.57  3020  2984 3755 
 536.6  3025  3056 7056 
 536.64  3030  3128 11000 
 536.67  3035  3200 13358 
 536.71  3040  3273 12989 
 536.74  3045  3345 17540 
 536.78  3050  3417 24355 
 536.81  3055  3490 24827 
 536.85  3060  3562 25292 
 536.88  3065  3635 29533 
 536.92  3070  3707 41062 
 536.95  3075  3780 48132 
 536.99  3080  3853 50576 
 537.02  3085  3926 57338 
 537.06  3090  3998 49735 
 537.09  3095  4071 56857 
 537.13  3100  4145 56921 
 537.16  3105  4218 92989 
 537.2  3110  4291 106888 
 537.23  3115  4364 102563 
 537.27  3120  4438 97632 
 537.3  3125  4511 113218 
 537.34  3130  4585 117505 
 537.37  3135  4658 118368 
 537.41  3140  4732 134033 
 537.44  3145  4806 114188 
 537.48  3150  4880 143378 
 537.51  3155  4954 119676 
 537.55  3160  5028 100169 
 537.58  3165  5102 135503 
 537.62  3170  5176 162328 
 537.65  3175  5251 158926 
 537.69  3180  5325 116691 
 537.72  3185  5399 138705 
 537.75  3190  5474 147958 
 537.79  3195  5549 125848 
 537.83  3200  5623 143306 
 537.86  3205  5698 158711 
 537.9  3210  5773 124378 
 537.93  3215  5848 117443 
 537.96  3220  5923 121802 
 538  3225  5998 97379 
 538.03  3230  6073 91769 
 538.07  3235  6149 97435 
 538.1  3240  6224 104911 
 538.14  3245  6300 98048 
 538.17  3250  6375 82719 
end
ufIntegration time is 0.2294 seconds per sampledt  4E-08 cy 4dh230619El Arenosillo 37.1 6.73 3.62pr1000dark 13.8 
 593.16  2900  1280 234 
 593.2  2905  1350 253 
 593.23  2910  1420 251 
 593.27  2915  1490 239 
 593.3  2920  1561 267 
 593.34  2925  1631 258 
 593.37  2930  1702 258 
 593.41  2935  1773 281 
 593.44  2940  1843 293 
 593.48  2945  1914 326 
 593.51  2950  1985 381 
 593.55  2955  2056 429 
 593.58  2960  2127 550 
 593.62  2965  2198 609 
 593.65  2970  2269 704 
 593.69  2975  2340 1261 
 593.72  2980  2411 1461 
 593.76  2985  2483 1491 
 593.79  2990  2554 2586 
 593.83  2995  2626 3517 
 593.86  3000  2697 3486 
 593.9  3005  2769 4693 
 593.93  3010  2841 7219 
 593.97  3015  2912 9335 
 594  3020  2984 8188 
 594.04  3025  3056 14989 
 594.07  3030  3128 22657 
 594.11  3035  3200 27222 
 594.14  3040  3273 25782 
 594.18  3045  3345 33964 
 594.21  3050  3417 45243 
 594.25  3055  3490 45736 
 594.28  3060  3562 45491 
 594.32  3065  3635 52275 
 594.35  3070  3707 70571 
 594.39  3075  3780 80744 
 594.42  3080  3853 84591 
 594.46  3085  3926 94370 
 594.49  3090  3998 80437 
 594.53  3095  4071 88996 
 594.56  3100  4145 87066 
 594.6  3105  4218 140082 
 594.63  3110  4291 161471 
 594.67  3115  4364 154394 
 594.7  3120  4438 143098 
 594.74  3125  4511 164084 
 594.77  3130  4585 169149 
 594.81  3135  4658 170064 
 594.84  3140  4732 192260 
 594.88  3145  4806 160213 
 594.91  3150  4880 201738 
 594.95  3155  4954 169735 
 594.98  3160  5028 139940 
 595.02  3165  5102 185163 
 595.05  3170  5176 221345 
 595.09  3175  5251 218677 
 595.12  3180  5325 158254 
 595.16  3185  5399 183124 
 595.19  3190  5474 196468 
 595.23  3195  5549 167520 
 595.26  3200  5623 192026 
 595.3  3205  5698 210071 
 595.33  3210  5773 164434 
 595.37  3215  5848 154156 
 595.4  3220  5923 162423 
 595.44  3225  5998 128817 
 595.47  3230  6073 119091 
 595.51  3235  6149 125209 
 595.54  3240  6224 133863 
 595.58  3245  6300 126294 
 595.61  3250  6375 108264 
end
ufIntegration time is 0.2294 seconds per sampledt  4E-08 cy 4dh230619El Arenosillo 37.1 6.73 3.72pr1000dark 16.4 
 650.58  2900  1280 298 
 650.61  2905  1350 310 
 650.65  2910  1420 308 
 650.68  2915  1490 301 
 650.72  2920  1561 319 
 650.75  2925  1631 330 
 650.79  2930  1702 354 
 650.82  2935  1773 383 
 650.86  2940  1843 420 
 650.89  2945  1914 465 
 650.93  2950  1985 541 
 650.96  2955  2056 730 
 651  2960  2127 971 
 651.03  2965  2198 1063 
 651.07  2970  2269 1325 
 651.1  2975  2340 2274 
 651.14  2980  2411 2672 
 651.17  2985  2483 2634 
 651.21  2990  2554 4603 
 651.24  2995  2626 6021 
 651.28  3000  2697 5957 
 651.31  3005  2769 7841 
 651.35  3010  2841 11924 
 651.38  3015  2912 15212 
 651.42  3020  2984 13186 
 651.45  3025  3056 23504 
 651.49  3030  3128 35037 
 651.52  3035  3200 40740 
 651.56  3040  3273 38368 
 651.59  3045  3345 49969 
 651.63  3050  3417 65882 
 651.66  3055  3490 64806 
 651.7  3060  3562 64192 
 651.73  3065  3635 73064 
 651.77  3070  3707 96109 
 651.8  3075  3780 108700 
 651.84  3080  3853 113283 
 651.87  3085  3926 125705 
 651.91  3090  3998 105882 
 651.94  3095  4071 115842 
 651.98  3100  4145 112862 
 652.01  3105  4218 179923 
 652.05  3110  4291 205150 
 652.08  3115  4364 194117 
 652.12  3120  4438 178365 
 652.15  3125  4511 203280 
 652.19  3130  4585 207563 
 652.22  3135  4658 207908 
 652.26  3140  4732 232615 
 652.29  3145  4806 192817 
 652.33  3150  4880 241383 
 652.36  3155  4954 206148 
 652.4  3160  5028 166048 
 652.43  3165  5102 220024 
 652.47  3170  5176 260761 
 652.5  3175  5251 256665 
 652.54  3180  5325 186224 
 652.57  3185  5399 217463 
 652.61  3190  5474 233127 
 652.64  3195  5549 199265 
 652.68  3200  5623 226942 
 652.71  3205  5698 245155 
 652.75  3210  5773 190367 
 652.78  3215  5848 178475 
 652.82  3220  5923 188618 
 652.85  3225  5998 150010 
 652.89  3230  6073 138995 
 652.92  3235  6149 146686 
 652.96  3240  6224 156987 
 652.99  3245  6300 147806 
 653.03  3250  6375 126202 
end
ufIntegration time is 0.2294 seconds per sampledt  4E-08 cy 4dh230619El Arenosillo 37.1 6.73 3.76pr1000dark 20.6 
 707.66  2900  1280 275 
 707.7  2905  1350 296 
 707.73  2910  1420 329 
 707.77  2915  1490 321 
 707.8  2920  1561 345 
 707.84  2925  1631 344 
 707.87  2930  1702 374 
 707.91  2935  1773 413 
 707.94  2940  1843 429 
 707.98  2945  1914 511 
 708.01  2950  1985 669 
 708.05  2955  2056 823 
 708.08  2960  2127 1174 
 708.12  2965  2198 1224 
 708.15  2970  2269 1484 
 708.19  2975  2340 2675 
 708.22  2980  2411 3147 
 708.26  2985  2483 3013 
 708.29  2990  2554 5281 
 708.33  2995  2626 6838 
 708.36  3000  2697 6770 
 708.4  3005  2769 9010 
 708.43  3010  2841 13212 
 708.47  3015  2912 17070 
 708.5  3020  2984 14572 
 708.54  3025  3056 25502 
 708.57  3030  3128 38185 
 708.61  3035  3200 44241 
 708.64  3040  3273 41298 
 708.68  3045  3345 53000 
 708.71  3050  3417 68985 
 708.75  3055  3490 67831 
 708.78  3060  3562 65954 
 708.82  3065  3635 75825 
 708.85  3070  3707 98311 
 708.89  3075  3780 111667 
 708.92  3080  3853 116714 
 708.96  3085  3926 129869 
 708.99  3090  3998 110589 
 709.03  3095  4071 120873 
 709.06  3100  4145 117744 
 709.1  3105  4218 187053 
 709.13  3110  4291 214998 
 709.17  3115  4364 204333 
 709.2  3120  4438 187257 
 709.24  3125  4511 214048 
 709.27  3130  4585 219189 
 709.31  3135  4658 218778 
 709.34  3140  4732 243869 
 709.38  3145  4806 198660 
 709.41  3150  4880 249205 
 709.45  3155  4954 212595 
 709.48  3160  5028 172467 
 709.52  3165  5102 228629 
 709.55  3170  5176 270853 
 709.59  3175  5251 267275 
 709.62  3180  5325 194033 
 709.66  3185  5399 225400 
 709.69  3190  5474 238470 
 709.73  3195  5549 206420 
 709.76  3200  5623 236540 
 709.8  3205  5698 254769 
 709.83  3210  5773 196540 
 709.87  3215  5848 183042 
 709.9  3220  5923 193909 
 709.94  3225  5998 154922 
 709.97  3230  6073 140460 
 710.01  3235  6149 147759 
 710.04  3240  6224 160328 
 710.08  3245  6300 151831 
 710.11  3250  6375 129639 
end
ufIntegration time is 0.2294 seconds per sampledt  4E-08 cy 4dh230619El Arenosillo 37.1 6.73 3.78pr1000dark 21.2 
 765.12  2900  1280 349 
 765.15  2905  1350 337 
 765.19  2910  1420 403 
 765.22  2915  1490 374 
 765.26  2920  1561 385 
 765.29  2925  1631 374 
 765.33  2930  1702 429 
 765.36  2935  1773 460 
 765.4  2940  1843 506 
 765.43  2945  1914 618 
 765.47  2950  1985 732 
 765.5  2955  2056 1001 
 765.54  2960  2127 1392 
 765.57  2965  2198 1483 
 765.61  2970  2269 1785 
 765.64  2975  2340 3352 
 765.68  2980  2411 3890 
 765.71  2985  2483 3611 
 765.75  2990  2554 6508 
 765.78  2995  2626 8427 
 765.82  3000  2697 8176 
 765.85  3005  2769 10584 
 765.89  3010  2841 15688 
 765.92  3015  2912 20353 
 765.96  3020  2984 16875 
 765.99  3025  3056 29036 
 766.03  3030  3128 43967 
 766.06  3035  3200 51617 
 766.1  3040  3273 48323 
 766.13  3045  3345 61953 
 766.17  3050  3417 79612 
 766.2  3055  3490 78898 
 766.24  3060  3562 76688 
 766.27  3065  3635 88230 
 766.31  3070  3707 114083 
 766.34  3075  3780 129188 
 766.38  3080  3853 133892 
 766.41  3085  3926 148062 
 766.45  3090  3998 125155 
 766.48  3095  4071 134841 
 766.52  3100  4145 129843 
 766.55  3105  4218 203806 
 766.59  3110  4291 238238 
 766.62  3115  4364 226033 
 766.66  3120  4438 207479 
 766.69  3125  4511 235110 
 766.73  3130  4585 241188 
 766.76  3135  4658 242672 
 766.8  3140  4732 271949 
 766.83  3145  4806 219549 
 766.87  3150  4880 278387 
 766.9  3155  4954 233851 
 766.94  3160  5028 192821 
 766.97  3165  5102 254154 
 767.01  3170  5176 300392 
 767.04  3175  5251 298506 
 767.08  3180  5325 216996 
 767.11  3185  5399 243566 
 767.15  3190  5474 261391 
 767.18  3195  5549 225141 
 767.22  3200  5623 257464 
 767.25  3205  5698 278462 
 767.29  3210  5773 216030 
 767.32  3215  5848 200285 
 767.36  3220  5923 216372 
 767.39  3225  5998 173403 
 767.43  3230  6073 155846 
 767.46  3235  6149 163927 
 767.5  3240  6224 175600 
 767.53  3245  6300 167621 
 767.57  3250  6375 143414 
end
ufIntegration time is 0.2294 seconds per sampledt  4E-08 cy 4dh230619El Arenosillo 37.1 6.73 3.78pr1000dark 22.8 
 822.91  2900  1280 306 
 822.94  2905  1350 290 
 822.98  2910  1420 333 
 823.01  2915  1490 327 
 823.05  2920  1561 331 
 823.08  2925  1631 335 
 823.12  2930  1702 396 
 823.15  2935  1773 394 
 823.19  2940  1843 428 
 823.22  2945  1914 474 
 823.26  2950  1985 578 
 823.29  2955  2056 801 
 823.33  2960  2127 1066 
 823.36  2965  2198 1145 
 823.4  2970  2269 1372 
 823.43  2975  2340 2462 
 823.47  2980  2411 2993 
 823.5  2985  2483 2807 
 823.54  2990  2554 5131 
 823.57  2995  2626 6639 
 823.61  3000  2697 6381 
 823.64  3005  2769 8362 
 823.68  3010  2841 12491 
 823.71  3015  2912 16291 
 823.75  3020  2984 13772 
 823.78  3025  3056 24066 
 823.82  3030  3128 36549 
 823.85  3035  3200 42998 
 823.89  3040  3273 40597 
 823.92  3045  3345 52046 
 823.96  3050  3417 66523 
 823.99  3055  3490 67596 
 824.03  3060  3562 64060 
 824.06  3065  3635 75167 
 824.1  3070  3707 98342 
 824.13  3075  3780 110950 
 824.17  3080  3853 114689 
 824.2  3085  3926 126623 
 824.24  3090  3998 108686 
 824.27  3095  4071 117297 
 824.31  3100  4145 114776 
 824.34  3105  4218 180715 
 824.38  3110  4291 213387 
 824.41  3115  4364 203832 
 824.45  3120  4438 188226 
 824.48  3125  4511 214288 
 824.52  3130  4585 221635 
 824.55  3135  4658 221124 
 824.59  3140  4732 250717 
 824.62  3145  4806 202446 
 824.66  3150  4880 256804 
 824.69  3155  4954 216935 
 824.73  3160  5028 178046 
 824.76  3165  5102 233556 
 824.8  3170  5176 277071 
 824.83  3175  5251 280186 
 824.87  3180  5325 203758 
 824.9  3185  5399 226928 
 824.94  3190  5474 244143 
 824.97  3195  5549 207483 
 825.01  3200  5623 237609 
 825.04  3205  5698 258635 
 825.08  3210  5773 204290 
 825.11  3215  5848 185989 
 825.15  3220  5923 201001 
 825.18  3225  5998 160967 
 825.22  3230  6073 147031 
 825.25  3235  6149 152664 
 825.29  3240  6224 162632 
 825.32  3245  6300 154271 
 825.36  3250  6375 131318 
end
ufIntegration time is 0.2294 seconds per sampledt  4E-08 cy 4dh230619El Arenosillo 37.1 6.73 3.52pr1000dark 11.2 
 1000.68  2900  1280 74 
 1000.72  2905  1350 69 
 1000.75  2910  1420 78 
 1000.79  2915  1490 78 
 1000.82  2920  1561 69 
 1000.86  2925  1631 79 
 1000.89  2930  1702 78 
 1000.93  2935  1773 75 
 1000.96  2940  1843 81 
 1001  2945  1914 82 
 1001.03  2950  1985 84 
 1001.07  2955  2056 91 
 1001.1  2960  2127 99 
 1001.14  2965  2198 100 
 1001.17  2970  2269 106 
 1001.21  2975  2340 145 
 1001.24  2980  2411 162 
 1001.28  2985  2483 173 
 1001.31  2990  2554 242 
 1001.35  2995  2626 331 
 1001.38  3000  2697 352 
 1001.42  3005  2769 450 
 1001.45  3010  2841 745 
 1001.49  3015  2912 1059 
 1001.52  3020  2984 1000 
 1001.56  3025  3056 1840 
 1001.59  3030  3128 3015 
 1001.63  3035  3200 3754 
 1001.66  3040  3273 3760 
 1001.7  3045  3345 5314 
 1001.73  3050  3417 7679 
 1001.77  3055  3490 8109 
 1001.8  3060  3562 8046 
 1001.84  3065  3635 9734 
 1001.87  3070  3707 14018 
 1001.91  3075  3780 17020 
 1001.94  3080  3853 18183 
 1001.98  3085  3926 20810 
 1002.01  3090  3998 18299 
 1002.05  3095  4071 21510 
 1002.08  3100  4145 21633 
 1002.12  3105  4218 34910 
 1002.15  3110  4291 41537 
 1002.19  3115  4364 40648 
 1002.22  3120  4438 39536 
 1002.26  3125  4511 46391 
 1002.29  3130  4585 48763 
 1002.33  3135  4658 48594 
 1002.36  3140  4732 57076 
 1002.4  3145  4806 48874 
 1002.43  3150  4880 62296 
 1002.46  3155  4954 51438 
 1002.5  3160  5028 44505 
 1002.54  3165  5102 60275 
 1002.57  3170  5176 71687 
 1002.6  3175  5251 71045 
 1002.64  3180  5325 52687 
 1002.67  3185  5399 62216 
 1002.71  3190  5474 67075 
 1002.75  3195  5549 56457 
 1002.78  3200  5623 64595 
 1002.81  3205  5698 72477 
 1002.85  3210  5773 58770 
 1002.88  3215  5848 54117 
 1002.92  3220  5923 56319 
 1002.95  3225  5998 44709 
 1002.99  3230  6073 42254 
 1003.02  3235  6149 45262 
 1003.06  3240  6224 49098 
 1003.09  3245  6300 45918 
 1003.13  3250  6375 38710 
end
ufIntegration time is 0.2294 seconds per sampledt  4E-08 cy 4dh230619El Arenosillo 37.1 6.73 3.25pr1000dark 5.2 
 1164.87  2900  1280 8 
 1164.9  2905  1350 6 
 1164.94  2910  1420 7 
 1164.97  2915  1490 7 
 1165.01  2920  1561 7 
 1165.04  2925  1631 7 
 1165.08  2930  1702 10 
 1165.11  2935  1773 7 
 1165.15  2940  1843 9 
 1165.18  2945  1914 7 
 1165.22  2950  1985 5 
 1165.25  2955  2056 8 
 1165.29  2960  2127 9 
 1165.32  2965  2198 9 
 1165.36  2970  2269 6 
 1165.39  2975  2340 8 
 1165.43  2980  2411 7 
 1165.46  2985  2483 8 
 1165.5  2990  2554 9 
 1165.53  2995  2626 11 
 1165.57  3000  2697 12 
 1165.6  3005  2769 12 
 1165.64  3010  2841 11 
 1165.67  3015  2912 11 
 1165.71  3020  2984 13 
 1165.74  3025  3056 22 
 1165.78  3030  3128 33 
 1165.81  3035  3200 29 
 1165.85  3040  3273 31 
 1165.88  3045  3345 43 
 1165.92  3050  3417 57 
 1165.95  3055  3490 61 
 1165.99  3060  3562 52 
 1166.02  3065  3635 68 
 1166.06  3070  3707 99 
 1166.09  3075  3780 134 
 1166.13  3080  3853 128 
 1166.16  3085  3926 144 
 1166.2  3090  3998 134 
 1166.23  3095  4071 170 
 1166.27  3100  4145 161 
 1166.3  3105  4218 278 
 1166.34  3110  4291 347 
 1166.37  3115  4364 368 
 1166.41  3120  4438 389 
 1166.44  3125  4511 528 
 1166.48  3130  4585 516 
 1166.51  3135  4658 514 
 1166.55  3140  4732 675 
 1166.58  3145  4806 713 
 1166.62  3150  4880 925 
 1166.65  3155  4954 723 
 1166.68  3160  5028 747 
 1166.72  3165  5102 1210 
 1166.76  3170  5176 1406 
 1166.79  3175  5251 1372 
 1166.82  3180  5325 1161 
 1166.86  3185  5399 1766 
 1166.89  3190  5474 2079 
 1166.93  3195  5549 1530 
 1166.96  3200  5623 1717 
 1167  3205  5698 2442 
 1167.03  3210  5773 2458 
 1167.07  3215  5848 2343 
 1167.1  3220  5923 1991 
 1167.14  3225  5998 1587 
 1167.17  3230  6073 1836 
 1167.21  3235  6149 2524 
 1167.24  3240  6224 2777 
 1167.28  3245  6300 2371 
 1167.31  3250  6375 1734 
end
