ufIntegration time is 0.2294 seconds per sampledt  4.1E-08 cy 4dh220619Arenosillo 37.1 6.73 2.92pr1000dark 1 
 302.29  2900  1261 4 
 302.32  2905  1333 3 
 302.36  2910  1405 4 
 302.39  2915  1477 1 
 302.43  2920  1549 3 
 302.47  2925  1621 4 
 302.5  2930  1693 3 
 302.53  2935  1765 2 
 302.57  2940  1837 4 
 302.6  2945  1909 2 
 302.64  2950  1981 2 
 302.67  2955  2054 4 
 302.71  2960  2126 4 
 302.74  2965  2199 3 
 302.78  2970  2271 4 
 302.81  2975  2344 3 
 302.85  2980  2416 3 
 302.88  2985  2489 4 
 302.92  2990  2562 3 
 302.95  2995  2635 4 
 302.99  3000  2708 3 
 303.02  3005  2781 5 
 303.06  3010  2854 9 
 303.09  3015  2927 9 
 303.13  3020  3000 12 
 303.16  3025  3073 16 
 303.2  3030  3147 20 
 303.23  3035  3220 25 
 303.27  3040  3294 24 
 303.3  3045  3367 30 
 303.34  3050  3441 42 
 303.37  3055  3514 51 
 303.41  3060  3588 45 
 303.44  3065  3662 52 
 303.48  3070  3736 74 
 303.51  3075  3810 97 
 303.55  3080  3884 114 
 303.58  3085  3958 101 
 303.62  3090  4032 106 
 303.65  3095  4106 126 
 303.69  3100  4181 133 
 303.72  3105  4255 171 
 303.76  3110  4329 229 
 303.79  3115  4404 195 
 303.83  3120  4479 202 
 303.86  3125  4553 255 
 303.9  3130  4628 274 
 303.93  3135  4703 263 
 303.97  3140  4778 308 
 304  3145  4853 299 
 304.04  3150  4928 353 
 304.07  3155  5003 286 
 304.11  3160  5078 266 
 304.14  3165  5153 398 
 304.18  3170  5228 429 
 304.21  3175  5304 407 
 304.25  3180  5379 330 
 304.28  3185  5455 469 
 304.32  3190  5530 526 
 304.35  3195  5606 382 
 304.39  3200  5682 462 
 304.42  3205  5758 561 
 304.46  3210  5834 554 
 304.49  3215  5910 521 
 304.53  3220  5986 421 
 304.56  3225  6062 325 
 304.6  3230  6138 406 
 304.63  3235  6214 545 
 304.66  3240  6291 587 
 304.7  3245  6367 493 
 304.74  3250  6444 353 
end
ufIntegration time is 0.2294 seconds per sampledt  4.1E-08 cy 4dh220619Arenosillo 37.1 6.73 3.56pr1000dark 2.6 
 579.78  2900  1261 2013 
 579.82  2905  1333 2016 
 579.85  2910  1405 2046 
 579.89  2915  1477 2055 
 579.92  2920  1549 2087 
 579.95  2925  1621 2159 
 579.99  2930  1693 2183 
 580.03  2935  1765 2226 
 580.06  2940  1837 2247 
 580.1  2945  1909 2345 
 580.13  2950  1981 2379 
 580.16  2955  2054 2721 
 580.2  2960  2126 3092 
 580.24  2965  2199 3155 
 580.27  2970  2271 3538 
 580.3  2975  2344 5212 
 580.34  2980  2416 5787 
 580.37  2985  2489 6048 
 580.41  2990  2562 9499 
 580.44  2995  2635 12250 
 580.48  3000  2708 12193 
 580.51  3005  2781 15816 
 580.55  3010  2854 24013 
 580.58  3015  2927 30174 
 580.62  3020  3000 26998 
 580.65  3025  3073 46999 
 580.69  3030  3147 71956 
 580.72  3035  3220 81605 
 580.76  3040  3294 78368 
 580.79  3045  3367 100405 
 580.83  3050  3441 132972 
 580.86  3055  3514 132390 
 580.9  3060  3588 129398 
 580.93  3065  3662 147687 
 580.97  3070  3736 195025 
 581  3075  3810 221384 
 581.04  3080  3884 227410 
 581.07  3085  3958 247941 
 581.11  3090  4032 210611 
 581.14  3095  4106 228896 
 581.18  3100  4181 224533 
 581.21  3105  4255 346509 
 581.25  3110  4329 392832 
 581.28  3115  4404 367977 
 581.32  3120  4479 344052 
 581.35  3125  4553 384774 
 581.39  3130  4628 389086 
 581.42  3135  4703 388430 
 581.46  3140  4778 423393 
 581.49  3145  4853 357880 
 581.53  3150  4928 434019 
 581.56  3155  5003 357362 
 581.6  3160  5078 301295 
 581.63  3165  5153 389281 
 581.67  3170  5228 450107 
 581.7  3175  5304 436044 
 581.74  3180  5379 319888 
 581.77  3185  5455 367373 
 581.81  3190  5530 374327 
 581.84  3195  5606 321691 
 581.88  3200  5682 361525 
 581.91  3205  5758 385204 
 581.95  3210  5834 299553 
 581.98  3215  5910 277174 
 582.02  3220  5986 286812 
 582.05  3225  6062 224788 
 582.09  3230  6138 206072 
 582.12  3235  6214 213962 
 582.16  3240  6291 224880 
 582.19  3245  6367 209708 
 582.23  3250  6444 176887 
end
ufIntegration time is 0.2294 seconds per sampledt  4.1E-08 cy 4dh220619Arenosillo 37.1 6.73 3.58pr1000dark 7 
 593.94  2900  1261 2072 
 593.98  2905  1333 2031 
 594.01  2910  1405 2111 
 594.05  2915  1477 2161 
 594.08  2920  1549 2201 
 594.12  2925  1621 2216 
 594.15  2930  1693 2267 
 594.19  2935  1765 2292 
 594.22  2940  1837 2389 
 594.26  2945  1909 2427 
 594.29  2950  1981 2633 
 594.33  2955  2054 2918 
 594.36  2960  2126 3447 
 594.4  2965  2199 3546 
 594.43  2970  2271 3997 
 594.47  2975  2344 6014 
 594.5  2980  2416 6671 
 594.54  2985  2489 6827 
 594.57  2990  2562 10971 
 594.61  2995  2635 14175 
 594.64  3000  2708 13992 
 594.68  3005  2781 18171 
 594.71  3010  2854 27265 
 594.75  3015  2927 34296 
 594.78  3020  3000 30472 
 594.82  3025  3073 53081 
 594.85  3030  3147 80350 
 594.89  3035  3220 91495 
 594.92  3040  3294 87172 
 594.96  3045  3367 111108 
 594.99  3050  3441 146536 
 595.03  3055  3514 142772 
 595.06  3060  3588 140923 
 595.1  3065  3662 160217 
 595.13  3070  3736 210514 
 595.17  3075  3810 237162 
 595.2  3080  3884 242509 
 595.24  3085  3958 264452 
 595.27  3090  4032 223048 
 595.31  3095  4106 242443 
 595.34  3100  4181 238781 
 595.38  3105  4255 369051 
 595.41  3110  4329 415172 
 595.45  3115  4404 388809 
 595.48  3120  4479 364144 
 595.52  3125  4553 407967 
 595.55  3130  4628 410414 
 595.59  3135  4703 414287 
 595.62  3140  4778 443700 
 595.66  3145  4853 379329 
 595.69  3150  4928 454930 
 595.72  3155  5003 369367 
 595.76  3160  5078 316649 
 595.8  3165  5153 407866 
 595.83  3170  5228 469905 
 595.87  3175  5304 450462 
 595.9  3180  5379 331826 
 595.93  3185  5455 385573 
 595.97  3190  5530 391197 
 596.01  3195  5606 337707 
 596.04  3200  5682 379816 
 596.07  3205  5758 403947 
 596.11  3210  5834 313952 
 596.15  3215  5910 291980 
 596.18  3220  5986 301165 
 596.21  3225  6062 235884 
 596.25  3230  6138 216812 
 596.28  3235  6214 224314 
 596.32  3240  6291 235540 
 596.35  3245  6367 219008 
 596.39  3250  6444 186105 
end
ufIntegration time is 0.2294 seconds per sampledt  4.1E-08 cy 4dh220619Arenosillo 37.1 6.73 3.64pr1000dark 12.4 
 651.1  2900  1261 2614 
 651.13  2905  1333 2661 
 651.17  2910  1405 2720 
 651.2  2915  1477 2740 
 651.24  2920  1549 2836 
 651.27  2925  1621 2789 
 651.31  2930  1693 2947 
 651.34  2935  1765 3060 
 651.38  2940  1837 3167 
 651.41  2945  1909 3392 
 651.45  2950  1981 3718 
 651.48  2955  2054 4411 
 651.52  2960  2126 5383 
 651.55  2965  2199 5726 
 651.59  2970  2271 6506 
 651.62  2975  2344 10514 
 651.65  2980  2416 11762 
 651.69  2985  2489 11560 
 651.73  2990  2562 19140 
 651.76  2995  2635 24207 
 651.79  3000  2708 23589 
 651.83  3005  2781 30121 
 651.86  3010  2854 44245 
 651.9  3015  2927 55384 
 651.93  3020  3000 48097 
 651.97  3025  3073 81024 
 652  3030  3147 121133 
 652.04  3035  3220 137283 
 652.07  3040  3294 129290 
 652.11  3045  3367 161910 
 652.14  3050  3441 209411 
 652.18  3055  3514 202871 
 652.21  3060  3588 198090 
 652.25  3065  3662 223342 
 652.28  3070  3736 286429 
 652.32  3075  3810 318171 
 652.35  3080  3884 325309 
 652.39  3085  3958 352127 
 652.42  3090  4032 296130 
 652.46  3095  4106 315268 
 652.49  3100  4181 307992 
 652.53  3105  4255 467573 
 652.56  3110  4329 525361 
 652.6  3115  4404 489884 
 652.63  3120  4479 452452 
 652.67  3125  4553 500605 
 652.7  3130  4628 504234 
 652.74  3135  4703 504889 
 652.77  3140  4778 542963 
 652.81  3145  4853 455986 
 652.84  3150  4928 548682 
 652.88  3155  5003 455425 
 652.91  3160  5078 381412 
 652.95  3165  5153 488343 
 652.98  3170  5228 562443 
 653.02  3175  5304 544119 
 653.05  3180  5379 398222 
 653.09  3185  5455 456819 
 653.12  3190  5530 461326 
 653.16  3195  5606 399430 
 653.19  3200  5682 447551 
 653.23  3205  5758 472942 
 653.26  3210  5834 366073 
 653.3  3215  5910 338250 
 653.33  3220  5986 352384 
 653.37  3225  6062 277429 
 653.4  3230  6138 252469 
 653.44  3235  6214 260869 
 653.47  3240  6291 273838 
 653.51  3245  6367 256516 
 653.54  3250  6444 217670 
end
ufIntegration time is 0.2294 seconds per sampledt  4.1E-08 cy 4dh220619Arenosillo 37.1 6.73 3.66pr1000dark 5.8 
 707.65  2900  1261 3061 
 707.69  2905  1333 2980 
 707.72  2910  1405 3114 
 707.76  2915  1477 3216 
 707.79  2920  1549 3230 
 707.83  2925  1621 3323 
 707.86  2930  1693 3441 
 707.9  2935  1765 3591 
 707.93  2940  1837 3817 
 707.97  2945  1909 4088 
 708  2950  1981 4576 
 708.04  2955  2054 5672 
 708.07  2960  2126 7095 
 708.11  2965  2199 7434 
 708.14  2970  2271 8606 
 708.18  2975  2344 14438 
 708.21  2980  2416 15975 
 708.25  2985  2489 15803 
 708.28  2990  2562 26164 
 708.32  2995  2635 32447 
 708.35  3000  2708 31286 
 708.39  3005  2781 39217 
 708.42  3010  2854 57465 
 708.46  3015  2927 70915 
 708.49  3020  3000 61020 
 708.53  3025  3073 103016 
 708.56  3030  3147 151281 
 708.6  3035  3220 170344 
 708.63  3040  3294 159639 
 708.67  3045  3367 199152 
 708.7  3050  3441 253552 
 708.74  3055  3514 243306 
 708.77  3060  3588 238053 
 708.81  3065  3662 266058 
 708.84  3070  3736 339357 
 708.88  3075  3810 373217 
 708.91  3080  3884 380752 
 708.95  3085  3958 408779 
 708.98  3090  4032 344944 
 709.02  3095  4106 363123 
 709.05  3100  4181 353462 
 709.09  3105  4255 532769 
 709.12  3110  4329 597287 
 709.16  3115  4404 557817 
 709.19  3120  4479 512279 
 709.23  3125  4553 566377 
 709.26  3130  4628 567940 
 709.3  3135  4703 568189 
 709.33  3140  4778 609339 
 709.37  3145  4853 510193 
 709.4  3150  4928 611963 
 709.44  3155  5003 511484 
 709.47  3160  5078 425220 
 709.5  3165  5153 541433 
 709.54  3170  5228 623244 
 709.57  3175  5304 609032 
 709.61  3180  5379 446543 
 709.65  3185  5455 501282 
 709.68  3190  5530 511552 
 709.71  3195  5606 443139 
 709.75  3200  5682 496054 
 709.79  3205  5758 522976 
 709.82  3210  5834 405127 
 709.85  3215  5910 374859 
 709.89  3220  5986 392826 
 709.92  3225  6062 309744 
 709.96  3230  6138 279279 
 709.99  3235  6214 288090 
 710.03  3240  6291 301790 
 710.06  3245  6367 284409 
 710.1  3250  6444 241069 
end
ufIntegration time is 0.2294 seconds per sampledt  4.1E-08 cy 4dh220619Arenosillo 37.1 6.73 3.62pr1000dark 3.6 
 890.17  2900  1261 2208 
 890.21  2905  1333 2261 
 890.24  2910  1405 2270 
 890.28  2915  1477 2308 
 890.31  2920  1549 2401 
 890.35  2925  1621 2372 
 890.38  2930  1693 2402 
 890.42  2935  1765 2492 
 890.45  2940  1837 2659 
 890.49  2945  1909 2671 
 890.52  2950  1981 2861 
 890.56  2955  2054 3198 
 890.59  2960  2126 3733 
 890.63  2965  2199 3954 
 890.66  2970  2271 4442 
 890.7  2975  2344 6730 
 890.73  2980  2416 7700 
 890.77  2985  2489 7659 
 890.8  2990  2562 12389 
 890.84  2995  2635 15938 
 890.87  3000  2708 15758 
 890.91  3005  2781 20049 
 890.94  3010  2854 29938 
 890.98  3015  2927 38355 
 891.01  3020  3000 33609 
 891.05  3025  3073 57745 
 891.08  3030  3147 87495 
 891.12  3035  3220 100571 
 891.15  3040  3294 95529 
 891.19  3045  3367 121471 
 891.22  3050  3441 159238 
 891.26  3055  3514 156392 
 891.29  3060  3588 153001 
 891.33  3065  3662 173818 
 891.36  3070  3736 226853 
 891.4  3075  3810 255426 
 891.43  3080  3884 261846 
 891.47  3085  3958 284373 
 891.5  3090  4032 241890 
 891.54  3095  4106 258902 
 891.57  3100  4181 254283 
 891.61  3105  4255 388590 
 891.64  3110  4329 441789 
 891.68  3115  4404 414109 
 891.71  3120  4479 383938 
 891.75  3125  4553 428521 
 891.78  3130  4628 432821 
 891.82  3135  4703 430807 
 891.85  3140  4778 470021 
 891.89  3145  4853 394239 
 891.92  3150  4928 476612 
 891.96  3155  5003 394289 
 891.99  3160  5078 330113 
 892.03  3165  5153 424892 
 892.06  3170  5228 490988 
 892.1  3175  5304 479387 
 892.13  3180  5379 350922 
 892.17  3185  5455 398467 
 892.2  3190  5530 408900 
 892.24  3195  5606 350547 
 892.27  3200  5682 392647 
 892.31  3205  5758 418905 
 892.34  3210  5834 326698 
 892.37  3215  5910 299998 
 892.41  3220  5986 311376 
 892.45  3225  6062 245373 
 892.48  3230  6138 222394 
 892.52  3235  6214 231549 
 892.55  3240  6291 243011 
 892.58  3245  6367 227529 
 892.62  3250  6444 192055 
end
ufIntegration time is 0.2294 seconds per sampledt  4.1E-08 cy 4dh220619Arenosillo 37.1 6.73 3.58pr1000dark 2.4 
 1027.1  2900  1261 734 
 1027.13  2905  1333 750 
 1027.17  2910  1405 767 
 1027.2  2915  1477 751 
 1027.24  2920  1549 795 
 1027.27  2925  1621 789 
 1027.31  2930  1693 801 
 1027.34  2935  1765 802 
 1027.38  2940  1837 821 
 1027.41  2945  1909 807 
 1027.45  2950  1981 849 
 1027.48  2955  2054 853 
 1027.52  2960  2126 866 
 1027.55  2965  2199 873 
 1027.59  2970  2271 881 
 1027.62  2975  2344 934 
 1027.66  2980  2416 1005 
 1027.69  2985  2489 1018 
 1027.73  2990  2562 1165 
 1027.76  2995  2635 1399 
 1027.8  3000  2708 1430 
 1027.83  3005  2781 1757 
 1027.87  3010  2854 2501 
 1027.9  3015  2927 3172 
 1027.94  3020  3000 3164 
 1027.97  3025  3073 5443 
 1028.01  3030  3147 8872 
 1028.04  3035  3220 10925 
 1028.08  3040  3294 11047 
 1028.11  3045  3367 15108 
 1028.15  3050  3441 22364 
 1028.18  3055  3514 23558 
 1028.22  3060  3588 23946 
 1028.25  3065  3662 28734 
 1028.29  3070  3736 41852 
 1028.32  3075  3810 50844 
 1028.36  3080  3884 53666 
 1028.39  3085  3958 60302 
 1028.43  3090  4032 53405 
 1028.46  3095  4106 62950 
 1028.5  3100  4181 63943 
 1028.53  3105  4255 101426 
 1028.57  3110  4329 119716 
 1028.6  3115  4404 115474 
 1028.64  3120  4479 113353 
 1028.67  3125  4553 132654 
 1028.71  3130  4628 136967 
 1028.74  3135  4703 135611 
 1028.77  3140  4778 154506 
 1028.81  3145  4853 136993 
 1028.85  3150  4928 168286 
 1028.88  3155  5003 136099 
 1028.92  3160  5078 118817 
 1028.95  3165  5153 159728 
 1028.98  3170  5228 185231 
 1029.02  3175  5304 179229 
 1029.06  3180  5379 133038 
 1029.09  3185  5455 159596 
 1029.12  3190  5530 166443 
 1029.16  3195  5606 138011 
 1029.2  3200  5682 155673 
 1029.23  3205  5758 172485 
 1029.26  3210  5834 138176 
 1029.3  3215  5910 127055 
 1029.33  3220  5986 128082 
 1029.37  3225  6062 100480 
 1029.4  3230  6138 93852 
 1029.44  3235  6214 100946 
 1029.47  3240  6291 106790 
 1029.51  3245  6367 98479 
 1029.54  3250  6444 81396 
end
ufIntegration time is 0.2294 seconds per sampledt  4.1E-08 cy 4dh220619Arenosillo 37.1 6.73 3.31pr1000dark 1.6 
 1167.67  2900  1261 17 
 1167.71  2905  1333 20 
 1167.74  2910  1405 19 
 1167.78  2915  1477 17 
 1167.81  2920  1549 20 
 1167.85  2925  1621 21 
 1167.88  2930  1693 23 
 1167.92  2935  1765 21 
 1167.95  2940  1837 21 
 1167.99  2945  1909 19 
 1168.02  2950  1981 22 
 1168.06  2955  2054 21 
 1168.09  2960  2126 21 
 1168.13  2965  2199 25 
 1168.16  2970  2271 21 
 1168.19  2975  2344 24 
 1168.23  2980  2416 24 
 1168.26  2985  2489 27 
 1168.3  2990  2562 28 
 1168.33  2995  2635 32 
 1168.37  3000  2708 32 
 1168.4  3005  2781 30 
 1168.44  3010  2854 41 
 1168.47  3015  2927 47 
 1168.51  3020  3000 45 
 1168.54  3025  3073 59 
 1168.58  3030  3147 90 
 1168.61  3035  3220 104 
 1168.65  3040  3294 91 
 1168.68  3045  3367 134 
 1168.72  3050  3441 173 
 1168.75  3055  3514 161 
 1168.79  3060  3588 165 
 1168.82  3065  3662 203 
 1168.86  3070  3736 278 
 1168.89  3075  3810 336 
 1168.93  3080  3884 362 
 1168.96  3085  3958 400 
 1169  3090  4032 382 
 1169.03  3095  4106 433 
 1169.07  3100  4181 452 
 1169.1  3105  4255 718 
 1169.14  3110  4329 879 
 1169.17  3115  4404 873 
 1169.21  3120  4479 895 
 1169.24  3125  4553 1138 
 1169.28  3130  4628 1197 
 1169.31  3135  4703 1170 
 1169.35  3140  4778 1437 
 1169.38  3145  4853 1505 
 1169.42  3150  4928 1899 
 1169.45  3155  5003 1466 
 1169.49  3160  5078 1501 
 1169.52  3165  5153 2287 
 1169.56  3170  5228 2667 
 1169.59  3175  5304 2494 
 1169.63  3180  5379 2096 
 1169.66  3185  5455 3231 
 1169.7  3190  5530 3627 
 1169.73  3195  5606 2578 
 1169.77  3200  5682 2892 
 1169.8  3205  5758 4133 
 1169.84  3210  5834 4061 
 1169.87  3215  5910 3793 
 1169.91  3220  5986 3162 
 1169.94  3225  6062 2381 
 1169.98  3230  6138 2801 
 1170.01  3235  6214 3947 
 1170.05  3240  6291 4292 
 1170.08  3245  6367 3413 
 1170.12  3250  6444 2477 
end
