ufIntegration time is 0.2294 seconds per sampledt  4.1E-08 cy 4dh240619Arenosillo 37.1 6.73 3.01pr1000dark .8 
 302.27  2900  1261 3 
 302.3  2905  1333 2 
 302.34  2910  1405 2 
 302.37  2915  1477 3 
 302.41  2920  1549 3 
 302.44  2925  1621 3 
 302.48  2930  1693 3 
 302.51  2935  1765 1 
 302.55  2940  1837 2 
 302.58  2945  1909 1 
 302.62  2950  1981 3 
 302.65  2955  2054 2 
 302.69  2960  2126 2 
 302.72  2965  2199 5 
 302.76  2970  2271 2 
 302.79  2975  2344 2 
 302.83  2980  2416 3 
 302.86  2985  2489 3 
 302.9  2990  2562 5 
 302.93  2995  2635 7 
 302.97  3000  2708 3 
 303  3005  2781 7 
 303.04  3010  2854 7 
 303.07  3015  2927 8 
 303.11  3020  3000 7 
 303.14  3025  3073 11 
 303.18  3030  3147 21 
 303.21  3035  3220 19 
 303.25  3040  3294 20 
 303.28  3045  3367 24 
 303.32  3050  3441 34 
 303.35  3055  3514 38 
 303.39  3060  3588 39 
 303.42  3065  3662 46 
 303.46  3070  3736 64 
 303.49  3075  3810 68 
 303.53  3080  3884 68 
 303.56  3085  3958 83 
 303.6  3090  4032 71 
 303.63  3095  4106 112 
 303.67  3100  4181 104 
 303.7  3105  4255 140 
 303.74  3110  4329 169 
 303.77  3115  4404 169 
 303.81  3120  4479 176 
 303.84  3125  4553 197 
 303.87  3130  4628 221 
 303.91  3135  4703 202 
 303.94  3140  4778 231 
 303.98  3145  4853 254 
 304.01  3150  4928 288 
 304.05  3155  5003 246 
 304.08  3160  5078 220 
 304.12  3165  5153 324 
 304.15  3170  5228 381 
 304.19  3175  5304 343 
 304.22  3180  5379 279 
 304.26  3185  5455 374 
 304.29  3190  5530 413 
 304.33  3195  5606 305 
 304.36  3200  5682 327 
 304.4  3205  5758 461 
 304.43  3210  5834 446 
 304.47  3215  5910 399 
 304.5  3220  5986 360 
 304.54  3225  6062 315 
 304.57  3230  6138 314 
 304.61  3235  6214 440 
 304.64  3240  6291 468 
 304.68  3245  6367 371 
 304.71  3250  6444 276 
end
uaIntegration time is 0.2294 seconds per sampledt  4.1E-08 cy 1dh240619Arenosillo 37.1 6.73 3.41pr1000dark .3 
 480.02  2900  1261 214 
 480.07  2905  1333 224 
 480.12  2910  1405 226.75 
 480.17  2915  1477 237.75 
 480.22  2920  1549 243.5 
 480.27  2925  1621 242.75 
 480.32  2930  1693 236 
 480.37  2935  1765 251.5 
 480.42  2940  1837 257.5 
 480.47  2945  1909 256.75 
 480.52  2950  1981 250.75 
 480.57  2955  2054 264 
 480.62  2960  2126 271.5 
 480.67  2965  2199 281.5 
 480.72  2970  2271 279.5 
 480.77  2975  2344 311.25 
 480.82  2980  2416 351.5 
 480.87  2985  2489 359.5 
 480.92  2990  2562 452.75 
 480.97  2995  2635 562.75 
 481.02  3000  2708 590.75 
 481.07  3005  2781 728.75 
 481.12  3010  2854 1115.75 
 481.17  3015  2927 1450 
 481.22  3020  3000 1419.5 
 481.27  3025  3073 2464 
 481.32  3030  3147 3996.25 
 481.37  3035  3220 4835.25 
 481.42  3040  3294 4802.25 
 481.47  3045  3367 6441.75 
 481.52  3050  3441 9359.25 
 481.57  3055  3514 9642.25 
 481.62  3060  3588 9818 
 481.67  3065  3662 11509 
 481.72  3070  3736 16315.75 
 481.77  3075  3810 19397 
 481.82  3080  3884 20280.5 
 481.87  3085  3958 22725.5 
 481.92  3090  4032 19790.5 
 481.97  3095  4106 22684.25 
 482.02  3100  4181 22985.75 
 482.07  3105  4255 35960.75 
 482.12  3110  4329 41490 
 482.17  3115  4404 38500.75 
 482.22  3120  4479 36457.5 
 482.27  3125  4553 41312.5 
 482.32  3130  4628 41973.25 
 482.37  3135  4703 42244 
 482.42  3140  4778 49346.5 
 482.47  3145  4853 44152 
 482.52  3150  4928 54675.25 
 482.57  3155  5003 44653.75 
 482.62  3160  5078 38467.25 
 482.67  3165  5153 50906 
 482.72  3170  5228 58925.75 
 482.77  3175  5304 56407.25 
 482.82  3180  5379 41303.25 
 482.87  3185  5455 49077 
 482.92  3190  5530 50191.75 
 482.97  3195  5606 41870.5 
 483.02  3200  5682 46928.75 
 483.07  3205  5758 51353.75 
 483.12  3210  5834 40711 
 483.17  3215  5910 37570.5 
 483.22  3220  5986 38063.5 
 483.27  3225  6062 30155.75 
 483.32  3230  6138 28138.75 
 483.37  3235  6214 29473.75 
 483.42  3240  6291 30233.75 
 483.47  3245  6367 27644 
 483.52  3250  6444 23377.75 
end
uaIntegration time is 0.2294 seconds per sampledt  4.1E-08 cy 1dh240619Arenosillo 37.1 6.73 3.49pr1000dark .55 
 510.02  2900  1261 306.25 
 510.07  2905  1333 309.25 
 510.12  2910  1405 317 
 510.17  2915  1477 321.75 
 510.22  2920  1549 314 
 510.27  2925  1621 322.5 
 510.32  2930  1693 332.5 
 510.37  2935  1765 339 
 510.42  2940  1837 335.5 
 510.47  2945  1909 349.25 
 510.52  2950  1981 354.25 
 510.57  2955  2054 373 
 510.62  2960  2126 394.75 
 510.67  2965  2199 398 
 510.72  2970  2271 420 
 510.77  2975  2344 535 
 510.82  2980  2416 583.25 
 510.87  2985  2489 600.5 
 510.92  2990  2562 876.5 
 510.97  2995  2635 1119.75 
 511.02  3000  2708 1144.75 
 511.07  3005  2781 1496.75 
 511.12  3010  2854 2282.75 
 511.17  3015  2927 2960.5 
 511.22  3020  3000 2769 
 511.27  3025  3073 4788.5 
 511.32  3030  3147 7576.25 
 511.37  3035  3220 8963 
 511.42  3040  3294 8716 
 511.47  3045  3367 11569.25 
 511.52  3050  3441 16116.5 
 511.57  3055  3514 16062.5 
 511.62  3060  3588 16075.75 
 511.67  3065  3662 18706.25 
 511.72  3070  3736 25606.25 
 511.77  3075  3810 29816.75 
 511.82  3080  3884 30827.25 
 511.87  3085  3958 33885 
 511.92  3090  4032 29424 
 511.97  3095  4106 32753 
 512.0201  3100  4181 32767.5 
 512.07  3105  4255 50895.5 
 512.12  3110  4329 58865.75 
 512.17  3115  4404 55694.5 
 512.22  3120  4479 52867.5 
 512.2701  3125  4553 60271.25 
 512.32  3130  4628 61305.25 
 512.37  3135  4703 61082.75 
 512.42  3140  4778 67623.75 
 512.47  3145  4853 58138 
 512.5201  3150  4928 70603.75 
 512.57  3155  5003 57787.75 
 512.62  3160  5078 49331.25 
 512.67  3165  5153 64399.25 
 512.72  3170  5228 74855.5 
 512.7701  3175  5304 72295.25 
 512.82  3180  5379 53149.5 
 512.87  3185  5455 62268 
 512.92  3190  5530 63938.25 
 512.97  3195  5606 54189.5 
 513.0201  3200  5682 60621.25 
 513.07  3205  5758 65803 
 513.12  3210  5834 51709.25 
 513.17  3215  5910 47451 
 513.22  3220  5986 48831.75 
 513.2701  3225  6062 38100.25 
 513.32  3230  6138 35025.25 
 513.37  3235  6214 36857.75 
 513.42  3240  6291 38643.75 
 513.47  3245  6367 35955.75 
 513.5201  3250  6444 30140.75 
end
uaIntegration time is 0.2294 seconds per sampledt  4.1E-08 cy 1dh240619Arenosillo 37.1 6.73 3.58pr1000dark .55 
 540.02  2900  1261 391.25 
 540.07  2905  1333 408.25 
 540.12  2910  1405 417.75 
 540.17  2915  1477 405.25 
 540.22  2920  1549 416.5 
 540.27  2925  1621 392.25 
 540.32  2930  1693 406 
 540.37  2935  1765 407 
 540.42  2940  1837 406.5 
 540.47  2945  1909 423.25 
 540.52  2950  1981 419.5 
 540.57  2955  2054 461.25 
 540.62  2960  2126 516.75 
 540.67  2965  2199 524.25 
 540.72  2970  2271 563.5 
 540.77  2975  2344 768.25 
 540.82  2980  2416 863.5 
 540.87  2985  2489 929.25 
 540.92  2990  2562 1481 
 540.97  2995  2635 1908.75 
 541.02  3000  2708 1889.25 
 541.07  3005  2781 2448.75 
 541.12  3010  2854 3748.75 
 541.17  3015  2927 4570.75 
 541.22  3020  3000 4229 
 541.27  3025  3073 7569.75 
 541.32  3030  3147 11595.25 
 541.37  3035  3220 13671 
 541.42  3040  3294 13832.75 
 541.47  3045  3367 17206 
 541.52  3050  3441 24098.25 
 541.57  3055  3514 23927.75 
 541.62  3060  3588 24100.75 
 541.67  3065  3662 27591 
 541.72  3070  3736 36946.75 
 541.77  3075  3810 41506 
 541.82  3080  3884 42015.75 
 541.87  3085  3958 45828.5 
 541.92  3090  4032 40156.25 
 541.97  3095  4106 44281.5 
 542.02  3100  4181 43462 
 542.07  3105  4255 67902.5 
 542.12  3110  4329 77972 
 542.17  3115  4404 73463 
 542.22  3120  4479 68714.5 
 542.27  3125  4553 76879.5 
 542.32  3130  4628 78004.75 
 542.37  3135  4703 78075.75 
 542.42  3140  4778 85118.75 
 542.47  3145  4853 72414 
 542.52  3150  4928 87205 
 542.57  3155  5003 71254.75 
 542.62  3160  5078 60210.75 
 542.67  3165  5153 77772.75 
 542.72  3170  5228 89939 
 542.77  3175  5304 86923.5 
 542.82  3180  5379 63626.25 
 542.87  3185  5455 73820.75 
 542.92  3190  5530 74861.5 
 542.97  3195  5606 64352.5 
 543.02  3200  5682 72799.75 
 543.07  3205  5758 78909.25 
 543.12  3210  5834 61946.25 
 543.17  3215  5910 57981.5 
 543.22  3220  5986 60187.5 
 543.27  3225  6062 47929.75 
 543.32  3230  6138 44367.25 
 543.37  3235  6214 46332.75 
 543.42  3240  6291 48809.75 
 543.47  3245  6367 45513.5 
 543.52  3250  6444 38739.75 
end
uaIntegration time is 0.2294 seconds per sampledt  4.1E-08 cy 1dh240619Arenosillo 37.1 6.73 3.6pr1000dark .6 
 570.02  2900  1261 465.5 
 570.07  2905  1333 467.25 
 570.12  2910  1405 477 
 570.17  2915  1477 458.75 
 570.22  2920  1549 453.25 
 570.27  2925  1621 449.75 
 570.32  2930  1693 470 
 570.37  2935  1765 499 
 570.42  2940  1837 490.25 
 570.47  2945  1909 527 
 570.52  2950  1981 570.75 
 570.57  2955  2054 655.25 
 570.62  2960  2126 833.5 
 570.67  2965  2199 877 
 570.72  2970  2271 970.75 
 570.77  2975  2344 1483.25 
 570.82  2980  2416 1628.75 
 570.87  2985  2489 1653.75 
 570.92  2990  2562 2433 
 570.97  2995  2635 3358.75 
 571.02  3000  2708 3197.5 
 571.07  3005  2781 3943 
 571.12  3010  2854 5776.75 
 571.17  3015  2927 8250.5 
 571.22  3020  3000 7324.25 
 571.27  3025  3073 11958 
 571.32  3030  3147 17879 
 571.37  3035  3220 22655.25 
 571.42  3040  3294 21810.5 
 571.47  3045  3367 27090.5 
 571.52  3050  3441 34861 
 571.57  3055  3514 30155 
 571.62  3060  3588 28307.25 
 571.67  3065  3662 31503 
 571.72  3070  3736 41156 
 571.77  3075  3810 46240.25 
 571.82  3080  3884 47224.75 
 571.87  3085  3958 51178.5 
 571.92  3090  4032 42443.75 
 571.97  3095  4106 45156.25 
 572.02  3100  4181 44878.25 
 572.07  3105  4255 69873.25 
 572.12  3110  4329 78357 
 572.17  3115  4404 72251 
 572.22  3120  4479 67327.25 
 572.27  3125  4553 77333.25 
 572.32  3130  4628 79313.25 
 572.37  3135  4703 82997.75 
 572.42  3140  4778 94903 
 572.47  3145  4853 79533.5 
 572.52  3150  4928 93274.5 
 572.57  3155  5003 70401.75 
 572.62  3160  5078 62306.5 
 572.67  3165  5153 76187.75 
 572.72  3170  5228 87483.25 
 572.77  3175  5304 86798 
 572.82  3180  5379 65882.75 
 572.87  3185  5455 78219.25 
 572.92  3190  5530 79724.5 
 572.97  3195  5606 70572.75 
 573.02  3200  5682 80369.5 
 573.07  3205  5758 83079 
 573.12  3210  5834 64365.5 
 573.17  3215  5910 62884.5 
 573.22  3220  5986 67940.5 
 573.27  3225  6062 53291.25 
 573.32  3230  6138 50833 
 573.37  3235  6214 50443.5 
 573.42  3240  6291 47548.5 
 573.47  3245  6367 41530.75 
 573.52  3250  6444 36464.75 
end
uaIntegration time is 0.2294 seconds per sampledt  4.1E-08 cy 1dh240619Arenosillo 37.1 6.73 3.6pr1000dark .75 
 600.02  2900  1261 599.75 
 600.07  2905  1333 590.5 
 600.12  2910  1405 508.25 
 600.17  2915  1477 556.5 
 600.22  2920  1549 704.25 
 600.27  2925  1621 667 
 600.32  2930  1693 674.5 
 600.37  2935  1765 686.25 
 600.42  2940  1837 736 
 600.47  2945  1909 740.5 
 600.52  2950  1981 744.5 
 600.57  2955  2054 949 
 600.62  2960  2126 1168.25 
 600.67  2965  2199 1292 
 600.72  2970  2271 1374.25 
 600.77  2975  2344 1965.25 
 600.82  2980  2416 2472.5 
 600.87  2985  2489 2699.5 
 600.92  2990  2562 4326 
 600.97  2995  2635 5543 
 601.02  3000  2708 4660.5 
 601.07  3005  2781 5955.25 
 601.12  3010  2854 8039 
 601.17  3015  2927 10350.25 
 601.22  3020  3000 10181.25 
 601.27  3025  3073 16547.75 
 601.32  3030  3147 24581 
 601.37  3035  3220 28381.25 
 601.42  3040  3294 26421.75 
 601.47  3045  3367 34282 
 601.52  3050  3441 43856 
 601.57  3055  3514 45033.5 
 601.62  3060  3588 46280.5 
 601.67  3065  3662 37908.25 
 601.72  3070  3736 46372.75 
 601.77  3075  3810 50124.5 
 601.82  3080  3884 51190.5 
 601.87  3085  3958 55710.75 
 601.92  3090  4032 47699.75 
 601.97  3095  4106 50644.75 
 602.02  3100  4181 49904 
 602.07  3105  4255 80815.25 
 602.12  3110  4329 102969.5 
 602.17  3115  4404 99995.5 
 602.22  3120  4479 92798.75 
 602.27  3125  4553 97615 
 602.32  3130  4628 91211.5 
 602.37  3135  4703 89847 
 602.42  3140  4778 104838.8 
 602.47  3145  4853 94993.25 
 602.52  3150  4928 120192.3 
 602.57  3155  5003 93831.5 
 602.62  3160  5078 81642.5 
 602.67  3165  5153 111612.3 
 602.72  3170  5228 132798.8 
 602.77  3175  5304 124108.3 
 602.82  3180  5379 84666.75 
 602.87  3185  5455 91047 
 602.92  3190  5530 91183.5 
 602.97  3195  5606 76847 
 603.02  3200  5682 86879.75 
 603.07  3205  5758 93701 
 603.12  3210  5834 71789 
 603.17  3215  5910 62532.25 
 603.22  3220  5986 63523.75 
 603.27  3225  6062 52264.25 
 603.32  3230  6138 49274.5 
 603.37  3235  6214 52968.5 
 603.42  3240  6291 51466 
 603.47  3245  6367 51038.5 
 603.52  3250  6444 49596.75 
end
uaIntegration time is 0.2294 seconds per sampledt  4.1E-08 cy 1dh240619Arenosillo 37.1 6.73 3.6pr1000dark .8 
 630.02  2900  1261 449 
 630.07  2905  1333 438.5 
 630.12  2910  1405 436.75 
 630.17  2915  1477 441.25 
 630.22  2920  1549 455 
 630.27  2925  1621 450.75 
 630.32  2930  1693 457.5 
 630.37  2935  1765 479.75 
 630.42  2940  1837 502.5 
 630.47  2945  1909 543.25 
 630.52  2950  1981 598 
 630.57  2955  2054 739.25 
 630.62  2960  2126 948.25 
 630.67  2965  2199 975.5 
 630.72  2970  2271 1137.75 
 630.77  2975  2344 1845.5 
 630.82  2980  2416 2106.25 
 630.87  2985  2489 2058.25 
 630.92  2990  2562 3421.5 
 630.97  2995  2635 4325.5 
 631.02  3000  2708 4160.25 
 631.07  3005  2781 5338 
 631.12  3010  2854 7828.25 
 631.17  3015  2927 9802.5 
 631.22  3020  3000 8567.75 
 631.27  3025  3073 14632.5 
 631.32  3030  3147 21829.25 
 631.37  3035  3220 24643.5 
 631.42  3040  3294 23367.75 
 631.47  3045  3367 29335.25 
 631.52  3050  3441 37748.25 
 631.57  3055  3514 36657 
 631.62  3060  3588 36504.25 
 631.67  3065  3662 41720.25 
 631.72  3070  3736 53238.5 
 631.77  3075  3810 58251.5 
 631.82  3080  3884 58842.75 
 631.87  3085  3958 62579.75 
 631.92  3090  4032 52234 
 631.97  3095  4106 55173.75 
 632.02  3100  4181 53616.5 
 632.07  3105  4255 81501 
 632.12  3110  4329 92620.25 
 632.17  3115  4404 86404.5 
 632.22  3120  4479 79353.5 
 632.27  3125  4553 88261 
 632.32  3130  4628 88989.25 
 632.37  3135  4703 89206.75 
 632.42  3140  4778 96139.25 
 632.47  3145  4853 80725.25 
 632.52  3150  4928 97486.5 
 632.57  3155  5003 80073.25 
 632.62  3160  5078 67461.5 
 632.67  3165  5153 86774.25 
 632.72  3170  5228 102248.8 
 632.77  3175  5304 98933.75 
 632.82  3180  5379 70468 
 632.87  3185  5455 78859.25 
 632.92  3190  5530 79930 
 632.97  3195  5606 68656 
 633.02  3200  5682 77130.5 
 633.07  3205  5758 82110.25 
 633.12  3210  5834 62975.5 
 633.17  3215  5910 57335 
 633.22  3220  5986 59756.5 
 633.27  3225  6062 46870.5 
 633.32  3230  6138 42443.75 
 633.37  3235  6214 44572 
 633.42  3240  6291 46983.5 
 633.47  3245  6367 44231.25 
 633.52  3250  6444 37915 
end
uaIntegration time is 0.2294 seconds per sampledt  4.1E-08 cy 1dh240619Arenosillo 37.1 6.73 3.58pr1000dark .65 
 660.02  2900  1261 512.25 
 660.07  2905  1333 537.25 
 660.12  2910  1405 554 
 660.17  2915  1477 593.25 
 660.22  2920  1549 672.5 
 660.27  2925  1621 618.75 
 660.32  2930  1693 639 
 660.37  2935  1765 687.5 
 660.42  2940  1837 679.5 
 660.47  2945  1909 727 
 660.52  2950  1981 818.5 
 660.57  2955  2054 1017.75 
 660.62  2960  2126 1343.5 
 660.67  2965  2199 1432 
 660.72  2970  2271 1815 
 660.77  2975  2344 2695.25 
 660.82  2980  2416 3138.5 
 660.87  2985  2489 3098.5 
 660.92  2990  2562 5201.5 
 660.97  2995  2635 6604 
 661.02  3000  2708 6687.75 
 661.07  3005  2781 8195.75 
 661.12  3010  2854 10870.5 
 661.17  3015  2927 13734.75 
 661.22  3020  3000 12920.75 
 661.27  3025  3073 23356 
 661.32  3030  3147 34574 
 661.37  3035  3220 37355.5 
 661.42  3040  3294 33851 
 661.47  3045  3367 38820.5 
 661.52  3050  3441 47321.5 
 661.57  3055  3514 46395.75 
 661.62  3060  3588 47078.25 
 661.67  3065  3662 56755.25 
 661.72  3070  3736 73808 
 661.77  3075  3810 84888 
 661.82  3080  3884 88993.5 
 661.87  3085  3958 98508.5 
 661.92  3090  4032 78567.5 
 661.97  3095  4106 86376 
 662.02  3100  4181 78348 
 662.07  3105  4255 123465.8 
 662.12  3110  4329 152977.3 
 662.17  3115  4404 136180.3 
 662.22  3120  4479 123369 
 662.27  3125  4553 141687.8 
 662.32  3130  4628 138647.3 
 662.37  3135  4703 135890.8 
 662.42  3140  4778 156323.3 
 662.47  3145  4853 131673 
 662.52  3150  4928 156442.8 
 662.57  3155  5003 128178.5 
 662.62  3160  5078 104754 
 662.67  3165  5153 128986.3 
 662.72  3170  5228 147024.3 
 662.77  3175  5304 157948.5 
 662.82  3180  5379 119758.5 
 662.87  3185  5455 132201 
 662.92  3190  5530 129717.3 
 662.97  3195  5606 107654 
 663.02  3200  5682 130203 
 663.07  3205  5758 132560.3 
 663.12  3210  5834 102697.5 
 663.17  3215  5910 94231.5 
 663.22  3220  5986 98172.25 
 663.27  3225  6062 74532.25 
 663.32  3230  6138 61467.75 
 663.37  3235  6214 56982.5 
 663.42  3240  6291 57922.25 
 663.47  3245  6367 55025.25 
 663.52  3250  6444 44411.25 
end
uaIntegration time is 0.2294 seconds per sampledt  4.1E-08 cy 1dh240619Arenosillo 37.1 6.73 3.54pr1000dark .75 
 690.02  2900  1261 492 
 690.07  2905  1333 498.5 
 690.12  2910  1405 501.75 
 690.17  2915  1477 522.75 
 690.22  2920  1549 518.5 
 690.27  2925  1621 530 
 690.32  2930  1693 571.5 
 690.37  2935  1765 606 
 690.42  2940  1837 658.5 
 690.47  2945  1909 714 
 690.52  2950  1981 820.75 
 690.57  2955  2054 1070.5 
 690.62  2960  2126 1385.25 
 690.67  2965  2199 1443 
 690.72  2970  2271 1658.75 
 690.77  2975  2344 2864.25 
 690.82  2980  2416 3181.25 
 690.87  2985  2489 3093 
 690.92  2990  2562 5177 
 690.97  2995  2635 6425.5 
 691.02  3000  2708 6127.5 
 691.07  3005  2781 7746.25 
 691.12  3010  2854 11355.75 
 691.17  3015  2927 13832.75 
 691.22  3020  3000 12021 
 691.27  3025  3073 20379.25 
 691.32  3030  3147 29873.5 
 691.37  3035  3220 33729.25 
 691.42  3040  3294 31628.75 
 691.47  3045  3367 39178.5 
 691.52  3050  3441 49505.75 
 691.57  3055  3514 47388.25 
 691.62  3060  3588 46024.25 
 691.67  3065  3662 51071.5 
 691.72  3070  3736 64996.25 
 691.77  3075  3810 71506.75 
 691.82  3080  3884 72719.75 
 691.87  3085  3958 78269.75 
 691.92  3090  4032 65031.5 
 691.97  3095  4106 67866 
 692.02  3100  4181 65442.25 
 692.07  3105  4255 98963.25 
 692.12  3110  4329 110202.5 
 692.17  3115  4404 102460.3 
 692.22  3120  4479 93176.75 
 692.27  3125  4553 102214.8 
 692.32  3130  4628 101850.8 
 692.37  3135  4703 101039.3 
 692.42  3140  4778 108147 
 692.47  3145  4853 89453.25 
 692.52  3150  4928 108008.8 
 692.57  3155  5003 89563 
 692.62  3160  5078 75134.25 
 692.67  3165  5153 96943.75 
 692.72  3170  5228 113181 
 692.77  3175  5304 110034.8 
 692.82  3180  5379 80855 
 692.87  3185  5455 94524 
 692.92  3190  5530 96205.25 
 692.97  3195  5606 83754.5 
 693.02  3200  5682 94564.25 
 693.07  3205  5758 96646.75 
 693.12  3210  5834 71108.25 
 693.17  3215  5910 64546.5 
 693.22  3220  5986 65768.5 
 693.27  3225  6062 50617 
 693.32  3230  6138 45330.25 
 693.37  3235  6214 45199 
 693.42  3240  6291 46586.25 
 693.47  3245  6367 42983.75 
 693.52  3250  6444 36182 
end
uaIntegration time is 0.2294 seconds per sampledt  4.1E-08 cy 1dh240619Arenosillo 37.1 6.73 3.56pr1000dark .5 
 720.02  2900  1261 824.75 
 720.07  2905  1333 825.25 
 720.12  2910  1405 854.25 
 720.17  2915  1477 863.75 
 720.22  2920  1549 891.25 
 720.27  2925  1621 920 
 720.32  2930  1693 971.5 
 720.37  2935  1765 1051.5 
 720.42  2940  1837 1145.75 
 720.47  2945  1909 1273 
 720.52  2950  1981 1506 
 720.57  2955  2054 1938.5 
 720.62  2960  2126 2534 
 720.67  2965  2199 2644.25 
 720.72  2970  2271 2968 
 720.77  2975  2344 5096.75 
 720.82  2980  2416 5788.5 
 720.87  2985  2489 5458.75 
 720.92  2990  2562 9124.25 
 720.97  2995  2635 11233.5 
 721.02  3000  2708 10738.75 
 721.07  3005  2781 13236.25 
 721.12  3010  2854 19005.75 
 721.17  3015  2927 23537 
 721.22  3020  3000 19917 
 721.27  3025  3073 32517.25 
 721.32  3030  3147 47189 
 721.37  3035  3220 53377.25 
 721.42  3040  3294 49158 
 721.47  3045  3367 60578.5 
 721.52  3050  3441 75276.5 
 721.57  3055  3514 73360.5 
 721.62  3060  3588 69964.25 
 721.67  3065  3662 78208.5 
 721.72  3070  3736 97737.25 
 721.77  3075  3810 106946.5 
 721.82  3080  3884 108502.8 
 721.87  3085  3958 116356.8 
 721.92  3090  4032 98037.75 
 721.97  3095  4106 101982.5 
 722.02  3100  4181 98785.5 
 722.07  3105  4255 147132 
 722.12  3110  4329 164311.5 
 722.17  3115  4404 153893 
 722.22  3120  4479 140353.3 
 722.27  3125  4553 153599.3 
 722.32  3130  4628 154287.8 
 722.37  3135  4703 153748.3 
 722.42  3140  4778 164440.3 
 722.47  3145  4853 137123.3 
 722.52  3150  4928 163961.8 
 722.57  3155  5003 137793 
 722.62  3160  5078 113799.5 
 722.67  3165  5153 143597.8 
 722.72  3170  5228 164943.5 
 722.77  3175  5304 161624.3 
 722.82  3180  5379 118742 
 722.87  3185  5455 132201 
 722.92  3190  5530 135790 
 722.97  3195  5606 116898.8 
 723.02  3200  5682 130975.3 
 723.07  3205  5758 137402.8 
 723.12  3210  5834 107425 
 723.17  3215  5910 97851.25 
 723.22  3220  5986 103452 
 723.27  3225  6062 81966.75 
 723.32  3230  6138 73161 
 723.37  3235  6214 75154.25 
 723.42  3240  6291 78597.75 
 723.47  3245  6367 74315.25 
 723.52  3250  6444 63198 
end
uaIntegration time is 0.2294 seconds per sampledt  4.1E-08 cy 1dh240619Arenosillo 37.1 6.73 3.62pr1000dark .8 
 750.02  2900  1261 840.5 
 750.07  2905  1333 852.25 
 750.12  2910  1405 874.5 
 750.17  2915  1477 884 
 750.22  2920  1549 907 
 750.27  2925  1621 924.5 
 750.32  2930  1693 994.5 
 750.37  2935  1765 1074.75 
 750.42  2940  1837 1161.75 
 750.47  2945  1909 1280.25 
 750.52  2950  1981 1497.5 
 750.57  2955  2054 1960.5 
 750.62  2960  2126 2605.25 
 750.67  2965  2199 2702.5 
 750.72  2970  2271 3141.5 
 750.77  2975  2344 5351.25 
 750.82  2980  2416 5884 
 750.87  2985  2489 5674.75 
 750.92  2990  2562 9456 
 750.97  2995  2635 11598.25 
 751.02  3000  2708 10976.25 
 751.07  3005  2781 13764.75 
 751.12  3010  2854 19563.75 
 751.17  3015  2927 23834.25 
 751.22  3020  3000 20379.5 
 751.27  3025  3073 34143.75 
 751.32  3030  3147 48984.75 
 751.37  3035  3220 53870.75 
 751.42  3040  3294 50293.5 
 751.47  3045  3367 61920.75 
 751.52  3050  3441 77387.75 
 751.57  3055  3514 73284.75 
 751.62  3060  3588 71877.25 
 751.67  3065  3662 79541.5 
 751.72  3070  3736 99901.25 
 751.77  3075  3810 108532.8 
 751.82  3080  3884 110358.3 
 751.87  3085  3958 118203.3 
 751.92  3090  4032 99116.25 
 751.97  3095  4106 103764.8 
 752.02  3100  4181 100307.5 
 752.07  3105  4255 150183.5 
 752.12  3110  4329 158201.5 
 752.17  3115  4404 143492.8 
 752.22  3120  4479 138413.3 
 752.27  3125  4553 155628.3 
 752.32  3130  4628 156240 
 752.37  3135  4703 156106.5 
 752.42  3140  4778 166311.8 
 752.47  3145  4853 138882 
 752.52  3150  4928 166049 
 752.57  3155  5003 139003.8 
 752.62  3160  5078 115130.5 
 752.67  3165  5153 145936 
 752.72  3170  5228 167234.8 
 752.77  3175  5304 162855.3 
 752.82  3180  5379 119684.3 
 752.87  3185  5455 134763.5 
 752.92  3190  5530 135443.3 
 752.97  3195  5606 118934.8 
 753.02  3200  5682 133012.5 
 753.07  3205  5758 139426 
 753.12  3210  5834 107924 
 753.17  3215  5910 100316.5 
 753.22  3220  5986 103103.8 
 753.27  3225  6062 81295.5 
 753.32  3230  6138 73742.25 
 753.37  3235  6214 74550.25 
 753.42  3240  6291 78634 
 753.47  3245  6367 74094.5 
 753.52  3250  6444 64619.25 
end
uaIntegration time is 0.2294 seconds per sampledt  4.1E-08 cy 1dh240619Arenosillo 37.1 6.73 3.64pr1000dark .8 
 780.02  2900  1261 830.75 
 780.07  2905  1333 833.25 
 780.12  2910  1405 838.5 
 780.17  2915  1477 849.75 
 780.22  2920  1549 858.5 
 780.27  2925  1621 867.25 
 780.32  2930  1693 918.25 
 780.37  2935  1765 1014.5 
 780.42  2940  1837 1138.25 
 780.47  2945  1909 1262.5 
 780.52  2950  1981 1470.25 
 780.57  2955  2054 1898.75 
 780.62  2960  2126 2436.75 
 780.67  2965  2199 2526 
 780.72  2970  2271 2748.5 
 780.77  2975  2344 4282 
 780.82  2980  2416 5041.25 
 780.87  2985  2489 5053.25 
 780.92  2990  2562 8972.25 
 780.97  2995  2635 10622.5 
 781.02  3000  2708 10126.25 
 781.07  3005  2781 13300 
 781.12  3010  2854 18973.75 
 781.17  3015  2927 23477 
 781.22  3020  3000 19933.75 
 781.27  3025  3073 33050.75 
 781.32  3030  3147 47920.75 
 781.37  3035  3220 53524.75 
 781.42  3040  3294 48690 
 781.47  3045  3367 61406.5 
 781.52  3050  3441 76849 
 781.57  3055  3514 71899.25 
 781.62  3060  3588 69358 
 781.67  3065  3662 75725.25 
 781.72  3070  3736 94494 
 781.77  3075  3810 104755.5 
 781.82  3080  3884 108553 
 781.87  3085  3958 116799.3 
 781.92  3090  4032 98768.25 
 781.97  3095  4106 102344.3 
 782.02  3100  4181 98832 
 782.07  3105  4255 146689.8 
 782.12  3110  4329 164758.3 
 782.17  3115  4404 153931 
 782.22  3120  4479 140336.8 
 782.27  3125  4553 153925.5 
 782.32  3130  4628 154258 
 782.37  3135  4703 153958.5 
 782.42  3140  4778 164584.8 
 782.47  3145  4853 137718.8 
 782.52  3150  4928 164491.3 
 782.57  3155  5003 137410 
 782.62  3160  5078 114736.8 
 782.67  3165  5153 145000.5 
 782.72  3170  5228 167040.5 
 782.77  3175  5304 161717.8 
 782.82  3180  5379 119321.8 
 782.87  3185  5455 134135.8 
 782.92  3190  5530 136077.8 
 782.97  3195  5606 118372.5 
 783.02  3200  5682 132224.3 
 783.07  3205  5758 139061.3 
 783.12  3210  5834 108000.5 
 783.17  3215  5910 99531.75 
 783.22  3220  5986 104063.8 
 783.27  3225  6062 82173.5 
 783.32  3230  6138 74545 
 783.37  3235  6214 76315.75 
 783.42  3240  6291 79909.25 
 783.47  3245  6367 74275.25 
 783.52  3250  6444 63958.25 
end
uaIntegration time is 0.2294 seconds per sampledt  4.1E-08 cy 1dh240619Arenosillo 37.1 6.73 3.66pr1000dark .75 
 810.02  2900  1261 498.75 
 810.07  2905  1333 505 
 810.12  2910  1405 499.75 
 810.17  2915  1477 507.25 
 810.22  2920  1549 508.25 
 810.27  2925  1621 526 
 810.32  2930  1693 551.25 
 810.37  2935  1765 597.75 
 810.42  2940  1837 651 
 810.47  2945  1909 731.25 
 810.52  2950  1981 833.5 
 810.57  2955  2054 1105 
 810.62  2960  2126 1450.75 
 810.67  2965  2199 1633 
 810.72  2970  2271 1888.25 
 810.77  2975  2344 3071.75 
 810.82  2980  2416 3365.25 
 810.87  2985  2489 3366.25 
 810.92  2990  2562 5475.25 
 810.97  2995  2635 7055.5 
 811.02  3000  2708 6668.5 
 811.07  3005  2781 8910.25 
 811.12  3010  2854 15977.5 
 811.17  3015  2927 19451.75 
 811.22  3020  3000 17280 
 811.27  3025  3073 30754.5 
 811.32  3030  3147 41742.25 
 811.37  3035  3220 42375.75 
 811.42  3040  3294 45524.25 
 811.47  3045  3367 61472 
 811.52  3050  3441 78856.75 
 811.57  3055  3514 74933.25 
 811.62  3060  3588 72025.5 
 811.67  3065  3662 80062.5 
 811.72  3070  3736 100584.3 
 811.77  3075  3810 110673.5 
 811.82  3080  3884 107920 
 811.87  3085  3958 106448.8 
 811.92  3090  4032 83164.75 
 811.97  3095  4106 87055 
 812.02  3100  4181 75219.5 
 812.07  3105  4255 107033.8 
 812.12  3110  4329 123253.5 
 812.17  3115  4404 116413.8 
 812.22  3120  4479 112837.8 
 812.27  3125  4553 116585.5 
 812.32  3130  4628 114166.3 
 812.37  3135  4703 107076 
 812.42  3140  4778 112100 
 812.47  3145  4853 93021.25 
 812.52  3150  4928 109742.3 
 812.56  3155  5003 223163.2 
 812.62  3160  5078 75689 
 812.67  3165  5153 99101.5 
 812.72  3170  5228 121277.8 
 812.77  3175  5304 141246.3 
 812.82  3180  5379 114584.5 
 812.87  3185  5455 137650 
 812.92  3190  5530 126757.3 
 812.97  3195  5606 117140 
 813.02  3200  5682 133032.3 
 813.07  3205  5758 151910.8 
 813.12  3210  5834 116362 
 813.17  3215  5910 108056.5 
 813.22  3220  5986 113376.3 
 813.27  3225  6062 89633.5 
 813.32  3230  6138 79603.75 
 813.37  3235  6214 82466.25 
 813.42  3240  6291 84938.25 
 813.47  3245  6367 80438.25 
 813.52  3250  6444 68995 
end
uaIntegration time is 0.2294 seconds per sampledt  4.1E-08 cy 1dh240619Arenosillo 37.1 6.73 3.66pr1000dark .8 
 840.02  2900  1261 493.75 
 840.07  2905  1333 516.5 
 840.12  2910  1405 549 
 840.17  2915  1477 554 
 840.22  2920  1549 561 
 840.27  2925  1621 562.25 
 840.32  2930  1693 594.25 
 840.37  2935  1765 604.25 
 840.42  2940  1837 618.25 
 840.47  2945  1909 657.25 
 840.52  2950  1981 723.25 
 840.57  2955  2054 912 
 840.62  2960  2126 1142.75 
 840.67  2965  2199 1165 
 840.72  2970  2271 1321.75 
 840.77  2975  2344 2204.25 
 840.82  2980  2416 2440.75 
 840.87  2985  2489 2396.25 
 840.92  2990  2562 3935.25 
 840.97  2995  2635 4885.25 
 841.02  3000  2708 4679.5 
 841.07  3005  2781 5890 
 841.12  3010  2854 8678 
 841.17  3015  2927 10670.75 
 841.22  3020  3000 9342.5 
 841.27  3025  3073 15665.25 
 841.32  3030  3147 23113 
 841.37  3035  3220 26123.25 
 841.42  3040  3294 24557.25 
 841.47  3045  3367 30579 
 841.52  3050  3441 38752 
 841.57  3055  3514 37820.75 
 841.62  3060  3588 36669.5 
 841.67  3065  3662 41208.5 
 841.72  3070  3736 52632 
 841.77  3075  3810 58749.25 
 841.82  3080  3884 60295.5 
 841.87  3085  3958 64352.75 
 841.92  3090  4032 53186 
 841.97  3095  4106 55376.75 
 842.02  3100  4181 53344.5 
 842.07  3105  4255 80858.25 
 842.12  3110  4329 90179.5 
 842.17  3115  4404 83270.5 
 842.22  3120  4479 75649.25 
 842.27  3125  4553 83387.75 
 842.32  3130  4628 83654 
 842.37  3135  4703 83347 
 842.42  3140  4778 90016.5 
 842.47  3145  4853 74723.75 
 842.52  3150  4928 90713.75 
 842.57  3155  5003 75335.5 
 842.62  3160  5078 62452.5 
 842.67  3165  5153 79891.25 
 842.72  3170  5228 92542.75 
 842.77  3175  5304 89601 
 842.82  3180  5379 64492.75 
 842.87  3185  5455 73292.25 
 842.92  3190  5530 73508.25 
 842.97  3195  5606 63218.75 
 843.02  3200  5682 70686.25 
 843.07  3205  5758 74272 
 843.12  3210  5834 56741.75 
 843.17  3215  5910 52276.75 
 843.22  3220  5986 54550.5 
 843.27  3225  6062 42987.5 
 843.32  3230  6138 39295.25 
 843.37  3235  6214 40803.5 
 843.42  3240  6291 43111.25 
 843.47  3245  6367 40809 
 843.52  3250  6444 35190.5 
end
uaIntegration time is 0.2294 seconds per sampledt  4.1E-08 cy 1dh240619Arenosillo 37.1 6.73 3.66pr1000dark .8 
 870.02  2900  1261 603 
 870.07  2905  1333 682.75 
 870.12  2910  1405 705.25 
 870.17  2915  1477 787 
 870.22  2920  1549 765.5 
 870.27  2925  1621 728 
 870.32  2930  1693 794.5 
 870.37  2935  1765 854 
 870.42  2940  1837 877.5 
 870.47  2945  1909 825 
 870.52  2950  1981 909.25 
 870.57  2955  2054 1045.25 
 870.62  2960  2126 1180.25 
 870.67  2965  2199 1226.75 
 870.72  2970  2271 1420.25 
 870.77  2975  2344 2395.25 
 870.82  2980  2416 2808.5 
 870.87  2985  2489 2648.5 
 870.92  2990  2562 4038.25 
 870.97  2995  2635 5112.75 
 871.02  3000  2708 5176.25 
 871.07  3005  2781 6299.75 
 871.12  3010  2854 9251.5 
 871.17  3015  2927 11033 
 871.22  3020  3000 9166.25 
 871.27  3025  3073 15274 
 871.32  3030  3147 22614.75 
 871.37  3035  3220 24602.75 
 871.42  3040  3294 22835.5 
 871.47  3045  3367 28483.5 
 871.52  3050  3441 36626.25 
 871.57  3055  3514 36206.75 
 871.62  3060  3588 34318 
 871.67  3065  3662 38877.5 
 871.72  3070  3736 50809.5 
 871.77  3075  3810 57793.75 
 871.82  3080  3884 62830.5 
 871.87  3085  3958 70144.25 
 871.92  3090  4032 59485.25 
 871.97  3095  4106 63961.25 
 872.02  3100  4181 63105.75 
 872.07  3105  4255 95805.75 
 872.12  3110  4329 110539.5 
 872.17  3115  4404 96542.5 
 872.22  3120  4479 86640.75 
 872.27  3125  4553 93959.25 
 872.32  3130  4628 94386 
 872.37  3135  4703 94646.25 
 872.42  3140  4778 107340 
 872.47  3145  4853 91031.75 
 872.52  3150  4928 107595.8 
 872.57  3155  5003 89282.25 
 872.62  3160  5078 80466 
 872.67  3165  5153 102994 
 872.72  3170  5228 123750.3 
 872.77  3175  5304 134764.5 
 872.82  3180  5379 93714.75 
 872.87  3185  5455 106558.5 
 872.92  3190  5530 106776.8 
 872.97  3195  5606 83965 
 873.02  3200  5682 91482.25 
 873.07  3205  5758 99152 
 873.12  3210  5834 89448.25 
 873.17  3215  5910 90855.5 
 873.22  3220  5986 96753.25 
 873.27  3225  6062 75497 
 873.32  3230  6138 67865.25 
 873.37  3235  6214 69122.75 
 873.42  3240  6291 71643.5 
 873.47  3245  6367 66565.25 
 873.52  3250  6444 56183 
end
uaIntegration time is 0.2294 seconds per sampledt  4.1E-08 cy 1dh240619Arenosillo 37.1 6.73 3.66pr1000dark .65 
 900.02  2900  1261 612 
 900.07  2905  1333 619.5 
 900.12  2910  1405 630 
 900.17  2915  1477 647.5 
 900.22  2920  1549 651 
 900.27  2925  1621 639 
 900.32  2930  1693 647.75 
 900.37  2935  1765 681.5 
 900.42  2940  1837 710.5 
 900.47  2945  1909 740.25 
 900.52  2950  1981 842.75 
 900.57  2955  2054 957.75 
 900.62  2960  2126 1176 
 900.67  2965  2199 1255.25 
 900.72  2970  2271 1404.25 
 900.77  2975  2344 2247.5 
 900.82  2980  2416 2534.5 
 900.87  2985  2489 2528.5 
 900.92  2990  2562 4177.25 
 900.97  2995  2635 5299 
 901.02  3000  2708 5185.75 
 901.07  3005  2781 6632.75 
 901.12  3010  2854 9800 
 901.17  3015  2927 12203.5 
 901.22  3020  3000 10636 
 901.27  3025  3073 18232.75 
 901.32  3030  3147 27283.25 
 901.37  3035  3220 30663.75 
 901.42  3040  3294 29187.5 
 901.47  3045  3367 36499.75 
 901.52  3050  3441 47371.5 
 901.57  3055  3514 45798 
 901.62  3060  3588 45020.5 
 901.67  3065  3662 50487.75 
 901.72  3070  3736 65203 
 901.77  3075  3810 72972.75 
 901.82  3080  3884 74238.5 
 901.87  3085  3958 73514.25 
 901.92  3090  4032 64123 
 901.97  3095  4106 66996.5 
 902.02  3100  4181 52048.5 
 902.07  3105  4255 82830.25 
 902.12  3110  4329 107443.3 
 902.17  3115  4404 102006.3 
 902.22  3120  4479 102054.3 
 902.27  3125  4553 113887.8 
 902.32  3130  4628 121041.8 
 902.37  3135  4703 113174 
 902.42  3140  4778 114361.3 
 902.47  3145  4853 95646.75 
 902.52  3150  4928 108319.8 
 902.57  3155  5003 97219.75 
 902.62  3160  5078 84503.75 
 902.67  3165  5153 110013.3 
 902.72  3170  5228 134055.5 
 902.77  3175  5304 128156.3 
 902.82  3180  5379 94997.75 
 902.87  3185  5455 108217 
 902.92  3190  5530 109730 
 902.97  3195  5606 91565.25 
 903.02  3200  5682 101226 
 903.07  3205  5758 110626.8 
 903.12  3210  5834 87077.75 
 903.17  3215  5910 80318.5 
 903.22  3220  5986 83827.25 
 903.27  3225  6062 64715.5 
 903.32  3230  6138 59539.5 
 903.37  3235  6214 62340 
 903.42  3240  6291 63672.75 
 903.47  3245  6367 56936.25 
 903.52  3250  6444 48030.5 
end
uaIntegration time is 0.2294 seconds per sampledt  4.1E-08 cy 1dh240619Arenosillo 37.1 6.73 3.66pr1000dark 1 
 930.02  2900  1261 495.25 
 930.07  2905  1333 494 
 930.12  2910  1405 516.75 
 930.17  2915  1477 516.75 
 930.22  2920  1549 510.5 
 930.27  2925  1621 533.5 
 930.32  2930  1693 528 
 930.37  2935  1765 559.75 
 930.42  2940  1837 573 
 930.47  2945  1909 582.5 
 930.52  2950  1981 615.25 
 930.57  2955  2054 694.5 
 930.62  2960  2126 808 
 930.67  2965  2199 850.25 
 930.72  2970  2271 950.5 
 930.77  2975  2344 1434 
 930.82  2980  2416 1630.75 
 930.87  2985  2489 1657.75 
 930.92  2990  2562 2621.5 
 930.97  2995  2635 3400.5 
 931.02  3000  2708 3380.75 
 931.07  3005  2781 4315.5 
 931.12  3010  2854 6493 
 931.17  3015  2927 8142.5 
 931.22  3020  3000 7311.75 
 931.27  3025  3073 12553.75 
 931.32  3030  3147 19103.25 
 931.37  3035  3220 21670.25 
 931.42  3040  3294 20743.75 
 931.47  3045  3367 26328.5 
 931.52  3050  3441 34549.5 
 931.57  3055  3514 34440.5 
 931.62  3060  3588 33478 
 931.67  3065  3662 38110.5 
 931.72  3070  3736 49758.25 
 931.77  3075  3810 56169 
 931.82  3080  3884 57534.5 
 931.87  3085  3958 62625 
 931.92  3090  4032 53337.75 
 931.97  3095  4106 57226.25 
 932.02  3100  4181 55925 
 932.07  3105  4255 86168.75 
 932.12  3110  4329 97848 
 932.17  3115  4404 91354.75 
 932.22  3120  4479 85182.75 
 932.27  3125  4553 95311.25 
 932.32  3130  4628 96133.25 
 932.37  3135  4703 96118 
 932.42  3140  4778 104218.3 
 932.47  3145  4853 87712.5 
 932.52  3150  4928 106132 
 932.57  3155  5003 87458.5 
 932.62  3160  5078 73402.5 
 932.67  3165  5153 94611.5 
 932.72  3170  5228 109455.8 
 932.77  3175  5304 105979.8 
 932.82  3180  5379 77621.5 
 932.87  3185  5455 89062 
 932.92  3190  5530 90693.75 
 932.97  3195  5606 77584 
 933.02  3200  5682 86776.25 
 933.07  3205  5758 92335.75 
 933.12  3210  5834 72002.25 
 933.17  3215  5910 66453.75 
 933.22  3220  5986 68376.75 
 933.27  3225  6062 53879 
 933.32  3230  6138 49312.75 
 933.37  3235  6214 51188.5 
 933.42  3240  6291 53757 
 933.47  3245  6367 49994 
 933.52  3250  6444 42344.25 
end
uaIntegration time is 0.2294 seconds per sampledt  4.1E-08 cy 1dh240619Arenosillo 37.1 6.73 3.66pr1000dark .85 
 960.02  2900  1261 403.5 
 960.07  2905  1333 399.75 
 960.12  2910  1405 401.25 
 960.17  2915  1477 421.5 
 960.22  2920  1549 421.75 
 960.27  2925  1621 428.75 
 960.32  2930  1693 435.5 
 960.37  2935  1765 441.25 
 960.42  2940  1837 430 
 960.47  2945  1909 446.5 
 960.52  2950  1981 466 
 960.57  2955  2054 517 
 960.62  2960  2126 556.75 
 960.67  2965  2199 587.75 
 960.72  2970  2271 633.5 
 960.77  2975  2344 878.5 
 960.82  2980  2416 1000.25 
 960.87  2985  2489 1044.75 
 960.92  2990  2562 1568.75 
 960.97  2995  2635 2007.5 
 961.02  3000  2708 2062.75 
 961.07  3005  2781 2618.5 
 961.12  3010  2854 3912.5 
 961.17  3015  2927 5046.75 
 961.22  3020  3000 4620 
 961.27  3025  3073 8174.75 
 961.32  3030  3147 12479 
 961.37  3035  3220 14288.25 
 961.42  3040  3294 13846 
 961.47  3045  3367 17963.5 
 961.52  3050  3441 24221.5 
 961.57  3055  3514 24038.25 
 961.62  3060  3588 23569.75 
 961.67  3065  3662 27291.5 
 961.72  3070  3736 36535.75 
 961.77  3075  3810 41634.75 
 961.82  3080  3884 42709.25 
 961.87  3085  3958 47451.25 
 961.92  3090  4032 40612.75 
 961.97  3095  4106 44598 
 962.02  3100  4181 44146 
 962.07  3105  4255 68116.25 
 962.12  3110  4329 77667 
 962.17  3115  4404 73065.25 
 962.22  3120  4479 68596.5 
 962.27  3125  4553 77232.75 
 962.32  3130  4628 78174 
 962.37  3135  4703 77825 
 962.42  3140  4778 85135.5 
 962.47  3145  4853 72468.25 
 962.52  3150  4928 87515.75 
 962.57  3155  5003 72117 
 962.62  3160  5078 60828.25 
 962.67  3165  5153 79169.5 
 962.72  3170  5228 91720.25 
 962.77  3175  5304 88821.5 
 962.82  3180  5379 65053.75 
 962.87  3185  5455 74649.5 
 962.92  3190  5530 76336.75 
 962.97  3195  5606 64809.75 
 963.02  3200  5682 73055 
 963.07  3205  5758 79001.75 
 963.12  3210  5834 61808 
 963.17  3215  5910 56795 
 963.22  3220  5986 58571 
 963.27  3225  6062 45869.5 
 963.32  3230  6138 41195.25 
 963.37  3235  6214 41639 
 963.42  3240  6291 43455.25 
 963.47  3245  6367 41086.75 
 963.52  3250  6444 35010.75 
end
uaIntegration time is 0.2294 seconds per sampledt  4.1E-08 cy 1dh240619Arenosillo 37.1 6.73 3.64pr1000dark .8 
 990.02  2900  1261 310.5 
 990.07  2905  1333 314.75 
 990.12  2910  1405 314.25 
 990.17  2915  1477 323.25 
 990.22  2920  1549 329.25 
 990.27  2925  1621 329.5 
 990.32  2930  1693 334.5 
 990.37  2935  1765 343.75 
 990.42  2940  1837 340.5 
 990.47  2945  1909 349 
 990.52  2950  1981 360 
 990.57  2955  2054 365.75 
 990.62  2960  2126 396.5 
 990.67  2965  2199 404 
 990.72  2970  2271 426.5 
 990.77  2975  2344 533 
 990.82  2980  2416 581.75 
 990.87  2985  2489 602.25 
 990.92  2990  2562 872 
 990.97  2995  2635 1122.5 
 991.02  3000  2708 1152.25 
 991.07  3005  2781 1488.25 
 991.12  3010  2854 2254 
 991.17  3015  2927 2925.25 
 991.22  3020  3000 2730 
 991.27  3025  3073 4817.75 
 991.32  3030  3147 7609.25 
 991.37  3035  3220 8898.25 
 991.42  3040  3294 8653 
 991.47  3045  3367 11519 
 991.52  3050  3441 15988.75 
 991.57  3055  3514 15949 
 991.62  3060  3588 16041 
 991.67  3065  3662 18590.25 
 991.72  3070  3736 25639.5 
 991.77  3075  3810 29607 
 991.82  3080  3884 30749.25 
 991.87  3085  3958 33950.75 
 991.92  3090  4032 29118 
 991.97  3095  4106 32716.75 
 992.02  3100  4181 32580 
 992.07  3105  4255 51062.75 
 992.12  3110  4329 58411 
 992.17  3115  4404 55120.5 
 992.22  3120  4479 52560 
 992.27  3125  4553 59731.5 
 992.32  3130  4628 60704.75 
 992.37  3135  4703 60565.25 
 992.42  3140  4778 66757.75 
 992.47  3145  4853 57508.75 
 992.52  3150  4928 70039.5 
 992.57  3155  5003 57148.75 
 992.62  3160  5078 48807.25 
 992.67  3165  5153 63974.25 
 992.72  3170  5228 74201 
 992.77  3175  5304 71598.75 
 992.82  3180  5379 52726.25 
 992.87  3185  5455 61520.75 
 992.92  3190  5530 63187.25 
 992.97  3195  5606 53549 
 993.02  3200  5682 60333 
 993.07  3205  5758 64994.75 
 993.12  3210  5834 51064.25 
 993.17  3215  5910 47046.5 
 993.22  3220  5986 48116 
 993.27  3225  6062 37737 
 993.32  3230  6138 34686.5 
 993.37  3235  6214 36588.5 
 993.42  3240  6291 38522 
 993.47  3245  6367 35780.5 
 993.52  3250  6444 29985.25 
end
uaIntegration time is 0.2294 seconds per sampledt  4.1E-08 cy 1dh240619Arenosillo 37.1 6.73 3.62pr1000dark .6 
 1020.02  2900  1261 221.25 
 1020.07  2905  1333 224.5 
 1020.12  2910  1405 234 
 1020.17  2915  1477 238.25 
 1020.22  2920  1549 235.25 
 1020.27  2925  1621 237.75 
 1020.32  2930  1693 246 
 1020.37  2935  1765 245.5 
 1020.42  2940  1837 245.5 
 1020.47  2945  1909 252.5 
 1020.52  2950  1981 266 
 1020.57  2955  2054 259.5 
 1020.62  2960  2126 277.5 
 1020.67  2965  2199 276.75 
 1020.72  2970  2271 281.25 
 1020.77  2975  2344 316.25 
 1020.82  2980  2416 332.5 
 1020.87  2985  2489 345 
 1020.92  2990  2562 446.5 
 1020.97  2995  2635 539 
 1021.02  3000  2708 562.75 
 1021.07  3005  2781 717.5 
 1021.12  3010  2854 1069.75 
 1021.17  3015  2927 1397.25 
 1021.22  3020  3000 1329.25 
 1021.27  3025  3073 2368.75 
 1021.32  3030  3147 3823.5 
 1021.37  3035  3220 4550 
 1021.42  3040  3294 4558 
 1021.47  3045  3367 6195 
 1021.52  3050  3441 8943.25 
 1021.57  3055  3514 8995 
 1021.62  3060  3588 9283.75 
 1021.67  3065  3662 10797.75 
 1021.72  3070  3736 15379.25 
 1021.77  3075  3810 18228.25 
 1021.82  3080  3884 19086.5 
 1021.87  3085  3958 21280.75 
 1021.92  3090  4032 18591.75 
 1021.97  3095  4106 21365.5 
 1022.02  3100  4181 21592.25 
 1022.07  3105  4255 34170.5 
 1022.12  3110  4329 39569 
 1022.17  3115  4404 37612.25 
 1022.22  3120  4479 36557.5 
 1022.27  3125  4553 42217.25 
 1022.32  3130  4628 42933.5 
 1022.37  3135  4703 42950.25 
 1022.42  3140  4778 47950.25 
 1022.47  3145  4853 42026 
 1022.52  3150  4928 51124 
 1022.57  3155  5003 41527.5 
 1022.62  3160  5078 35955.5 
 1022.67  3165  5153 47631.5 
 1022.72  3170  5228 55416.5 
 1022.77  3175  5304 53330.75 
 1022.82  3180  5379 39517 
 1022.87  3185  5455 46709 
 1022.92  3190  5530 48315.75 
 1022.97  3195  5606 40561.5 
 1023.02  3200  5682 45485.75 
 1023.07  3205  5758 49900 
 1023.12  3210  5834 39620.75 
 1023.17  3215  5910 36372.75 
 1023.22  3220  5986 36745 
 1023.27  3225  6062 28887.25 
 1023.32  3230  6138 26815 
 1023.37  3235  6214 28554.75 
 1023.42  3240  6291 30152.5 
 1023.47  3245  6367 27758.25 
 1023.52  3250  6444 23157.75 
end
uaIntegration time is 0.2294 seconds per sampledt  4.1E-08 cy 1dh240619Arenosillo 37.1 6.73 3.6pr1000dark .9 
 1050.02  2900  1261 151 
 1050.07  2905  1333 152.25 
 1050.12  2910  1405 157.25 
 1050.17  2915  1477 158.5 
 1050.22  2920  1549 158 
 1050.27  2925  1621 159.25 
 1050.32  2930  1693 164 
 1050.37  2935  1765 166.25 
 1050.42  2940  1837 169.75 
 1050.47  2945  1909 169 
 1050.52  2950  1981 165.25 
 1050.57  2955  2054 176.75 
 1050.62  2960  2126 173.25 
 1050.67  2965  2199 179.25 
 1050.72  2970  2271 179.25 
 1050.77  2975  2344 192.5 
 1050.82  2980  2416 190.5 
 1050.87  2985  2489 200.75 
 1050.92  2990  2562 225 
 1050.97  2995  2635 260.75 
 1051.02  3000  2708 268.25 
 1051.07  3005  2781 314 
 1051.12  3010  2854 440.5 
 1051.17  3015  2927 547.25 
 1051.22  3020  3000 560 
 1051.27  3025  3073 951.5 
 1051.32  3030  3147 1539 
 1051.37  3035  3220 1865.75 
 1051.42  3040  3294 1944.5 
 1051.47  3045  3367 2677.75 
 1051.52  3050  3441 4002 
 1051.57  3055  3514 4232 
 1051.62  3060  3588 4389.5 
 1051.67  3065  3662 5262.25 
 1051.72  3070  3736 7781.25 
 1051.77  3075  3810 9578.25 
 1051.82  3080  3884 10059.75 
 1051.87  3085  3958 11419.25 
 1051.92  3090  4032 10132.5 
 1051.97  3095  4106 12183.25 
 1052.02  3100  4181 12564.5 
 1052.07  3105  4255 20026.25 
 1052.12  3110  4329 23425.5 
 1052.17  3115  4404 22574.25 
 1052.22  3120  4479 22441.25 
 1052.27  3125  4553 26391 
 1052.32  3130  4628 27212.75 
 1052.37  3135  4703 26966.25 
 1052.42  3140  4778 30874.5 
 1052.47  3145  4853 27694.75 
 1052.52  3150  4928 34050 
 1052.57  3155  5003 27436.75 
 1052.62  3160  5078 24110.5 
 1052.67  3165  5153 32644.75 
 1052.72  3170  5228 37952.75 
 1052.77  3175  5304 36412 
 1052.82  3180  5379 27277.75 
 1052.87  3185  5455 33146.25 
 1052.92  3190  5530 34207.5 
 1052.97  3195  5606 28376 
 1053.02  3200  5682 31918.5 
 1053.07  3205  5758 35513.75 
 1053.12  3210  5834 28521.75 
 1053.17  3215  5910 26417.5 
 1053.22  3220  5986 26186.5 
 1053.27  3225  6062 20493 
 1053.32  3230  6138 19347 
 1053.37  3235  6214 20948.5 
 1053.42  3240  6291 22132.25 
 1053.47  3245  6367 20211.5 
 1053.52  3250  6444 16727.5 
end
uaIntegration time is 0.2294 seconds per sampledt  4.1E-08 cy 1dh240619Arenosillo 37.1 6.73 3.56pr1000dark .75 
 1080.02  2900  1261 92.5 
 1080.07  2905  1333 88.25 
 1080.12  2910  1405 88.75 
 1080.17  2915  1477 96.5 
 1080.22  2920  1549 100 
 1080.27  2925  1621 97.5 
 1080.32  2930  1693 99.5 
 1080.37  2935  1765 98.75 
 1080.42  2940  1837 101.5 
 1080.47  2945  1909 103.25 
 1080.52  2950  1981 99.5 
 1080.57  2955  2054 103.5 
 1080.62  2960  2126 102.5 
 1080.67  2965  2199 106.5 
 1080.72  2970  2271 110.5 
 1080.77  2975  2344 108.75 
 1080.82  2980  2416 105 
 1080.87  2985  2489 111.75 
 1080.92  2990  2562 120 
 1080.97  2995  2635 122.75 
 1081.02  3000  2708 126.5 
 1081.07  3005  2781 138.75 
 1081.12  3010  2854 170.5 
 1081.17  3015  2927 199.75 
 1081.22  3020  3000 201.75 
 1081.27  3025  3073 311.75 
 1081.32  3030  3147 478.25 
 1081.37  3035  3220 590.75 
 1081.42  3040  3294 629.5 
 1081.47  3045  3367 891.75 
 1081.52  3050  3441 1374 
 1081.57  3055  3514 1499.75 
 1081.62  3060  3588 1573.75 
 1081.67  3065  3662 1939.5 
 1081.72  3070  3736 3017.5 
 1081.77  3075  3810 3831 
 1081.82  3080  3884 4149 
 1081.87  3085  3958 4828.5 
 1081.92  3090  4032 4365 
 1081.97  3095  4106 5542.25 
 1082.02  3100  4181 5850.75 
 1082.07  3105  4255 9490.75 
 1082.12  3110  4329 11308.25 
 1082.17  3115  4404 11064 
 1082.22  3120  4479 11432 
 1082.27  3125  4553 13827.5 
 1082.32  3130  4628 14476 
 1082.37  3135  4703 14306.25 
 1082.42  3140  4778 16751.25 
 1082.47  3145  4853 15641.5 
 1082.52  3150  4928 19326.75 
 1082.57  3155  5003 15416.5 
 1082.62  3160  5078 14007.5 
 1082.67  3165  5153 19336.5 
 1082.72  3170  5228 22549.25 
 1082.77  3175  5304 21440.75 
 1082.82  3180  5379 16409.25 
 1082.87  3185  5455 20509 
 1082.92  3190  5530 21441.5 
 1082.97  3195  5606 17434 
 1083.02  3200  5682 19597.5 
 1083.07  3205  5758 22480.5 
 1083.12  3210  5834 18362 
 1083.17  3215  5910 17010.75 
 1083.22  3220  5986 16589.25 
 1083.27  3225  6062 12924 
 1083.32  3230  6138 12482.5 
 1083.37  3235  6214 13799.5 
 1083.42  3240  6291 14622.25 
 1083.47  3245  6367 13214 
 1083.52  3250  6444 10810.25 
end
uaIntegration time is 0.2294 seconds per sampledt  4.1E-08 cy 1dh240619Arenosillo 37.1 6.73 3.52pr1000dark .6 
 1110.02  2900  1261 45.25 
 1110.07  2905  1333 46 
 1110.12  2910  1405 50.25 
 1110.17  2915  1477 46.5 
 1110.22  2920  1549 48.75 
 1110.27  2925  1621 45.5 
 1110.32  2930  1693 50.5 
 1110.37  2935  1765 47 
 1110.42  2940  1837 56 
 1110.47  2945  1909 50 
 1110.52  2950  1981 49.75 
 1110.57  2955  2054 52.5 
 1110.62  2960  2126 61.25 
 1110.67  2965  2199 55.5 
 1110.72  2970  2271 53.75 
 1110.77  2975  2344 53.5 
 1110.82  2980  2416 54.75 
 1110.87  2985  2489 56.25 
 1110.92  2990  2562 59.25 
 1110.97  2995  2635 59 
 1111.02  3000  2708 63 
 1111.07  3005  2781 73.25 
 1111.12  3010  2854 74.25 
 1111.17  3015  2927 82.5 
 1111.22  3020  3000 81.25 
 1111.27  3025  3073 105.5 
 1111.32  3030  3147 148.25 
 1111.37  3035  3220 181 
 1111.42  3040  3294 180 
 1111.47  3045  3367 243.75 
 1111.52  3050  3441 370.75 
 1111.57  3055  3514 398.25 
 1111.62  3060  3588 434.25 
 1111.67  3065  3662 538.75 
 1111.72  3070  3736 859.25 
 1111.77  3075  3810 1141.75 
 1111.82  3080  3884 1248.5 
 1111.87  3085  3958 1474.75 
 1111.92  3090  4032 1355.5 
 1111.97  3095  4106 1853.25 
 1112.02  3100  4181 2012.25 
 1112.07  3105  4255 3312 
 1112.12  3110  4329 4047 
 1112.17  3115  4404 4045.25 
 1112.22  3120  4479 4456.25 
 1112.27  3125  4553 5573.5 
 1112.32  3130  4628 5942 
 1112.37  3135  4703 5864.75 
 1112.42  3140  4778 7147.75 
 1112.47  3145  4853 7061.75 
 1112.52  3150  4928 8792.25 
 1112.57  3155  5003 6814.25 
 1112.62  3160  5078 6586.75 
 1112.67  3165  5153 9404.5 
 1112.72  3170  5228 10889.25 
 1112.77  3175  5304 10242.5 
 1112.82  3180  5379 8098 
 1112.87  3185  5455 10678.25 
 1112.92  3190  5530 11225.5 
 1112.97  3195  5606 8950.5 
 1113.02  3200  5682 10058 
 1113.07  3205  5758 12053 
 1113.12  3210  5834 10202.25 
 1113.17  3215  5910 9467 
 1113.22  3220  5986 8891 
 1113.27  3225  6062 6930.5 
 1113.32  3230  6138 6953.75 
 1113.37  3235  6214 7961.5 
 1113.42  3240  6291 8451.5 
 1113.47  3245  6367 7574.25 
 1113.52  3250  6444 6057 
end
uaIntegration time is 0.2294 seconds per sampledt  4.1E-08 cy 1dh240619Arenosillo 37.1 6.73 3.45pr1000dark .5 
 1140.02  2900  1261 19.5 
 1140.07  2905  1333 20.75 
 1140.12  2910  1405 19 
 1140.17  2915  1477 19 
 1140.22  2920  1549 18.25 
 1140.27  2925  1621 21.25 
 1140.32  2930  1693 18 
 1140.37  2935  1765 19.25 
 1140.42  2940  1837 20.75 
 1140.47  2945  1909 21 
 1140.52  2950  1981 20 
 1140.57  2955  2054 20 
 1140.62  2960  2126 23 
 1140.67  2965  2199 20.75 
 1140.72  2970  2271 22.75 
 1140.77  2975  2344 23.75 
 1140.82  2980  2416 22 
 1140.87  2985  2489 24.25 
 1140.92  2990  2562 23.75 
 1140.97  2995  2635 27 
 1141.02  3000  2708 26.25 
 1141.07  3005  2781 28.5 
 1141.12  3010  2854 33 
 1141.17  3015  2927 40.25 
 1141.22  3020  3000 32.75 
 1141.27  3025  3073 48.5 
 1141.32  3030  3147 68 
 1141.37  3035  3220 70.25 
 1141.42  3040  3294 69.25 
 1141.47  3045  3367 86.5 
 1141.52  3050  3441 117 
 1141.57  3055  3514 116.5 
 1141.62  3060  3588 128.25 
 1141.67  3065  3662 151.25 
 1141.72  3070  3736 215 
 1141.77  3075  3810 277.75 
 1141.82  3080  3884 296 
 1141.87  3085  3958 340.25 
 1141.92  3090  4032 318 
 1141.97  3095  4106 434.25 
 1142.02  3100  4181 473.25 
 1142.07  3105  4255 771 
 1142.12  3110  4329 946.75 
 1142.17  3115  4404 966.75 
 1142.22  3120  4479 1126.25 
 1142.27  3125  4553 1453 
 1142.32  3130  4628 1557.5 
 1142.37  3135  4703 1537.75 
 1142.42  3140  4778 1990.25 
 1142.47  3145  4853 2069 
 1142.52  3150  4928 2639.75 
 1142.57  3155  5003 2042.5 
 1142.62  3160  5078 2083 
 1142.67  3165  5153 3149.25 
 1142.72  3170  5228 3632 
 1142.77  3175  5304 3375 
 1142.82  3180  5379 2779.25 
 1142.87  3185  5455 3988.5 
 1142.92  3190  5530 4340.75 
 1142.97  3195  5606 3286.25 
 1143.02  3200  5682 3683 
 1143.07  3205  5758 4746.5 
 1143.12  3210  5834 4296.25 
 1143.17  3215  5910 4006 
 1143.22  3220  5986 3529.5 
 1143.27  3225  6062 2735 
 1143.32  3230  6138 2881.75 
 1143.37  3235  6214 3609.25 
 1143.42  3240  6291 3875.75 
 1143.47  3245  6367 3347 
 1143.52  3250  6444 2599.25 
end
