uaIntegration time is 0.2294 seconds per sampledt  3.3E-08 cy 1dh190619El Arenosillo 37.1 6.73 3.072425pr1000dark .85 
 480.01  2900  777 19.5 
 480.08  2905  842 19.75 
 480.13  2910  907 20.5 
 480.18  2915  972 20.75 
 480.23  2920  1037 20.75 
 480.28  2925  1102 19.75 
 480.33  2930  1168 21 
 480.38  2935  1233 21 
 480.43  2940  1299 24.75 
 480.48  2945  1365 22.75 
 480.53  2950  1431 21.75 
 480.58  2955  1497 22.25 
 480.63  2960  1563 26.25 
 480.68  2965  1629 26.5 
 480.73  2970  1695 29 
 480.78  2975  1761 37 
 480.83  2980  1828 42.5 
 480.88  2985  1894 46.5 
 480.93  2990  1961 69.5 
 480.98  2995  2028 94.25 
 481.03  3000  2095 102.5 
 481.08  3005  2162 143.5 
 481.13  3010  2229 239.75 
 481.18  3015  2296 326.25 
 481.23  3020  2364 313.75 
 481.28  3025  2431 585.75 
 481.33  3030  2499 988.25 
 481.38  3035  2566 1223.25 
 481.43  3040  2634 1252 
 481.48  3045  2702 1723.25 
 481.53  3050  2770 2498 
 481.58  3055  2838 2765.75 
 481.63  3060  2906 2731.5 
 481.68  3065  2975 3353.25 
 481.73  3070  3043 4751.25 
 481.78  3075  3112 5903.5 
 481.83  3080  3180 6350 
 481.88  3085  3249 7238.5 
 481.93  3090  3318 6583.5 
 481.98  3095  3387 7515.5 
 482.03  3100  3456 7833.25 
 482.08  3105  3525 12162.25 
 482.13  3110  3594 14931.75 
 482.18  3115  3664 14659.5 
 482.23  3120  3733 14171 
 482.28  3125  3803 16565 
 482.33  3130  3873 17542 
 482.38  3135  3943 17369.5 
 482.43  3140  4013 20227.75 
 482.48  3145  4083 17543.75 
 482.53  3150  4153 22084.5 
 482.58  3155  4223 18691.5 
 482.63  3160  4294 15668.25 
 482.68  3165  4364 21084.25 
 482.73  3170  4435 24957.75 
 482.78  3175  4506 24993.25 
 482.83  3180  4576 18625.5 
 482.88  3185  4647 21602.5 
 482.93  3190  4718 23511.25 
 482.98  3195  4790 19494.5 
 483.03  3200  4861 22128.5 
 483.08  3205  4932 24584.5 
 483.13  3210  5004 20032.25 
 483.18  3215  5076 18174.5 
 483.23  3220  5147 18869.75 
 483.28  3225  5219 15069.25 
 483.33  3230  5291 13750.75 
 483.38  3235  5363 14937.75 
 483.43  3240  5436 15831.25 
 483.48  3245  5508 14827.25 
 483.53  3250  5580 12400.75 
 483.74  3255  3743 12254 
 483.85  3260  3817 14536.5 
 483.9  3265  3890 14350.75 
 483.95  3270  3963 14466.25 
 484  3275  4037 13874.25 
 484.05  3280  4110 12747 
 484.1  3285  4184 12872.75 
 484.15  3290  4258 14919 
 484.2  3295  4332 16873.75 
 484.25  3300  4406 17123.25 
 484.3  3305  4481 13994.5 
 484.35  3310  4555 14188.25 
 484.4  3315  4630 14120 
 484.45  3320  4704 14942.5 
 484.5  3325  4779 14681.5 
 484.55  3330  4854 14578.25 
 484.6  3335  4929 13400.75 
 484.65  3340  5005 13707 
 484.7  3345  5080 15301.75 
 484.75  3350  5155 14370.5 
 484.79  3355  5231 16095.5 
 484.85  3360  5307 11137 
 484.9  3365  5383 13456.25 
 484.95  3370  5459 10960.25 
 485  3375  5535 13635.75 
 485.05  3380  5611 12893 
 485.1  3385  5688 14507.25 
 485.15  3390  5764 14179.25 
 485.2  3395  5841 13752.25 
 485.25  3400  5918 16345 
 485.3  3405  5995 14475.5 
 485.35  3410  6072 13891.5 
 485.4  3415  6149 12853.75 
 485.45  3420  6226 15137.5 
 485.5  3425  6304 13937.75 
 485.55  3430  6381 15149 
 485.59  3435  6459 14194 
 485.65  3440  6537 10204.75 
 485.7  3445  6615 10593 
 485.75  3450  6693 13746 
 485.8  3455  6771 13772 
 485.85  3460  6850 11753.5 
 485.9  3465  6928 13113 
 485.95  3470  7007 13895.75 
 486  3475  7086 11075.5 
 486.05  3480  7165 12799 
 486.1  3485  7244 12630 
 486.15  3490  7323 11416.75 
 486.2  3495  7402 11388.5 
 486.25  3500  7482 13930.5 
 486.3  3505  7561 14403.5 
 486.35  3510  7641 12773.5 
 486.4  3515  7721 12376.75 
 486.45  3520  7801 12877.5 
 486.5  3525  7881 10023 
 486.55  3530  7961 12662.75 
 486.6  3535  8042 13309 
 486.65  3540  8122 13689.25 
 486.7  3545  8203 13806 
 486.75  3550  8283 13544 
 486.8  3555  8364 12166.75 
 486.85  3560  8445 12569.25 
 486.9  3565  8527 10296.75 
 486.95  3570  8608 8774 
 487  3575  8689 10577.25 
 487.05  3580  8771 7866.25 
 487.1  3585  8853 6978.25 
 487.15  3590  8934 10011.25 
 487.2  3595  9016 11919 
 487.25  3600  9099 12165.5 
 487.3  3605  9181 9462 
 487.35  3610  9263 8833.25 
 487.4  3615  9346 9791.5 
 487.45  3620  9428 8457.5 
 487.5  3625  9511 11626.25 
 487.55  3630  9594 9382 
end
uaIntegration time is 0.2294 seconds per sampledt  3.3E-08 cy 1dh190619El Arenosillo 37.1 6.73 3.233369pr1000dark .8 
 540.01  2900  777 32.25 
 540.08  2905  842 34.5 
 540.13  2910  907 36.25 
 540.18  2915  972 34.5 
 540.23  2920  1037 33.5 
 540.28  2925  1102 35.25 
 540.33  2930  1168 36.5 
 540.38  2935  1233 38.25 
 540.43  2940  1299 39.25 
 540.48  2945  1365 43.25 
 540.53  2950  1431 45.25 
 540.58  2955  1497 53.75 
 540.63  2960  1563 64 
 540.68  2965  1629 72.25 
 540.73  2970  1695 85.75 
 540.78  2975  1761 135.75 
 540.83  2980  1828 165 
 540.88  2985  1894 167.75 
 540.93  2990  1961 304 
 540.98  2995  2028 417.5 
 541.03  3000  2095 435 
 541.08  3005  2162 576 
 541.13  3010  2229 923 
 541.18  3015  2296 1250.25 
 541.23  3020  2364 1133.75 
 541.28  3025  2431 2029 
 541.33  3030  2499 3273 
 541.38  3035  2566 3928 
 541.43  3040  2634 3813.75 
 541.48  3045  2702 5080.75 
 541.53  3050  2770 6864.25 
 541.58  3055  2838 7383.75 
 541.63  3060  2906 7074.5 
 541.68  3065  2975 8496.25 
 541.73  3070  3043 11321 
 541.78  3075  3112 13581.5 
 541.83  3080  3180 14447.75 
 541.88  3085  3249 16023 
 541.93  3090  3318 14349.25 
 541.98  3095  3387 15448.25 
 542.03  3100  3456 15716.5 
 542.08  3105  3525 23967.25 
 542.13  3110  3594 29300.75 
 542.18  3115  3664 28439 
 542.23  3120  3733 26624.25 
 542.28  3125  3803 30431.75 
 542.33  3130  3873 31723.5 
 542.38  3135  3943 31466.25 
 542.43  3140  4013 36083.75 
 542.48  3145  4083 30274.75 
 542.53  3150  4153 37689.5 
 542.58  3155  4223 32458.25 
 542.63  3160  4294 26288.75 
 542.68  3165  4364 34685.5 
 542.73  3170  4435 41061 
 542.78  3175  4506 41538.5 
 542.83  3180  4576 30695.5 
 542.88  3185  4647 34068.75 
 542.93  3190  4718 37286 
 542.98  3195  4790 31167.5 
 543.03  3200  4861 35463.25 
 543.08  3205  4932 38668 
 543.13  3210  5004 31296.5 
 543.18  3215  5076 27899 
 543.23  3220  5147 29553.75 
 543.28  3225  5219 23725.5 
 543.33  3230  5291 21071.25 
 543.38  3235  5363 22595.75 
 543.43  3240  5436 23898.5 
 543.48  3245  5508 22744.5 
 543.53  3250  5580 19062.25 
 543.74  3255  3743 18532.75 
 543.85  3260  3817 21830.25 
 543.89  3265  3890 21303 
 543.95  3270  3963 21499.25 
 544  3275  4037 20687.75 
 544.05  3280  4110 19189.5 
 544.09  3285  4184 19146.75 
 544.15  3290  4258 21915.75 
 544.2  3295  4332 24822.5 
 544.25  3300  4406 25146 
 544.3  3305  4481 20764.25 
 544.35  3310  4555 21031 
 544.4  3315  4630 20884.5 
 544.45  3320  4704 21891 
 544.5  3325  4779 21415 
 544.54  3330  4854 21224.25 
 544.6  3335  4929 19686.25 
 544.65  3340  5005 20085.75 
 544.69  3345  5080 22367 
 544.75  3350  5155 20832.75 
 544.8  3355  5231 23495.25 
 544.85  3360  5307 16205.5 
 544.9  3365  5383 19566.5 
 544.95  3370  5459 15952.5 
 545  3375  5535 19902 
 545.05  3380  5611 18748.75 
 545.1  3385  5688 20880.25 
 545.15  3390  5764 20586.75 
 545.2  3395  5841 19867.5 
 545.25  3400  5918 23588.25 
 545.3  3405  5995 21039.25 
 545.35  3410  6072 20094.5 
 545.4  3415  6149 18422.25 
 545.45  3420  6226 21792.25 
 545.5  3425  6304 20089.25 
 545.55  3430  6381 21827 
 545.6  3435  6459 20425.75 
 545.65  3440  6537 14856.25 
 545.7  3445  6615 15153.25 
 545.75  3450  6693 19702.25 
 545.8  3455  6771 19823.25 
 545.84  3460  6850 16831.25 
 545.9  3465  6928 18822.5 
 545.95  3470  7007 19984 
 546  3475  7086 15949.75 
 546.05  3480  7165 18327.75 
 546.1  3485  7244 18110.75 
 546.15  3490  7323 16413.25 
 546.2  3495  7402 16294.5 
 546.24  3500  7482 19881.25 
 546.3  3505  7561 20590.5 
 546.35  3510  7641 18268.5 
 546.4  3515  7721 17570.25 
 546.45  3520  7801 18580 
 546.5  3525  7881 14339.25 
 546.55  3530  7961 18134.75 
 546.6  3535  8042 19102 
 546.65  3540  8122 19470.5 
 546.7  3545  8203 19648 
 546.75  3550  8283 19329.5 
 546.8  3555  8364 17244.75 
 546.85  3560  8445 17824.5 
 546.9  3565  8527 14663.25 
 546.95  3570  8608 12510 
 547  3575  8689 15070.75 
 547.05  3580  8771 11308.25 
 547.1  3585  8853 9845.25 
 547.15  3590  8934 14059.25 
 547.2  3595  9016 16961.75 
 547.25  3600  9099 17495.75 
 547.3  3605  9181 13576.5 
 547.35  3610  9263 12535.5 
 547.4  3615  9346 14093 
 547.45  3620  9428 11906.5 
 547.5  3625  9511 16458.5 
 547.55  3630  9594 13458.75 
end
uaIntegration time is 0.2294 seconds per sampledt  3.3E-08 cy 1dh190619El Arenosillo 37.1 6.73 3.287017pr1000dark .95 
 600.01  2900  777 45.75 
 600.08  2905  842 47.75 
 600.13  2910  907 49.75 
 600.18  2915  972 49 
 600.23  2920  1037 51.25 
 600.28  2925  1102 51.5 
 600.33  2930  1168 54.5 
 600.38  2935  1233 59.75 
 600.43  2940  1299 64.25 
 600.48  2945  1365 66.5 
 600.53  2950  1431 84.5 
 600.58  2955  1497 114 
 600.63  2960  1563 153.25 
 600.68  2965  1629 163.25 
 600.73  2970  1695 211.5 
 600.78  2975  1761 377.25 
 600.83  2980  1828 436.75 
 600.88  2985  1894 453.25 
 600.93  2990  1961 804 
 600.98  2995  2028 1053 
 601.03  3000  2095 1059.25 
 601.08  3005  2162 1390.25 
 601.13  3010  2229 2128 
 601.18  3015  2296 2760.75 
 601.23  3020  2364 2443.25 
 601.28  3025  2431 4228.75 
 601.33  3030  2499 6579.75 
 601.38  3035  2566 7748.75 
 601.43  3040  2634 7373 
 601.48  3045  2702 9547 
 601.53  3050  2770 12421.5 
 601.58  3055  2838 12974.5 
 601.63  3060  2906 12438.5 
 601.68  3065  2975 14565.25 
 601.73  3070  3043 19033 
 601.78  3075  3112 22167.5 
 601.83  3080  3180 23159.25 
 601.88  3085  3249 25643.75 
 601.93  3090  3318 22569.75 
 601.98  3095  3387 23722.5 
 602.03  3100  3456 23747.5 
 602.08  3105  3525 36204.25 
 602.13  3110  3594 43646.5 
 602.18  3115  3664 41861 
 602.23  3120  3733 38548.75 
 602.28  3125  3803 43674.25 
 602.33  3130  3873 44978.5 
 602.38  3135  3943 44847.75 
 602.43  3140  4013 50594 
 602.48  3145  4083 41828.5 
 602.53  3150  4153 51897.5 
 602.58  3155  4223 44852.25 
 602.63  3160  4294 35895.25 
 602.68  3165  4364 47101.5 
 602.73  3170  4435 55877.25 
 602.78  3175  4506 56213.5 
 602.83  3180  4576 41292.5 
 602.88  3185  4647 45530.25 
 602.93  3190  4718 49264.5 
 602.98  3195  4790 41532.75 
 603.03  3200  4861 47085.5 
 603.08  3205  4932 50990.5 
 603.13  3210  5004 40713 
 603.18  3215  5076 36405.75 
 603.23  3220  5147 38808.5 
 603.28  3225  5219 31191.5 
 603.33  3230  5291 27613.25 
 603.38  3235  5363 29151.25 
 603.43  3240  5436 30740.25 
 603.48  3245  5508 29210.75 
 603.53  3250  5580 24778 
 603.74  3255  3743 24113.5 
 603.85  3260  3817 27928.75 
 603.9  3265  3890 27169.75 
 603.95  3270  3963 27362.25 
 604  3275  4037 26475.5 
 604.05  3280  4110 24709.75 
 604.1  3285  4184 24418 
 604.15  3290  4258 27845 
 604.2  3295  4332 31490 
 604.25  3300  4406 31945.5 
 604.3  3305  4481 26387.75 
 604.35  3310  4555 26797.5 
 604.4  3315  4630 26534.5 
 604.45  3320  4704 27668 
 604.5  3325  4779 27010 
 604.55  3330  4854 26954.5 
 604.6  3335  4929 24972 
 604.65  3340  5005 25460.5 
 604.7  3345  5080 28153 
 604.75  3350  5155 26346.75 
 604.8  3355  5231 29536 
 604.85  3360  5307 20304 
 604.89  3365  5383 24739.5 
 604.95  3370  5459 20084.25 
 605  3375  5535 25095.25 
 605.05  3380  5611 23539.25 
 605.1  3385  5688 26355.5 
 605.15  3390  5764 25851.25 
 605.2  3395  5841 24895.75 
 605.25  3400  5918 29758.25 
 605.3  3405  5995 26316.75 
 605.35  3410  6072 25258 
 605.4  3415  6149 23164 
 605.45  3420  6226 27286.25 
 605.5  3425  6304 25281 
 605.55  3430  6381 27391.75 
 605.6  3435  6459 25552.25 
 605.65  3440  6537 18609.75 
 605.7  3445  6615 19087.25 
 605.75  3450  6693 24716.5 
 605.8  3455  6771 24954 
 605.85  3460  6850 21106.25 
 605.9  3465  6928 23572.5 
 605.95  3470  7007 25068.5 
 606  3475  7086 19923 
 606.05  3480  7165 22921.5 
 606.1  3485  7244 22596 
 606.15  3490  7323 20453.5 
 606.2  3495  7402 20411 
 606.25  3500  7482 24967.25 
 606.3  3505  7561 25786.25 
 606.35  3510  7641 22954 
 606.4  3515  7721 22062.75 
 606.45  3520  7801 23162.75 
 606.5  3525  7881 17912 
 606.55  3530  7961 22645 
 606.6  3535  8042 23822.75 
 606.65  3540  8122 24411 
 606.7  3545  8203 24653.25 
 606.75  3550  8283 24176.5 
 606.8  3555  8364 21501.5 
 606.85  3560  8445 22378.5 
 606.9  3565  8527 18390.75 
 606.95  3570  8608 15585 
 607  3575  8689 18880 
 607.05  3580  8771 14126.25 
 607.1  3585  8853 12375.75 
 607.15  3590  8934 17692 
 607.2  3595  9016 21347 
 607.25  3600  9099 21897.25 
 607.3  3605  9181 16847.25 
 607.35  3610  9263 15661.25 
 607.4  3615  9346 17477 
 607.45  3620  9428 14994.25 
 607.5  3625  9511 20614.25 
 607.55  3630  9594 16825.75 
end
uaIntegration time is 0.2294 seconds per sampledt  3.3E-08 cy 1dh190619El Arenosillo 37.1 6.73 3.340665pr1000dark .8 
 660.02  2900  777 61.25 
 660.08  2905  842 57.75 
 660.13  2910  907 58.25 
 660.18  2915  972 62.5 
 660.23  2920  1037 69.25 
 660.28  2925  1102 67.25 
 660.33  2930  1168 70.25 
 660.38  2935  1233 82.75 
 660.43  2940  1299 99.25 
 660.48  2945  1365 110.25 
 660.53  2950  1431 139 
 660.58  2955  1497 190.5 
 660.63  2960  1563 288 
 660.68  2965  1629 298.5 
 660.73  2970  1695 378 
 660.78  2975  1761 700.5 
 660.83  2980  1828 806 
 660.88  2985  1894 799.5 
 660.93  2990  1961 1414.5 
 660.98  2995  2028 1832 
 661.03  3000  2095 1834.25 
 661.08  3005  2162 2350.5 
 661.13  3010  2229 3500.75 
 661.18  3015  2296 4073 
 661.23  3020  2364 3703 
 661.28  3025  2431 6545 
 661.33  3030  2499 9772.75 
 661.38  3035  2566 11462.75 
 661.43  3040  2634 10672.5 
 661.48  3045  2702 13587.75 
 661.53  3050  2770 17531.75 
 661.58  3055  2838 18056.5 
 661.63  3060  2906 17099.25 
 661.68  3065  2975 19456.5 
 661.73  3070  3043 25538.75 
 661.78  3075  3112 29437 
 661.83  3080  3180 30608.5 
 661.88  3085  3249 33619 
 661.93  3090  3318 29368 
 661.98  3095  3387 30622.5 
 662.03  3100  3456 30310.75 
 662.08  3105  3525 45882.25 
 662.13  3110  3594 55020.5 
 662.18  3115  3664 52705.75 
 662.23  3120  3733 47908.75 
 662.28  3125  3803 53841.5 
 662.33  3130  3873 55434.75 
 662.38  3135  3943 55084.75 
 662.43  3140  4013 62008.75 
 662.48  3145  4083 51012 
 662.53  3150  4153 62963.75 
 662.58  3155  4223 54544.75 
 662.63  3160  4294 43471.75 
 662.68  3165  4364 56355.75 
 662.73  3170  4435 66736 
 662.78  3175  4506 65360.75 
 662.83  3180  4576 46870.25 
 662.88  3185  4647 51214 
 662.93  3190  4718 51160.25 
 662.98  3195  4790 42006.25 
 663.03  3200  4861 53261.5 
 663.08  3205  4932 60530 
 663.13  3210  5004 46716 
 663.18  3215  5076 42367.75 
 663.23  3220  5147 45799.25 
 663.28  3225  5219 36697.25 
 663.33  3230  5291 32294 
 663.38  3235  5363 34141.25 
 663.43  3240  5436 36123 
 663.48  3245  5508 34238.25 
 663.53  3250  5580 28844.25 
 663.74  3255  3743 28123.75 
 663.85  3260  3817 32603 
 663.9  3265  3890 31595.75 
 663.95  3270  3963 31691.25 
 664  3275  4037 30768 
 664.05  3280  4110 28702.25 
 664.1  3285  4184 28278.25 
 664.15  3290  4258 32262.5 
 664.2  3295  4332 36170 
 664.25  3300  4406 36813.75 
 664.3  3305  4481 30451.25 
 664.35  3310  4555 30865.25 
 664.4  3315  4630 30418.75 
 664.45  3320  4704 31762 
 664.5  3325  4779 30833.75 
 664.55  3330  4854 30717 
 664.6  3335  4929 28518.25 
 664.65  3340  5005 28554.75 
 664.7  3345  5080 31273.75 
 664.75  3350  5155 29838 
 664.8  3355  5231 33396.25 
 664.85  3360  5307 23195.25 
 664.9  3365  5383 28287.5 
 664.95  3370  5459 22928.75 
 665  3375  5535 28822 
 665.05  3380  5611 26952.5 
 665.1  3385  5688 29150 
 665.15  3390  5764 29590.75 
 665.2  3395  5841 28556.75 
 665.25  3400  5918 34097.25 
 665.3  3405  5995 30146.5 
 665.35  3410  6072 28862.25 
 665.4  3415  6149 26437.75 
 665.45  3420  6226 31209.25 
 665.5  3425  6304 28857.5 
 665.55  3430  6381 31357.75 
 665.6  3435  6459 29332.75 
 665.65  3440  6537 21367.75 
 665.7  3445  6615 21780.5 
 665.75  3450  6693 28545 
 665.8  3455  6771 28752.5 
 665.85  3460  6850 24305.75 
 665.9  3465  6928 27210.5 
 665.95  3470  7007 28605.25 
 666  3475  7086 22301.75 
 666.05  3480  7165 25397 
 666.1  3485  7244 25278.25 
 666.15  3490  7323 23324.75 
 666.2  3495  7402 22468.25 
 666.25  3500  7482 25396.5 
 666.3  3505  7561 28669.75 
 666.35  3510  7641 23676 
 666.4  3515  7721 25145.75 
 666.45  3520  7801 26345.5 
 666.5  3525  7881 20086.5 
 666.55  3530  7961 25471 
 666.6  3535  8042 27112.25 
 666.65  3540  8122 27631.25 
 666.7  3545  8203 27894.5 
 666.75  3550  8283 27402 
 666.8  3555  8364 24367.25 
 666.85  3560  8445 25339 
 666.9  3565  8527 20995 
 666.95  3570  8608 17858 
 667  3575  8689 21566 
 667.05  3580  8771 16082.75 
 667.1  3585  8853 14038.75 
 667.15  3590  8934 20108.75 
 667.2  3595  9016 24389.75 
 667.25  3600  9099 24990.25 
 667.3  3605  9181 19436.25 
 667.35  3610  9263 17647.25 
 667.4  3615  9346 19998 
 667.45  3620  9428 16689.75 
 667.5  3625  9511 23412.25 
 667.55  3630  9594 19057.75 
end
uaIntegration time is 0.2294 seconds per sampledt  3.3E-08 cy 1dh190619El Arenosillo 37.1 6.73 3.394313pr1000dark 23.95 
 720.01  2900  777 70.5 
 720.08  2905  842 75.5 
 720.14  2910  907 74 
 720.17  2915  972 71.75 
 720.23  2920  1037 83.25 
 720.29  2925  1102 83.75 
 720.32  2930  1168 88.25 
 720.39  2935  1233 103.25 
 720.42  2940  1299 114.25 
 720.48  2945  1365 134 
 720.54  2950  1431 174.75 
 720.57  2955  1497 258.75 
 720.63  2960  1563 364.25 
 720.69  2965  1629 386 
 720.72  2970  1695 476.5 
 720.79  2975  1761 914.25 
 720.82  2980  1828 1037.75 
 720.88  2985  1894 1035.25 
 720.94  2990  1961 1756.5 
 720.97  2995  2028 2247.5 
 721.04  3000  2095 2185.5 
 721.07  3005  2162 2797 
 721.14  3010  2229 4128.25 
 721.19  3015  2296 5256.75 
 721.22  3020  2364 4512.5 
 721.29  3025  2431 7569 
 721.32  3030  2499 11484.25 
 721.39  3035  2566 13324.5 
 721.42  3040  2634 12411.25 
 721.48  3045  2702 15655.5 
 721.53  3050  2770 20007 
 721.59  3055  2838 20557.5 
 721.62  3060  2906 19211.25 
 721.69  3065  2975 22550.5 
 721.72  3070  3043 28597 
 721.79  3075  3112 32650.75 
 721.84  3080  3180 33935.75 
 721.87  3085  3249 37177.25 
 721.94  3090  3318 32350.75 
 721.97  3095  3387 33356.25 
 722.03  3100  3456 33146.5 
 722.09  3105  3525 49943.75 
 722.12  3110  3594 59859.5 
 722.19  3115  3664 57179.25 
 722.22  3120  3733 51893.75 
 722.29  3125  3803 57956.75 
 722.32  3130  3873 59696.75 
 722.38  3135  3943 59608 
 722.43  3140  4013 66763.5 
 722.49  3145  4083 54433.75 
 722.52  3150  4153 66957.25 
 722.59  3155  4223 58182.5 
 722.62  3160  4294 46019.5 
 722.69  3165  4364 59617.75 
 722.72  3170  4435 70576.25 
 722.79  3175  4506 71715.5 
 722.84  3180  4576 52205.75 
 722.87  3185  4647 56793 
 722.94  3190  4718 61455.25 
 722.97  3195  4790 51866.25 
 723.04  3200  4861 59061 
 723.07  3205  4932 63425 
 723.14  3210  5004 50312 
 723.17  3215  5076 44853.5 
 723.24  3220  5147 48325 
 723.27  3225  5219 38741.5 
 723.34  3230  5291 34003 
 723.37  3235  5363 35753 
 723.44  3240  5436 37680 
 723.47  3245  5508 36029.75 
 723.54  3250  5580 30563.5 
 723.73  3255  3743 29683 
 723.86  3260  3817 34160 
 723.89  3265  3890 32968 
 723.95  3270  3963 33277 
 723.99  3275  4037 32154 
 724.06  3280  4110 30168.75 
 724.09  3285  4184 29582.75 
 724.15  3290  4258 33785 
 724.2  3295  4332 38034 
 724.24  3300  4406 38546 
 724.3  3305  4481 31939.25 
 724.34  3310  4555 32476.75 
 724.41  3315  4630 32037 
 724.44  3320  4704 33349.5 
 724.5  3325  4779 32462 
 724.55  3330  4854 32395.25 
 724.6  3335  4929 30096 
 724.66  3340  5005 30601.5 
 724.69  3345  5080 34061 
 724.76  3350  5155 31453.75 
 724.79  3355  5231 35513.75 
 724.85  3360  5307 24322 
 724.89  3365  5383 29633.5 
 724.95  3370  5459 24153.25 
 724.98  3375  5535 30060.25 
 725.06  3380  5611 28330.75 
 725.09  3385  5688 31496.75 
 725.15  3390  5764 31100 
 725.21  3395  5841 29876 
 725.24  3400  5918 35724.25 
 725.3  3405  5995 31558.5 
 725.33  3410  6072 30163.5 
 725.41  3415  6149 27772.75 
 725.44  3420  6226 32721 
 725.5  3425  6304 30152.75 
 725.56  3430  6381 32849.25 
 725.59  3435  6459 30635.25 
 725.65  3440  6537 22244.25 
 725.7  3445  6615 22707.25 
 725.73  3450  6693 29639.5 
 725.81  3455  6771 29916.5 
 725.84  3460  6850 25119.25 
 725.9  3465  6928 28261.75 
 725.94  3470  7007 30049.25 
 726  3475  7086 23796 
 726.06  3480  7165 27384 
 726.09  3485  7244 27044.75 
 726.16  3490  7323 24402.5 
 726.19  3495  7402 24325 
 726.25  3500  7482 29654.25 
 726.3  3505  7561 30780.5 
 726.36  3510  7641 27357.25 
 726.39  3515  7721 26368.75 
 726.46  3520  7801 27753.5 
 726.49  3525  7881 21395.75 
 726.55  3530  7961 26933.25 
 726.6  3535  8042 28400 
 726.66  3540  8122 29111 
 726.69  3545  8203 29305.25 
 726.75  3550  8283 28850.5 
 726.79  3555  8364 25674.5 
 726.86  3560  8445 26626 
 726.89  3565  8527 21933.5 
 726.96  3570  8608 18623.75 
 726.99  3575  8689 22543.5 
 727.05  3580  8771 16816.75 
 727.11  3585  8853 14652 
 727.14  3590  8934 20991 
 727.21  3595  9016 25502.5 
 727.24  3600  9099 26118.25 
 727.3  3605  9181 20291 
 727.33  3610  9263 18751.25 
 727.41  3615  9346 20859.25 
 727.44  3620  9428 17823.75 
 727.5  3625  9511 24581.25 
 727.55  3630  9594 20035.25 
end
uaIntegration time is 0.2294 seconds per sampledt  3.3E-08 cy 1dh190619El Arenosillo 37.1 6.73 3.394313pr1000dark 1.35 
 780.01  2900  777 66.25 
 780.09  2905  842 62.5 
 780.12  2910  907 66 
 780.19  2915  972 66.5 
 780.24  2920  1037 72.25 
 780.27  2925  1102 72 
 780.34  2930  1168 80.25 
 780.37  2935  1233 90.25 
 780.44  2940  1299 106.75 
 780.47  2945  1365 132 
 780.54  2950  1431 174.5 
 780.57  2955  1497 247 
 780.64  2960  1563 347.25 
 780.67  2965  1629 378 
 780.74  2970  1695 473 
 780.79  2975  1761 886.5 
 780.82  2980  1828 1002.25 
 780.89  2985  1894 981.75 
 780.92  2990  1961 1723.75 
 780.98  2995  2028 2179.5 
 781.04  3000  2095 2109.25 
 781.09  3005  2162 2755.25 
 781.12  3010  2229 4054.25 
 781.19  3015  2296 5134.75 
 781.22  3020  2364 4419.25 
 781.29  3025  2431 7473.5 
 781.32  3030  2499 11269.5 
 781.39  3035  2566 13029.5 
 781.42  3040  2634 12211 
 781.49  3045  2702 15432.75 
 781.52  3050  2770 19703.25 
 781.59  3055  2838 20049.25 
 781.62  3060  2906 19063.25 
 781.69  3065  2975 22187.5 
 781.72  3070  3043 28242 
 781.79  3075  3112 32214.75 
 781.83  3080  3180 33448.25 
 781.89  3085  3249 36558.5 
 781.92  3090  3318 31790 
 781.98  3095  3387 32851.75 
 782.04  3100  3456 32712.75 
 782.07  3105  3525 49517.75 
 782.14  3110  3594 58992 
 782.19  3115  3664 56289.75 
 782.22  3120  3733 51138 
 782.29  3125  3803 57319.25 
 782.32  3130  3873 58867 
 782.39  3135  3943 58726 
 782.42  3140  4013 65702.5 
 782.48  3145  4083 53738 
 782.54  3150  4153 66246.25 
 782.57  3155  4223 57288 
 782.64  3160  4294 45497.75 
 782.67  3165  4364 59187.25 
 782.74  3170  4435 69950.5 
 782.77  3175  4506 70680.25 
 782.84  3180  4576 51494.75 
 782.87  3185  4647 56332 
 782.94  3190  4718 60585.75 
 782.97  3195  4790 51298.5 
 783.04  3200  4861 58345.5 
 783.07  3205  4932 62598.75 
 783.14  3210  5004 49705 
 783.19  3215  5076 44564.25 
 783.22  3220  5147 47693.25 
 783.28  3225  5219 38228.25 
 783.34  3230  5291 33721 
 783.37  3235  5363 35325.25 
 783.44  3240  5436 37205.75 
 783.47  3245  5508 35541.25 
 783.54  3250  5580 30264.25 
 783.74  3255  3743 29294.75 
 783.85  3260  3817 33772.75 
 783.91  3265  3890 32655.25 
 783.94  3270  3963 32863.25 
 784.01  3275  4037 31779 
 784.04  3280  4110 29822 
 784.11  3285  4184 29257.75 
 784.14  3290  4258 33461.5 
 784.21  3295  4332 37587.75 
 784.24  3300  4406 38116.5 
 784.3  3305  4481 31587.75 
 784.36  3310  4555 32141.25 
 784.39  3315  4630 31711.25 
 784.45  3320  4704 32993.5 
 784.49  3325  4779 32160 
 784.56  3330  4854 31986.25 
 784.59  3335  4929 29629.5 
 784.65  3340  5005 30318.75 
 784.71  3345  5080 33474.75 
 784.74  3350  5155 31099 
 784.8  3355  5231 35024.25 
 784.85  3360  5307 23928.75 
 784.91  3365  5383 29299.75 
 784.94  3370  5459 23859.5 
 785  3375  5535 29748.5 
 785.05  3380  5611 27934 
 785.09  3385  5688 31188.75 
 785.16  3390  5764 30555.75 
 785.19  3395  5841 29546.75 
 785.26  3400  5918 35262.25 
 785.29  3405  5995 31146.75 
 785.35  3410  6072 29894 
 785.39  3415  6149 27413.75 
 785.46  3420  6226 32399.75 
 785.49  3425  6304 29836.25 
 785.55  3430  6381 32480.25 
 785.61  3435  6459 30341.5 
 785.64  3440  6537 21886.5 
 785.7  3445  6615 22508.5 
 785.74  3450  6693 29221.5 
 785.8  3455  6771 29476.75 
 785.85  3460  6850 24863.25 
 785.9  3465  6928 27879 
 785.94  3470  7007 29657.25 
 786.01  3475  7086 23433.5 
 786.04  3480  7165 27024.75 
 786.11  3485  7244 26652 
 786.14  3490  7323 24165.75 
 786.2  3495  7402 24044.75 
 786.24  3500  7482 29454 
 786.3  3505  7561 30480.25 
 786.36  3510  7641 26991.25 
 786.39  3515  7721 26136.25 
 786.46  3520  7801 27296.5 
 786.49  3525  7881 21197 
 786.56  3530  7961 26704.75 
 786.59  3535  8042 28073.25 
 786.66  3540  8122 28654.5 
 786.69  3545  8203 28950.75 
 786.75  3550  8283 28354.5 
 786.81  3555  8364 25355.75 
 786.84  3560  8445 26226.75 
 786.91  3565  8527 21663.5 
 786.94  3570  8608 18363 
 787  3575  8689 22220.5 
 787.05  3580  8771 16565.5 
 787.1  3585  8853 14501.25 
 787.14  3590  8934 20896.5 
 787.21  3595  9016 25083.25 
 787.24  3600  9099 25761.5 
 787.3  3605  9181 19839.75 
 787.35  3610  9263 18474.75 
 787.39  3615  9346 20586 
 787.46  3620  9428 17657 
 787.49  3625  9511 24167 
 787.56  3630  9594 19589.5 
end
uaIntegration time is 0.2294 seconds per sampledt  3.3E-08 cy 1dh190619El Arenosillo 37.1 6.73 3.394313pr1000dark 1.05 
 840.01  2900  777 57 
 840.08  2905  842 55.5 
 840.13  2910  907 55.5 
 840.18  2915  972 58.5 
 840.23  2920  1037 60.75 
 840.28  2925  1102 63.25 
 840.33  2930  1168 67.25 
 840.38  2935  1233 74.5 
 840.43  2940  1299 82.5 
 840.48  2945  1365 97 
 840.53  2950  1431 122.25 
 840.58  2955  1497 168.5 
 840.63  2960  1563 238.5 
 840.68  2965  1629 261 
 840.73  2970  1695 323 
 840.78  2975  1761 613 
 840.83  2980  1828 695.5 
 840.88  2985  1894 710 
 840.93  2990  1961 1242.5 
 840.98  2995  2028 1602.5 
 841.03  3000  2095 1570.25 
 841.08  3005  2162 2048.25 
 841.13  3010  2229 3061 
 841.18  3015  2296 3933.75 
 841.23  3020  2364 3386.75 
 841.28  3025  2431 5842.75 
 841.33  3030  2499 8941 
 841.38  3035  2566 10329 
 841.43  3040  2634 9733.75 
 841.48  3045  2702 12481.25 
 841.53  3050  2770 16191.5 
 841.58  3055  2838 16567 
 841.63  3060  2906 15671.25 
 841.68  3065  2975 18372.5 
 841.73  3070  3043 23621.75 
 841.78  3075  3112 27214 
 841.83  3080  3180 28320.5 
 841.88  3085  3249 31104.25 
 841.93  3090  3318 27135.25 
 841.98  3095  3387 28355.75 
 842.03  3100  3456 28176.75 
 842.08  3105  3525 42844 
 842.13  3110  3594 51252.5 
 842.18  3115  3664 48877.75 
 842.23  3120  3733 44684.5 
 842.28  3125  3803 50225 
 842.33  3130  3873 51587.25 
 842.38  3135  3943 51585.5 
 842.43  3140  4013 57995 
 842.48  3145  4083 47666.75 
 842.53  3150  4153 58845.75 
 842.58  3155  4223 50890.5 
 842.63  3160  4294 40575.5 
 842.68  3165  4364 52933.75 
 842.73  3170  4435 62568.25 
 842.78  3175  4506 61998 
 842.83  3180  4576 45840.25 
 842.88  3185  4647 50310 
 842.93  3190  4718 54579 
 842.98  3195  4790 45985.75 
 843.03  3200  4861 52338.75 
 843.08  3205  4932 56457.25 
 843.13  3210  5004 44698.75 
 843.18  3215  5076 40183.25 
 843.23  3220  5147 43018.75 
 843.28  3225  5219 34179.75 
 843.33  3230  5291 30339.75 
 843.38  3235  5363 32014 
 843.43  3240  5436 33687.25 
 843.48  3245  5508 32171 
 843.53  3250  5580 27220 
 843.74  3255  3743 26406.25 
 843.85  3260  3817 30496.75 
 843.89  3265  3890 29644.75 
 843.95  3270  3963 29982.25 
 844  3275  4037 28827.75 
 844.05  3280  4110 27090.25 
 844.1  3285  4184 26640.75 
 844.15  3290  4258 30466.5 
 844.2  3295  4332 33941.25 
 844.25  3300  4406 34652 
 844.3  3305  4481 28797.25 
 844.35  3310  4555 29172.5 
 844.4  3315  4630 28751.25 
 844.45  3320  4704 29898 
 844.5  3325  4779 29308.75 
 844.55  3330  4854 29111.25 
 844.6  3335  4929 27070.5 
 844.65  3340  5005 27596.75 
 844.7  3345  5080 30492.75 
 844.75  3350  5155 28453.75 
 844.8  3355  5231 31909 
 844.85  3360  5307 21839.5 
 844.9  3365  5383 26713.5 
 844.94  3370  5459 21625.75 
 845  3375  5535 27204.25 
 845.05  3380  5611 25497.75 
 845.1  3385  5688 28555.5 
 845.15  3390  5764 28034.75 
 845.2  3395  5841 26854.75 
 845.25  3400  5918 32312.5 
 845.3  3405  5995 28491.25 
 845.35  3410  6072 27245.5 
 845.4  3415  6149 23634.5 
 845.45  3420  6226 28939 
 845.5  3425  6304 27367.75 
 845.55  3430  6381 29539 
 845.59  3435  6459 27770.25 
 845.65  3440  6537 19989.5 
 845.7  3445  6615 20473 
 845.75  3450  6693 26360.25 
 845.8  3455  6771 25612.25 
 845.85  3460  6850 21847 
 845.9  3465  6928 25414.25 
 845.95  3470  7007 26962.75 
 846  3475  7086 21486.75 
 846.05  3480  7165 24689.5 
 846.1  3485  7244 24307.25 
 846.15  3490  7323 21939 
 846.2  3495  7402 21577.25 
 846.25  3500  7482 26786 
 846.3  3505  7561 27832.5 
 846.35  3510  7641 24717.25 
 846.4  3515  7721 23914.5 
 846.45  3520  7801 25095 
 846.5  3525  7881 19333.5 
 846.55  3530  7961 24395.5 
 846.6  3535  8042 25652 
 846.65  3540  8122 26189.5 
 846.7  3545  8203 25178 
 846.75  3550  8283 26083.75 
 846.8  3555  8364 22987 
 846.85  3560  8445 23622 
 846.9  3565  8527 19734.75 
 846.95  3570  8608 16642.75 
 847  3575  8689 20070.5 
 847.05  3580  8771 14359 
 847.1  3585  8853 12166 
 847.15  3590  8934 18355.5 
 847.2  3595  9016 22826.25 
 847.25  3600  9099 23336.5 
 847.3  3605  9181 18201.5 
 847.35  3610  9263 16865.75 
 847.4  3615  9346 18808.75 
 847.45  3620  9428 16099 
 847.5  3625  9511 22204 
 847.55  3630  9594 17994.75 
end
uaIntegration time is 0.2294 seconds per sampledt  3.3E-08 cy 1dh190619El Arenosillo 37.1 6.73 3.394313pr1000dark 1.5 
 900.01  2900  777 44 
 900.08  2905  842 45.25 
 900.13  2910  907 45 
 900.18  2915  972 48 
 900.23  2920  1037 47.75 
 900.28  2925  1102 43.75 
 900.33  2930  1168 49.25 
 900.38  2935  1233 51 
 900.43  2940  1299 59.25 
 900.48  2945  1365 62.75 
 900.53  2950  1431 73.5 
 900.58  2955  1497 90 
 900.63  2960  1563 123.25 
 900.68  2965  1629 138.75 
 900.73  2970  1695 165.25 
 900.78  2975  1761 313.75 
 900.83  2980  1828 356.25 
 900.88  2985  1894 371.75 
 900.93  2990  1961 655.75 
 900.98  2995  2028 876.25 
 901.03  3000  2095 881.5 
 901.08  3005  2162 1150.25 
 901.13  3010  2229 1777.25 
 901.18  3015  2296 2366 
 901.23  3020  2364 2095.5 
 901.28  3025  2431 3619 
 901.33  3030  2499 5663.75 
 901.38  3035  2566 6636.5 
 901.43  3040  2634 6396.5 
 901.48  3045  2702 8238 
 901.53  3050  2770 10955.25 
 901.58  3055  2838 11355.25 
 901.63  3060  2906 10873 
 901.68  3065  2975 12838 
 901.73  3070  3043 16863.75 
 901.78  3075  3112 19620.25 
 901.83  3080  3180 20605.75 
 901.88  3085  3249 22802.25 
 901.93  3090  3318 20023.25 
 901.98  3095  3387 21260.25 
 902.03  3100  3456 21360.5 
 902.08  3105  3525 32660.25 
 902.13  3110  3594 39219.25 
 902.18  3115  3664 37595 
 902.23  3120  3733 34763.25 
 902.28  3125  3803 39437 
 902.33  3130  3873 40716.75 
 902.38  3135  3943 40521.5 
 902.43  3140  4013 45907.75 
 902.48  3145  4083 38024.25 
 902.53  3150  4153 47272 
 902.58  3155  4223 40679 
 902.63  3160  4294 32672.25 
 902.68  3165  4364 42868.75 
 902.73  3170  4435 50703.75 
 902.78  3175  4506 51133.5 
 902.83  3180  4576 37414.25 
 902.88  3185  4647 41509.75 
 902.93  3190  4718 44931 
 902.98  3195  4790 37689.5 
 903.03  3200  4861 42823 
 903.08  3205  4932 46484.75 
 903.13  3210  5004 37167 
 903.18  3215  5076 33315.25 
 903.23  3220  5147 35442.75 
 903.28  3225  5219 28320.75 
 903.33  3230  5291 25247.5 
 903.38  3235  5363 26629.25 
 903.43  3240  5436 28193.5 
 903.48  3245  5508 26722 
 903.53  3250  5580 22649 
 903.74  3255  3743 21984.5 
 903.85  3260  3817 25489.25 
 903.9  3265  3890 24843.75 
 903.95  3270  3963 24991.75 
 904  3275  4037 24095.75 
 904.05  3280  4110 22441.75 
 904.1  3285  4184 22218.5 
 904.15  3290  4258 25481.5 
 904.2  3295  4332 28657.75 
 904.25  3300  4406 29098.5 
 904.29  3305  4481 24007.25 
 904.35  3310  4555 24422.5 
 904.4  3315  4630 24173.75 
 904.45  3320  4704 25189.75 
 904.5  3325  4779 24626 
 904.55  3330  4854 24445.75 
 904.6  3335  4929 22703 
 904.65  3340  5005 23113.25 
 904.7  3345  5080 25747.75 
 904.75  3350  5155 23845.25 
 904.8  3355  5231 26926.25 
 904.85  3360  5307 18396 
 904.9  3365  5383 22447.75 
 904.95  3370  5459 18273.25 
 905  3375  5535 22820 
 905.05  3380  5611 21458.5 
 905.1  3385  5688 23976 
 905.15  3390  5764 23560.25 
 905.2  3395  5841 22772.75 
 905.25  3400  5918 27043.5 
 905.3  3405  5995 23953.25 
 905.35  3410  6072 22941.25 
 905.4  3415  6149 21078.25 
 905.45  3420  6226 24849.5 
 905.5  3425  6304 23001.75 
 905.55  3430  6381 24957.5 
 905.6  3435  6459 23254.5 
 905.65  3440  6537 16807 
 905.7  3445  6615 17328.75 
 905.75  3450  6693 22426 
 905.8  3455  6771 22714.5 
 905.85  3460  6850 19093.5 
 905.9  3465  6928 21386.75 
 905.95  3470  7007 22797.5 
 906  3475  7086 18063.5 
 906.05  3480  7165 20737 
 906.1  3485  7244 20518.5 
 906.15  3490  7323 18581 
 906.2  3495  7402 18436 
 906.25  3500  7482 22659.75 
 906.3  3505  7561 23422.5 
 906.35  3510  7641 20709.75 
 906.4  3515  7721 20013.75 
 906.45  3520  7801 21060.25 
 906.5  3525  7881 16274 
 906.55  3530  7961 20492.25 
 906.6  3535  8042 21541.5 
 906.65  3540  8122 22062.5 
 906.7  3545  8203 22228.75 
 906.75  3550  8283 21873.25 
 906.8  3555  8364 19453 
 906.85  3560  8445 20218.5 
 906.9  3565  8527 16603.5 
 906.95  3570  8608 14057.5 
 907  3575  8689 17042.5 
 907.05  3580  8771 12752.5 
 907.1  3585  8853 11096 
 907.15  3590  8934 15919.75 
 907.2  3595  9016 19282.25 
 907.25  3600  9099 19769.5 
 907.3  3605  9181 15228.5 
 907.35  3610  9263 14190.5 
 907.4  3615  9346 15764.25 
 907.45  3620  9428 13555.5 
 907.5  3625  9511 18611.5 
 907.55  3630  9594 15170.5 
end
uaIntegration time is 0.2294 seconds per sampledt  3.3E-08 cy 1dh190619El Arenosillo 37.1 6.73 3.340665pr1000dark 1 
 960.01  2900  777 29.75 
 960.08  2905  842 33 
 960.13  2910  907 32.5 
 960.18  2915  972 30.5 
 960.23  2920  1037 30.75 
 960.28  2925  1102 35.25 
 960.33  2930  1168 34 
 960.38  2935  1233 28.25 
 960.43  2940  1299 32 
 960.48  2945  1365 35 
 960.53  2950  1431 36.5 
 960.58  2955  1497 42.75 
 960.63  2960  1563 53 
 960.68  2965  1629 58.75 
 960.73  2970  1695 67.75 
 960.78  2975  1761 105 
 960.83  2980  1828 124.25 
 960.88  2985  1894 137.5 
 960.93  2990  1961 232.25 
 960.98  2995  2028 327 
 961.03  3000  2095 330.5 
 961.08  3005  2162 458.25 
 961.13  3010  2229 738.75 
 961.18  3015  2296 975.25 
 961.23  3020  2364 886 
 961.28  3025  2431 1623.75 
 961.33  3030  2499 2632.5 
 961.38  3035  2566 3139.5 
 961.43  3040  2634 2642.75 
 961.48  3045  2702 3947.25 
 961.53  3050  2770 4879.75 
 961.58  3055  2838 5615 
 961.63  3060  2906 5714.25 
 961.68  3065  2975 6475.5 
 961.73  3070  3043 9487.25 
 961.78  3075  3112 11418 
 961.83  3080  3180 12056 
 961.88  3085  3249 13337.5 
 961.93  3090  3318 11647.5 
 961.98  3095  3387 13008.25 
 962.03  3100  3456 13434.25 
 962.08  3105  3525 20913.75 
 962.13  3110  3594 24540 
 962.18  3115  3664 22533.5 
 962.23  3120  3733 21633.25 
 962.28  3125  3803 21835.25 
 962.33  3130  3873 23296.25 
 962.38  3135  3943 22130.25 
 962.43  3140  4013 25761.5 
 962.48  3145  4083 24577.75 
 962.53  3150  4153 32037 
 962.58  3155  4223 28336.5 
 962.63  3160  4294 23195.5 
 962.68  3165  4364 30593.5 
 962.73  3170  4435 36226.25 
 962.78  3175  4506 36501.5 
 962.83  3180  4576 26930 
 962.88  3185  4647 30186.5 
 962.93  3190  4718 32832.25 
 962.98  3195  4790 27262 
 963.03  3200  4861 31003.25 
 963.08  3205  4932 34069 
 963.13  3210  5004 27409.75 
 963.18  3215  5076 24721.5 
 963.23  3220  5147 25998.25 
 963.28  3225  5219 20748.75 
 963.33  3230  5291 18632.75 
 963.38  3235  5363 19664.25 
 963.43  3240  5436 21032.25 
 963.48  3245  5508 19895 
 963.53  3250  5580 16702.25 
 963.74  3255  3743 15245.25 
 963.85  3260  3817 19109 
 963.9  3265  3890 19087 
 963.95  3270  3963 19284.5 
 964  3275  4037 18396.25 
 964.05  3280  4110 16822 
 964.1  3285  4184 16833.25 
 964.15  3290  4258 19453.75 
 964.2  3295  4332 21884 
 964.25  3300  4406 22107.25 
 964.3  3305  4481 18104.25 
 964.35  3310  4555 18479 
 964.4  3315  4630 18232.25 
 964.44  3320  4704 19124.75 
 964.5  3325  4779 18829.5 
 964.55  3330  4854 18679.25 
 964.6  3335  4929 17201.5 
 964.65  3340  5005 17563.5 
 964.7  3345  5080 19044.5 
 964.75  3350  5155 18211.25 
 964.8  3355  5231 20399 
 964.85  3360  5307 14213.25 
 964.9  3365  5383 17188.25 
 964.95  3370  5459 13970.75 
 965  3375  5535 17528.25 
 965.05  3380  5611 16495.75 
 965.1  3385  5688 18406.5 
 965.15  3390  5764 17967.5 
 965.2  3395  5841 17527.5 
 965.25  3400  5918 20502 
 965.3  3405  5995 17236.25 
 965.35  3410  6072 16908 
 965.4  3415  6149 16172 
 965.45  3420  6226 19217 
 965.5  3425  6304 17910.25 
 965.55  3430  6381 19545.5 
 965.6  3435  6459 18296.5 
 965.65  3440  6537 12925.25 
 965.7  3445  6615 12621 
 965.75  3450  6693 16144.75 
 965.8  3455  6771 15731.5 
 965.85  3460  6850 13967.25 
 965.9  3465  6928 15475.75 
 965.95  3470  7007 16450.75 
 966  3475  7086 14343 
 966.05  3480  7165 16466 
 966.1  3485  7244 14706.25 
 966.15  3490  7323 13523.25 
 966.2  3495  7402 14032 
 966.25  3500  7482 16865.25 
 966.3  3505  7561 18164 
 966.35  3510  7641 16100.5 
 966.4  3515  7721 15469.25 
 966.45  3520  7801 16259.75 
 966.5  3525  7881 12631 
 966.55  3530  7961 15807.25 
 966.6  3535  8042 16609.75 
 966.65  3540  8122 16914.5 
 966.7  3545  8203 17190 
 966.75  3550  8283 16757.25 
 966.8  3555  8364 14931 
 966.85  3560  8445 15563.5 
 966.9  3565  8527 12692.25 
 966.95  3570  8608 10705.25 
 967  3575  8689 12969.5 
 967.05  3580  8771 9686.25 
 967.1  3585  8853 8565.25 
 967.15  3590  8934 12195.25 
 967.2  3595  9016 14723.75 
 967.25  3600  9099 15234 
 967.3  3605  9181 11804.5 
 967.35  3610  9263 11019.5 
 967.4  3615  9346 12259 
 967.45  3620  9428 10487.25 
 967.5  3625  9511 14539 
 967.55  3630  9594 11630.75 
end
uaIntegration time is 0.2294 seconds per sampledt  3.3E-08 cy 1dh190619El Arenosillo 37.1 6.73 3.287017pr1000dark .95 
 1020.02  2900  777 16.75 
 1020.08  2905  842 16.25 
 1020.13  2910  907 15 
 1020.18  2915  972 16 
 1020.23  2920  1037 17 
 1020.28  2925  1102 18 
 1020.33  2930  1168 16.75 
 1020.38  2935  1233 18.5 
 1020.43  2940  1299 20.25 
 1020.48  2945  1365 19.75 
 1020.53  2950  1431 19.5 
 1020.58  2955  1497 19.75 
 1020.63  2960  1563 23.5 
 1020.68  2965  1629 22 
 1020.73  2970  1695 25.75 
 1020.78  2975  1761 27.75 
 1020.83  2980  1828 32.75 
 1020.88  2985  1894 36.75 
 1020.93  2990  1961 53 
 1020.98  2995  2028 69.75 
 1021.03  3000  2095 72.25 
 1021.08  3005  2162 108.5 
 1021.13  3010  2229 165 
 1021.19  3015  2296 235.5 
 1021.23  3020  2364 227 
 1021.28  3025  2431 413.25 
 1021.34  3030  2499 708.5 
 1021.38  3035  2566 905.25 
 1021.43  3040  2634 898.5 
 1021.47  3045  2702 1259.5 
 1021.54  3050  2770 1828.75 
 1021.58  3055  2838 1992.25 
 1021.63  3060  2906 2026.25 
 1021.68  3065  2975 2545.75 
 1021.73  3070  3043 3640.75 
 1021.78  3075  3112 4456.75 
 1021.83  3080  3180 4885 
 1021.88  3085  3249 5591.75 
 1021.94  3090  3318 5119.5 
 1021.98  3095  3387 5891.25 
 1022.03  3100  3456 6205.25 
 1022.08  3105  3525 9681 
 1022.13  3110  3594 11938.25 
 1022.18  3115  3664 11658 
 1022.24  3120  3733 11477 
 1022.28  3125  3803 13460.25 
 1022.33  3130  3873 14191 
 1022.38  3135  3943 14090 
 1022.43  3140  4013 16411 
 1022.48  3145  4083 14366.25 
 1022.53  3150  4153 18016.25 
 1022.58  3155  4223 15276.75 
 1022.63  3160  4294 12777.25 
 1022.68  3165  4364 17407.75 
 1022.73  3170  4435 20684.5 
 1022.78  3175  4506 20567.5 
 1022.83  3180  4576 15332.5 
 1022.89  3185  4647 17831 
 1022.93  3190  4718 19069 
 1022.98  3195  4790 15106.5 
 1023.04  3200  4861 17951.75 
 1023.08  3205  4932 20354.5 
 1023.14  3210  5004 16789.25 
 1023.18  3215  5076 15178.75 
 1023.23  3220  5147 15676 
 1023.28  3225  5219 12573.25 
 1023.33  3230  5291 11413 
 1023.38  3235  5363 12586 
 1023.43  3240  5436 13369.5 
 1023.48  3245  5508 12498.5 
 1023.53  3250  5580 10426.25 
 1023.75  3255  3743 9912.75 
 1023.85  3260  3817 11182 
 1023.9  3265  3890 11919.5 
 1023.95  3270  3963 12021.75 
 1024  3275  4037 10145.25 
 1024.05  3280  4110 9563.5 
 1024.1  3285  4184 10042.5 
 1024.15  3290  4258 11604.75 
 1024.2  3295  4332 14031 
 1024.25  3300  4406 14356.5 
 1024.3  3305  4481 11726.75 
 1024.35  3310  4555 11877.25 
 1024.4  3315  4630 11839.5 
 1024.45  3320  4704 12491.5 
 1024.5  3325  4779 12279 
 1024.55  3330  4854 12148 
 1024.6  3335  4929 11191 
 1024.65  3340  5005 11404.75 
 1024.7  3345  5080 12741.25 
 1024.75  3350  5155 11904.25 
 1024.8  3355  5231 13382.5 
 1024.85  3360  5307 9187.5 
 1024.9  3365  5383 11149 
 1024.95  3370  5459 8971.5 
 1025  3375  5535 11299 
 1025.05  3380  5611 10630.25 
 1025.1  3385  5688 11942 
 1025.15  3390  5764 11684.75 
 1025.2  3395  5841 11292.75 
 1025.25  3400  5918 13387 
 1025.3  3405  5995 11923 
 1025.35  3410  6072 11404.75 
 1025.4  3415  6149 10506.25 
 1025.45  3420  6226 12185.5 
 1025.5  3425  6304 11425.75 
 1025.55  3430  6381 12356.75 
 1025.6  3435  6459 11585.5 
 1025.65  3440  6537 8327.5 
 1025.7  3445  6615 8578.5 
 1025.75  3450  6693 11052.5 
 1025.8  3455  6771 11290.75 
 1025.85  3460  6850 9629.5 
 1025.9  3465  6928 10791 
 1025.95  3470  7007 11428.25 
 1026  3475  7086 8922.25 
 1026.05  3480  7165 10274 
 1026.1  3485  7244 9648.75 
 1026.15  3490  7323 7969.5 
 1026.2  3495  7402 9208.25 
 1026.25  3500  7482 11467 
 1026.3  3505  7561 11724 
 1026.35  3510  7641 10466.5 
 1026.4  3515  7721 10140.5 
 1026.45  3520  7801 10703.5 
 1026.5  3525  7881 7837.75 
 1026.55  3530  7961 9576.5 
 1026.6  3535  8042 9687.75 
 1026.65  3540  8122 10329 
 1026.7  3545  8203 11077.5 
 1026.75  3550  8283 10931.75 
 1026.8  3555  8364 9422.75 
 1026.85  3560  8445 10188.25 
 1026.9  3565  8527 8336.25 
 1026.95  3570  8608 7125.5 
 1027  3575  8689 8554.25 
 1027.05  3580  8771 6167 
 1027.1  3585  8853 5678.5 
 1027.15  3590  8934 7933.75 
 1027.2  3595  9016 9587.75 
 1027.25  3600  9099 9827.25 
 1027.3  3605  9181 6560.25 
 1027.35  3610  9263 6156.25 
 1027.4  3615  9346 6898 
 1027.45  3620  9428 6632.75 
 1027.5  3625  9511 9439 
 1027.55  3630  9594 7648.75 
end
uxIntegration time is 0.2294 seconds per sampledt  3.3E-08 cy 1dh190619El Arenosillo 37.1 6.73 3.072425pr1000dark .55 
 1179.91  2900  777 1 
 1179.94  2905  842 .75 
 1179.97  2910  907 .75 
 1180  2915  972 1 
 1180.03  2920  1037 .5 
 1180.06  2925  1102 .5 
 1180.09  2930  1168 1 
 1180.13  2935  1233 .5 
 1180.16  2940  1299 1 
 1180.19  2945  1365 1 
 1180.22  2950  1431 .75 
 1180.25  2955  1497 1 
 1180.28  2960  1563 .75 
 1180.31  2965  1629 1 
 1180.34  2970  1695 .5 
 1180.37  2975  1761 .75 
 1180.4  2980  1828 .75 
 1180.43  2985  1894 .75 
 1180.46  2990  1961 .75 
 1180.49  2995  2028 .75 
 1180.51  3000  2095 1.5 
 1180.53  3005  2162 1 
 1180.56  3010  2229 1.5 
 1180.58  3015  2296 1.5 
 1180.6  3020  2364 2 
 1180.62  3025  2431 2.5 
 1180.65  3030  2499 4.5 
 1180.67  3035  2566 3.5 
 1180.69  3040  2634 5.5 
 1180.71  3045  2702 4.5 
 1180.74  3050  2770 6.5 
 1180.76  3055  2838 7.5 
 1180.78  3060  2906 7.5 
 1180.81  3065  2975 8.5 
 1180.83  3070  3043 12 
 1180.85  3075  3112 14 
 1180.87  3080  3180 18.5 
 1180.9  3085  3249 20 
 1180.92  3090  3318 16 
 1180.94  3095  3387 17 
 1180.97  3100  3456 21.5 
 1180.99  3105  3525 32 
 1181.01  3110  3594 41.5 
 1181.03  3115  3664 43.5 
 1181.06  3120  3733 41 
 1181.08  3125  3803 54 
 1181.1  3130  3873 54.5 
 1181.12  3135  3943 54 
 1181.15  3140  4013 68 
 1181.17  3145  4083 65.5 
 1181.19  3150  4153 81 
 1181.22  3155  4223 70 
 1181.24  3160  4294 65 
 1181.26  3165  4364 98.5 
 1181.28  3170  4435 119 
 1181.31  3175  4506 110.5 
 1181.33  3180  4576 90 
 1181.35  3185  4647 129.5 
 1181.38  3190  4718 158.5 
 1181.4  3195  4790 114.5 
 1181.42  3200  4861 123.5 
 1181.45  3205  4932 169.5 
 1181.47  3210  5004 177.5 
 1181.49  3215  5076 169.5 
 1181.51  3220  5147 147 
 1181.54  3225  5219 107.5 
 1181.56  3230  5291 121.5 
 1181.58  3235  5363 189.5 
 1181.61  3240  5436 202.5 
 1181.63  3245  5508 171.5 
 1181.65  3250  5580 116 
 1181.84  3255  3743 130 
 1181.86  3260  3817 191 
 1181.89  3265  3890 229.5 
 1181.91  3270  3963 226.5 
 1181.93  3275  4037 196 
 1181.96  3280  4110 153.5 
 1181.98  3285  4184 186.5 
 1182  3290  4258 269.5 
 1182.03  3295  4332 322.5 
 1182.05  3300  4406 320.5 
 1182.07  3305  4481 221 
 1182.1  3310  4555 214.5 
 1182.12  3315  4630 235 
 1182.14  3320  4704 287 
 1182.17  3325  4779 321.5 
 1182.19  3330  4854 297 
 1182.21  3335  4929 246 
 1182.24  3340  5005 248 
 1182.26  3345  5080 302.5 
 1182.28  3350  5155 305.5 
 1182.31  3355  5231 363 
 1182.33  3360  5307 257 
 1182.35  3365  5383 292.5 
 1182.38  3370  5459 222 
 1182.4  3375  5535 261.5 
 1182.42  3380  5611 271.5 
 1182.45  3385  5688 325.5 
 1182.47  3390  5764 331.5 
 1182.49  3395  5841 319 
 1182.52  3400  5918 343 
 1182.54  3405  5995 312.5 
 1182.56  3410  6072 312 
 1182.59  3415  6149 290.5 
 1182.61  3420  6226 356 
 1182.63  3425  6304 325.5 
 1182.66  3430  6381 356.5 
 1182.68  3435  6459 332.5 
 1182.7  3440  6537 228 
 1182.73  3445  6615 233 
 1182.75  3450  6693 308.5 
 1182.77  3455  6771 322 
 1182.8  3460  6850 280.5 
 1182.82  3465  6928 307.5 
 1182.84  3470  7007 316 
 1182.87  3475  7086 252.5 
 1182.89  3480  7165 309 
 1182.91  3485  7244 288 
 1182.94  3490  7323 269 
 1182.96  3495  7402 268 
 1182.98  3500  7482 333 
 1183.01  3505  7561 339 
 1183.03  3510  7641 290 
 1183.06  3515  7721 277 
 1183.08  3520  7801 291 
 1183.1  3525  7881 229.5 
 1183.13  3530  7961 286 
 1183.15  3535  8042 303.5 
 1183.17  3540  8122 308 
 1183.2  3545  8203 311 
 1183.22  3550  8283 318.5 
 1183.25  3555  8364 284 
 1183.27  3560  8445 286 
 1183.29  3565  8527 232.5 
 1183.32  3570  8608 201.5 
 1183.34  3575  8689 227 
 1183.36  3580  8771 178 
 1183.39  3585  8853 156.5 
 1183.41  3590  8934 219.5 
 1183.43  3595  9016 263 
 1183.46  3600  9099 279 
 1183.48  3605  9181 225 
 1183.5  3610  9263 203.5 
 1183.53  3615  9346 210 
 1183.55  3620  9428 185.5 
 1183.58  3625  9511 258 
 1183.6  3630  9594 203.5 
end
