ufIntegration time is 0.2294 seconds per sampledt  4E-08 cy 4dh250619El Arenosillo 37.1 6.73 3.01pr1000dark 2.8 
 287.48  2900  1280 2 
 287.52  2905  1350 2 
 287.55  2910  1420 3 
 287.58  2915  1490 2 
 287.62  2920  1561 3 
 287.65  2925  1631 4 
 287.69  2930  1702 2 
 287.72  2935  1773 1 
 287.76  2940  1843 2 
 287.79  2945  1914 2 
 287.83  2950  1985 1 
 287.86  2955  2056 3 
 287.9  2960  2127 1 
 287.93  2965  2198 3 
 287.97  2970  2269 2 
 288  2975  2340 2 
 288.04  2980  2411 3 
 288.07  2985  2483 3 
 288.11  2990  2554 2 
 288.14  2995  2626 2 
 288.18  3000  2697 0 
 288.21  3005  2769 2 
 288.25  3010  2841 3 
 288.28  3015  2912 2 
 288.32  3020  2984 2 
 288.35  3025  3056 2 
 288.39  3030  3128 1 
 288.42  3035  3200 2 
 288.46  3040  3273 2 
 288.49  3045  3345 3 
 288.53  3050  3417 5 
 288.56  3055  3490 5 
 288.6  3060  3562 3 
 288.63  3065  3635 4 
 288.67  3070  3707 6 
 288.7  3075  3780 8 
 288.74  3080  3853 4 
 288.77  3085  3926 7 
 288.81  3090  3998 7 
 288.84  3095  4071 7 
 288.88  3100  4145 7 
 288.91  3105  4218 12 
 288.95  3110  4291 17 
 288.98  3115  4364 13 
 289.02  3120  4438 11 
 289.05  3125  4511 16 
 289.09  3130  4585 18 
 289.12  3135  4658 19 
 289.16  3140  4732 22 
 289.19  3145  4806 22 
 289.23  3150  4880 30 
 289.26  3155  4954 20 
 289.3  3160  5028 17 
 289.33  3165  5102 26 
 289.37  3170  5176 36 
 289.4  3175  5251 31 
 289.44  3180  5325 24 
 289.47  3185  5399 34 
 289.51  3190  5474 36 
 289.54  3195  5549 31 
 289.58  3200  5623 35 
 289.61  3205  5698 50 
 289.65  3210  5773 37 
 289.68  3215  5848 37 
 289.71  3220  5923 43 
 289.75  3225  5998 28 
 289.79  3230  6073 29 
 289.82  3235  6149 36 
 289.86  3240  6224 49 
 289.89  3245  6300 43 
 289.93  3250  6375 37 
end
uaIntegration time is 0.2294 seconds per sampledt  4E-08 cy 1dh250619El Arenosillo 37.1 6.73 3.01pr1000dark .4 
 330.02  2900  1280 1.25 
 330.07  2905  1350 .5 
 330.12  2910  1420 .5 
 330.17  2915  1490 1 
 330.22  2920  1561 1.25 
 330.27  2925  1631 .75 
 330.32  2930  1702 1.25 
 330.37  2935  1773 1.25 
 330.42  2940  1843 1 
 330.47  2945  1914 1.25 
 330.52  2950  1985 .75 
 330.57  2955  2056 1.5 
 330.62  2960  2127 .75 
 330.67  2965  2198 1.5 
 330.72  2970  2269 1.25 
 330.77  2975  2340 1 
 330.82  2980  2411 1.25 
 330.87  2985  2483 1 
 330.92  2990  2554 1.5 
 330.97  2995  2626 1.75 
 331.02  3000  2697 1.5 
 331.07  3005  2769 1.75 
 331.12  3010  2841 2.25 
 331.17  3015  2912 3.5 
 331.22  3020  2984 2.75 
 331.27  3025  3056 3.75 
 331.32  3030  3128 6.75 
 331.37  3035  3200 8.5 
 331.42  3040  3273 8.25 
 331.47  3045  3345 9.75 
 331.52  3050  3417 15.25 
 331.57  3055  3490 16.5 
 331.62  3060  3562 17 
 331.67  3065  3635 18.5 
 331.72  3070  3707 28.75 
 331.77  3075  3780 37.75 
 331.82  3080  3853 40 
 331.87  3085  3926 44.25 
 331.92  3090  3998 40 
 331.97  3095  4071 49.5 
 332.02  3100  4145 52.5 
 332.07  3105  4218 90.75 
 332.12  3110  4291 105.5 
 332.17  3115  4364 103 
 332.22  3120  4438 108 
 332.27  3125  4511 139.5 
 332.32  3130  4585 158 
 332.37  3135  4658 156 
 332.42  3140  4732 192 
 332.47  3145  4806 205.75 
 332.52  3150  4880 273 
 332.57  3155  4954 221.75 
 332.62  3160  5028 223.75 
 332.67  3165  5102 364 
 332.72  3170  5176 428.5 
 332.77  3175  5251 396.75 
 332.82  3180  5325 339.5 
 332.87  3185  5399 510 
 332.92  3190  5474 639.5 
 332.97  3195  5549 451.5 
 333.02  3200  5623 529.5 
 333.07  3205  5698 754.75 
 333.12  3210  5773 724.75 
 333.17  3215  5848 696 
 333.22  3220  5923 595 
 333.27  3225  5998 473.5 
 333.32  3230  6073 550 
 333.37  3235  6149 763.25 
 333.42  3240  6224 840.5 
 333.47  3245  6300 710.5 
 333.52  3250  6375 529.25 
end
uaIntegration time is 0.2294 seconds per sampledt  4E-08 cy 1dh250619El Arenosillo 37.1 6.73 3.01pr1000dark .6 
 360.02  2900  1280 2.5 
 360.07  2905  1350 2.25 
 360.12  2910  1420 2.25 
 360.17  2915  1490 2 
 360.22  2920  1561 2 
 360.27  2925  1631 2.75 
 360.32  2930  1702 3.5 
 360.37  2935  1773 2.25 
 360.42  2940  1843 2.25 
 360.47  2945  1914 2.75 
 360.52  2950  1985 2 
 360.57  2955  2056 2.5 
 360.62  2960  2127 2.5 
 360.67  2965  2198 3 
 360.72  2970  2269 3.25 
 360.77  2975  2340 3.25 
 360.82  2980  2411 2.75 
 360.87  2985  2483 3.75 
 360.92  2990  2554 4.5 
 360.97  2995  2626 3.75 
 361.02  3000  2697 5 
 361.07  3005  2769 5.25 
 361.12  3010  2841 6.75 
 361.17  3015  2912 8.25 
 361.22  3020  2984 7.5 
 361.27  3025  3056 10.25 
 361.32  3030  3128 16.5 
 361.37  3035  3200 19.75 
 361.42  3040  3273 19.25 
 361.47  3045  3345 28.75 
 361.52  3050  3417 39.5 
 361.57  3055  3490 42 
 361.62  3060  3562 43.75 
 361.67  3065  3635 57.25 
 361.72  3070  3707 82 
 361.77  3075  3780 107.75 
 361.82  3080  3853 121.5 
 361.87  3085  3926 155 
 361.92  3090  3998 137.5 
 361.97  3095  4071 201 
 362.02  3100  4145 225.5 
 362.07  3105  4218 371.25 
 362.12  3110  4291 476.75 
 362.17  3115  4364 490.5 
 362.22  3120  4438 566.75 
 362.27  3125  4511 778 
 362.32  3130  4585 838 
 362.37  3135  4658 830.75 
 362.42  3140  4732 1097.75 
 362.47  3145  4806 1117.75 
 362.52  3150  4880 1524.5 
 362.57  3155  4954 1205.75 
 362.62  3160  5028 1201.5 
 362.67  3165  5102 1843.75 
 362.72  3170  5176 2202.75 
 362.77  3175  5251 2097.25 
 362.82  3180  5325 1739.75 
 362.87  3185  5399 2347 
 362.92  3190  5474 2765.25 
 362.97  3195  5549 2101.75 
 363.02  3200  5623 2409.25 
 363.07  3205  5698 3113 
 363.12  3210  5773 2777 
 363.17  3215  5848 2668 
 363.22  3220  5923 2496.75 
 363.27  3225  5998 1969.75 
 363.32  3230  6073 2073 
 363.37  3235  6149 2536.25 
 363.42  3240  6224 2785.75 
 363.47  3245  6300 2473.5 
 363.52  3250  6375 1953 
end
uaIntegration time is 0.2294 seconds per sampledt  4E-08 cy 1dh250619El Arenosillo 37.1 6.73 3.09pr1000dark .55 
 390.02  2900  1280 4.75 
 390.07  2905  1350 5.75 
 390.12  2910  1420 4.75 
 390.17  2915  1490 6.25 
 390.22  2920  1561 6.25 
 390.27  2925  1631 6 
 390.32  2930  1702 6 
 390.37  2935  1773 6 
 390.42  2940  1843 6.5 
 390.47  2945  1914 6.5 
 390.52  2950  1985 6 
 390.57  2955  2056 5.25 
 390.62  2960  2127 6.75 
 390.67  2965  2198 6.25 
 390.72  2970  2269 7.25 
 390.77  2975  2340 7.25 
 390.82  2980  2411 8 
 390.87  2985  2483 7.75 
 390.92  2990  2554 8 
 390.97  2995  2626 9.75 
 391.02  3000  2697 9.75 
 391.07  3005  2769 12 
 391.12  3010  2841 15 
 391.17  3015  2912 16.75 
 391.22  3020  2984 17 
 391.27  3025  3056 30.25 
 391.32  3030  3128 42 
 391.37  3035  3200 58.25 
 391.42  3040  3273 63 
 391.47  3045  3345 77.5 
 391.52  3050  3417 137 
 391.57  3055  3490 145.5 
 391.62  3060  3562 165.25 
 391.67  3065  3635 206 
 391.72  3070  3707 339.75 
 391.77  3075  3780 458.5 
 391.82  3080  3853 504.5 
 391.87  3085  3926 630 
 391.92  3090  3998 587.25 
 391.97  3095  4071 817.25 
 392.02  3100  4145 880.5 
 392.07  3105  4218 1497.5 
 392.12  3110  4291 1861.5 
 392.17  3115  4364 1893.25 
 392.22  3120  4438 2107 
 392.27  3125  4511 2645.25 
 392.32  3130  4585 2850.5 
 392.37  3135  4658 2850.5 
 392.42  3140  4732 3603.5 
 392.47  3145  4806 3460.25 
 392.52  3150  4880 4471.5 
 392.57  3155  4954 3657 
 392.62  3160  5028 3430 
 392.67  3165  5102 4946.25 
 392.72  3170  5176 5911.75 
 392.77  3175  5251 5736.75 
 392.82  3180  5325 4526.5 
 392.87  3185  5399 5814 
 392.92  3190  5474 6525.5 
 392.97  3195  5549 5265.5 
 393.02  3200  5623 6008.75 
 393.07  3205  5698 7257.5 
 393.12  3210  5773 6149.5 
 393.17  3215  5848 5875.5 
 393.22  3220  5923 5690.5 
 393.27  3225  5998 4542.5 
 393.32  3230  6073 4548.25 
 393.37  3235  6149 5214.25 
 393.42  3240  6224 5691.75 
 393.47  3245  6300 5171.25 
 393.52  3250  6375 4210.25 
end
uaIntegration time is 0.2294 seconds per sampledt  4E-08 cy 1dh250619El Arenosillo 37.1 6.73 3.21pr1000dark .65 
 420.02  2900  1280 10.25 
 420.07  2905  1350 10.5 
 420.12  2910  1420 11 
 420.17  2915  1490 10 
 420.22  2920  1561 11 
 420.27  2925  1631 10.75 
 420.32  2930  1702 11.5 
 420.37  2935  1773 12 
 420.42  2940  1843 12 
 420.47  2945  1914 11.25 
 420.52  2950  1985 10.25 
 420.57  2955  2056 13.75 
 420.62  2960  2127 12.25 
 420.67  2965  2198 14.75 
 420.72  2970  2269 14 
 420.77  2975  2340 13.25 
 420.82  2980  2411 17.25 
 420.87  2985  2483 16.5 
 420.92  2990  2554 17.5 
 420.97  2995  2626 20 
 421.02  3000  2697 20.5 
 421.07  3005  2769 23.25 
 421.12  3010  2841 40.25 
 421.17  3015  2912 48 
 421.22  3020  2984 52.5 
 421.27  3025  3056 85.75 
 421.32  3030  3128 140.25 
 421.37  3035  3200 197.25 
 421.42  3040  3273 205.75 
 421.47  3045  3345 303.25 
 421.52  3050  3417 502.75 
 421.57  3055  3490 544.25 
 421.62  3060  3562 564.75 
 421.67  3065  3635 716.25 
 421.72  3070  3707 1117.25 
 421.77  3075  3780 1482.5 
 421.82  3080  3853 1621.25 
 421.87  3085  3926 1905.5 
 421.92  3090  3998 1752 
 421.97  3095  4071 2277 
 422.02  3100  4145 2381 
 422.07  3105  4218 3941.25 
 422.12  3110  4291 4795 
 422.17  3115  4364 4801.75 
 422.22  3120  4438 5019.5 
 422.27  3125  4511 6198.5 
 422.32  3130  4585 6555 
 422.37  3135  4658 6567.25 
 422.42  3140  4732 7911 
 422.47  3145  4806 7251.75 
 422.52  3150  4880 9298.25 
 422.57  3155  4954 7612.75 
 422.62  3160  5028 6938 
 422.67  3165  5102 9718 
 422.72  3170  5176 11571.5 
 422.77  3175  5251 11298 
 422.82  3180  5325 8623.5 
 422.87  3185  5399 10689.75 
 422.92  3190  5474 11673.5 
 422.97  3195  5549 9736 
 423.02  3200  5623 11069 
 423.07  3205  5698 12918.25 
 423.12  3210  5773 10564 
 423.17  3215  5848 10015 
 423.22  3220  5923 10042 
 423.27  3225  5998 7991.75 
 423.32  3230  6073 7798.75 
 423.37  3235  6149 8644.25 
 423.42  3240  6224 9408.25 
 423.47  3245  6300 8617.5 
 423.52  3250  6375 7202.75 
end
uaIntegration time is 0.2294 seconds per sampledt  4E-08 cy 1dh250619El Arenosillo 37.1 6.73 3.31pr1000dark 1.05 
 450.02  2900  1280 17.25 
 450.07  2905  1350 17.75 
 450.12  2910  1420 17.75 
 450.17  2915  1490 17.25 
 450.22  2920  1561 16.25 
 450.27  2925  1631 18.75 
 450.32  2930  1702 18.25 
 450.37  2935  1773 18.5 
 450.42  2940  1843 19.25 
 450.47  2945  1914 20.25 
 450.52  2950  1985 19.5 
 450.57  2955  2056 21.75 
 450.62  2960  2127 20.5 
 450.67  2965  2198 21 
 450.72  2970  2269 22.75 
 450.77  2975  2340 27.75 
 450.82  2980  2411 29.25 
 450.87  2985  2483 32.5 
 450.92  2990  2554 42.75 
 450.97  2995  2626 50.25 
 451.02  3000  2697 51.5 
 451.07  3005  2769 70 
 451.12  3010  2841 109 
 451.17  3015  2912 151.25 
 451.22  3020  2984 141.5 
 451.27  3025  3056 267.25 
 451.32  3030  3128 467.25 
 451.37  3035  3200 584 
 451.42  3040  3273 603.5 
 451.47  3045  3345 878.25 
 451.52  3050  3417 1369.25 
 451.57  3055  3490 1471.75 
 451.62  3060  3562 1507.25 
 451.67  3065  3635 1857.75 
 451.72  3070  3707 2763 
 451.77  3075  3780 3455.75 
 451.82  3080  3853 3726 
 451.87  3085  3926 4324.25 
 451.92  3090  3998 3845 
 451.97  3095  4071 4799.75 
 452.02  3100  4145 4876.5 
 452.07  3105  4218 7897.25 
 452.12  3110  4291 9568 
 452.17  3115  4364 9430.25 
 452.22  3120  4438 9429 
 452.27  3125  4511 11300.25 
 452.32  3130  4585 11868.25 
 452.37  3135  4658 11792 
 452.42  3140  4732 14105 
 452.47  3145  4806 12339.75 
 452.52  3150  4880 15764.25 
 452.57  3155  4954 13144.5 
 452.62  3160  5028 11451.75 
 452.67  3165  5102 15773.25 
 452.72  3170  5176 18791 
 452.77  3175  5251 18542.5 
 452.82  3180  5325 13819.75 
 452.87  3185  5399 16805.5 
 452.92  3190  5474 18096.75 
 452.97  3195  5549 15249.5 
 453.02  3200  5623 17433.25 
 453.07  3205  5698 19817.25 
 453.12  3210  5773 15994.5 
 453.17  3215  5848 15068.25 
 453.22  3220  5923 15392.5 
 453.27  3225  5998 12226 
 453.32  3230  6073 11675.5 
 453.37  3235  6149 12696.75 
 453.42  3240  6224 13745.25 
 453.47  3245  6300 12740 
 453.52  3250  6375 10768.5 
end
uaIntegration time is 0.2294 seconds per sampledt  4E-08 cy 1dh250619El Arenosillo 37.1 6.73 3.41pr1000dark 1.25 
 480.02  2900  1280 24.75 
 480.07  2905  1350 26.75 
 480.12  2910  1420 27.25 
 480.17  2915  1490 25 
 480.22  2920  1561 39.5 
 480.27  2925  1631 26.25 
 480.32  2930  1702 32 
 480.37  2935  1773 27.5 
 480.42  2940  1843 34 
 480.47  2945  1914 39.75 
 480.52  2950  1985 29.5 
 480.57  2955  2056 35.25 
 480.62  2960  2127 34.75 
 480.67  2965  2198 33.75 
 480.72  2970  2269 39.5 
 480.77  2975  2340 48 
 480.82  2980  2411 52.75 
 480.87  2985  2483 62 
 480.92  2990  2554 88.75 
 480.97  2995  2626 126 
 481.02  3000  2697 128.5 
 481.07  3005  2769 178.25 
 481.12  3010  2841 282 
 481.17  3015  2912 390.5 
 481.22  3020  2984 365.5 
 481.27  3025  3056 651.5 
 481.32  3030  3128 1143.25 
 481.37  3035  3200 1418.75 
 481.42  3040  3273 1429 
 481.47  3045  3345 1976.5 
 481.52  3050  3417 2886 
 481.57  3055  3490 3014 
 481.62  3060  3562 3070.75 
 481.67  3065  3635 3705 
 481.72  3070  3707 5294.75 
 481.77  3075  3780 6480.25 
 481.82  3080  3853 6861.25 
 481.87  3085  3926 7876.5 
 481.92  3090  3998 6871 
 481.97  3095  4071 8142 
 482.02  3100  4145 8166 
 482.07  3105  4218 13139.75 
 482.12  3110  4291 15835.5 
 482.17  3115  4364 15323 
 482.22  3120  4438 15059.5 
 482.27  3125  4511 17672.25 
 482.32  3130  4585 18462.25 
 482.37  3135  4658 18380 
 482.42  3140  4732 21505.25 
 482.47  3145  4806 18475.75 
 482.52  3150  4880 23475.25 
 482.57  3155  4954 19220.5 
 482.62  3160  5028 16790.25 
 482.67  3165  5102 22897.25 
 482.72  3170  5176 27211.5 
 482.77  3175  5251 26591 
 482.82  3180  5325 19883.75 
 482.87  3185  5399 23602.75 
 482.92  3190  5474 25123.75 
 482.97  3195  5549 21535 
 483.02  3200  5623 24674.75 
 483.07  3205  5698 27523.25 
 483.12  3210  5773 21834.75 
 483.17  3215  5848 20520.5 
 483.22  3220  5923 21278.25 
 483.27  3225  5998 16824.5 
 483.32  3230  6073 16034.25 
 483.37  3235  6149 17185 
 483.42  3240  6224 18479.25 
 483.47  3245  6300 17228.75 
 483.52  3250  6375 14679.5 
end
uaIntegration time is 0.2294 seconds per sampledt  4E-08 cy 1dh250619El Arenosillo 37.1 6.73 3.47pr1000dark 1.7 
 510.02  2900  1280 32 
 510.07  2905  1350 34 
 510.12  2910  1420 40.5 
 510.17  2915  1490 35.75 
 510.22  2920  1561 37.5 
 510.27  2925  1631 35.5 
 510.32  2930  1702 39 
 510.37  2935  1773 42.25 
 510.42  2940  1843 41.75 
 510.47  2945  1914 41 
 510.52  2950  1985 44.75 
 510.57  2955  2056 48.25 
 510.62  2960  2127 51.75 
 510.67  2965  2198 58.25 
 510.72  2970  2269 62.25 
 510.77  2975  2340 98 
 510.82  2980  2411 108 
 510.87  2985  2483 112 
 510.92  2990  2554 185 
 510.97  2995  2626 259.5 
 511.02  3000  2697 271.5 
 511.07  3005  2769 378.5 
 511.12  3010  2841 595.25 
 511.17  3015  2912 826.5 
 511.22  3020  2984 740.25 
 511.27  3025  3056 1364.5 
 511.32  3030  3128 2238.25 
 511.37  3035  3200 2723 
 511.42  3040  3273 2673.5 
 511.47  3045  3345 3639.75 
 511.52  3050  3417 5032.25 
 511.57  3055  3490 5250.75 
 511.62  3060  3562 5281 
 511.67  3065  3635 6222.75 
 511.72  3070  3707 8716 
 511.77  3075  3780 10351.5 
 511.82  3080  3853 10952.75 
 511.87  3085  3926 12304.5 
 511.92  3090  3998 10679.75 
 511.97  3095  4071 12290.5 
 512.0201  3100  4145 12141.75 
 512.07  3105  4218 19690.5 
 512.12  3110  4291 23229.5 
 512.17  3115  4364 22288.25 
 512.22  3120  4438 21452.75 
 512.2701  3125  4511 24888 
 512.32  3130  4585 25782 
 512.37  3135  4658 25905.75 
 512.42  3140  4732 29662.25 
 512.47  3145  4806 25107.25 
 512.5201  3150  4880 31898.75 
 512.57  3155  4954 26258.75 
 512.62  3160  5028 22609.75 
 512.67  3165  5102 30337.25 
 512.72  3170  5176 36091.75 
 512.7701  3175  5251 35602.25 
 512.82  3180  5325 26069.25 
 512.87  3185  5399 30826 
 512.92  3190  5474 32446.5 
 512.97  3195  5549 28122.75 
 513.0201  3200  5623 31998.5 
 513.07  3205  5698 35548.25 
 513.12  3210  5773 28267.75 
 513.17  3215  5848 26144 
 513.22  3220  5923 27398.5 
 513.2701  3225  5998 21882 
 513.32  3230  6073 20441.5 
 513.37  3235  6149 21639 
 513.42  3240  6224 23288.25 
 513.47  3245  6300 21948.75 
 513.5201  3250  6375 18656.25 
end
uaIntegration time is 0.2294 seconds per sampledt  4E-08 cy 1dh250619El Arenosillo 37.1 6.73 3.54pr1000dark 1.9 
 540.02  2900  1280 43.75 
 540.07  2905  1350 47.75 
 540.12  2910  1420 43.25 
 540.17  2915  1490 46.25 
 540.22  2920  1561 52.25 
 540.27  2925  1631 49.5 
 540.32  2930  1702 46.5 
 540.37  2935  1773 51.75 
 540.42  2940  1843 53 
 540.47  2945  1914 56 
 540.52  2950  1985 65.5 
 540.57  2955  2056 72.25 
 540.62  2960  2127 82.25 
 540.67  2965  2198 92.25 
 540.72  2970  2269 107 
 540.77  2975  2340 165.25 
 540.82  2980  2411 202.5 
 540.87  2985  2483 207 
 540.92  2990  2554 378.25 
 540.97  2995  2626 497.25 
 541.02  3000  2697 499 
 541.07  3005  2769 693.5 
 541.12  3010  2841 1053.75 
 541.17  3015  2912 1440 
 541.22  3020  2984 1290.25 
 541.27  3025  3056 2371 
 541.32  3030  3128 3698.75 
 541.37  3035  3200 4415.25 
 541.42  3040  3273 4296.25 
 541.47  3045  3345 5715 
 541.52  3050  3417 7737.25 
 541.57  3055  3490 7955.75 
 541.62  3060  3562 7886.5 
 541.67  3065  3635 9244.5 
 541.72  3070  3707 12577.75 
 541.77  3075  3780 14600 
 541.82  3080  3853 15403 
 541.87  3085  3926 17287 
 541.92  3090  3998 15021.5 
 541.97  3095  4071 16582.5 
 542.02  3100  4145 16500.75 
 542.07  3105  4218 26647.25 
 542.12  3110  4291 30940 
 542.17  3115  4364 29571.5 
 542.22  3120  4438 27939.5 
 542.27  3125  4511 32204 
 542.32  3130  4585 33311.5 
 542.37  3135  4658 33212.75 
 542.42  3140  4732 38067 
 542.47  3145  4806 31779.5 
 542.52  3150  4880 40183.25 
 542.57  3155  4954 33275.25 
 542.62  3160  5028 28183 
 542.67  3165  5102 37658.75 
 542.72  3170  5176 44494.75 
 542.77  3175  5251 44485 
 542.82  3180  5325 32350.5 
 542.87  3185  5399 37573.75 
 542.92  3190  5474 39838 
 542.97  3195  5549 34349.75 
 543.02  3200  5623 39287.5 
 543.07  3205  5698 43195.75 
 543.12  3210  5773 34388.5 
 543.17  3215  5848 31638 
 543.22  3220  5923 33459.75 
 543.27  3225  5998 26369 
 543.32  3230  6073 24634.25 
 543.37  3235  6149 26070.5 
 543.42  3240  6224 28009.25 
 543.47  3245  6300 26335 
 543.52  3250  6375 22550.25 
end
uaIntegration time is 0.2294 seconds per sampledt  4E-08 cy 1dh250619El Arenosillo 37.1 6.73 3.6pr1000dark 2.4 
 570.02  2900  1280 52.75 
 570.07  2905  1350 52 
 570.12  2910  1420 57.25 
 570.17  2915  1490 58.5 
 570.22  2920  1561 63.5 
 570.27  2925  1631 58 
 570.32  2930  1702 64.75 
 570.37  2935  1773 68.5 
 570.42  2940  1843 70.75 
 570.47  2945  1914 76.5 
 570.52  2950  1985 89.75 
 570.57  2955  2056 99.5 
 570.62  2960  2127 131.75 
 570.67  2965  2198 140 
 570.72  2970  2269 169 
 570.77  2975  2340 290.25 
 570.82  2980  2411 336.25 
 570.87  2985  2483 357 
 570.92  2990  2554 614.5 
 570.97  2995  2626 828.75 
 571.02  3000  2697 832.5 
 571.07  3005  2769 1088.25 
 571.12  3010  2841 1656.25 
 571.17  3015  2912 2201.5 
 571.22  3020  2984 2018.25 
 571.27  3025  3056 3602 
 571.32  3030  3128 5523.75 
 571.37  3035  3200 6419.5 
 571.42  3040  3273 6207.75 
 571.47  3045  3345 8143.25 
 571.52  3050  3417 10797.5 
 571.57  3055  3490 10991 
 571.62  3060  3562 10860.25 
 571.67  3065  3635 12495.75 
 571.72  3070  3707 16984.75 
 571.77  3075  3780 19290.25 
 571.82  3080  3853 20252 
 571.87  3085  3926 22475.75 
 571.92  3090  3998 19280.75 
 571.97  3095  4071 21205.75 
 572.02  3100  4145 20922.25 
 572.07  3105  4218 34084.25 
 572.12  3110  4291 38652.5 
 572.17  3115  4364 36701 
 572.22  3120  4438 34502.25 
 572.27  3125  4511 39623.5 
 572.32  3130  4585 40613.5 
 572.37  3135  4658 41019.75 
 572.42  3140  4732 45858.25 
 572.47  3145  4806 38471.25 
 572.52  3150  4880 48246.5 
 572.57  3155  4954 40179 
 572.62  3160  5028 33926.25 
 572.67  3165  5102 44978 
 572.72  3170  5176 52937.5 
 572.77  3175  5251 52423.25 
 572.82  3180  5325 38005.75 
 572.87  3185  5399 44826.5 
 572.92  3190  5474 46423.25 
 572.97  3195  5549 40624.5 
 573.02  3200  5623 46417.75 
 573.07  3205  5698 50542.75 
 573.12  3210  5773 39212 
 573.17  3215  5848 37026 
 573.22  3220  5923 38678.75 
 573.27  3225  5998 30754.5 
 573.32  3230  6073 28878.75 
 573.37  3235  6149 30153 
 573.42  3240  6224 32390.5 
 573.47  3245  6300 30502.75 
 573.52  3250  6375 26217.25 
end
uaIntegration time is 0.2294 seconds per sampledt  4E-08 cy 1dh250619El Arenosillo 37.1 6.73 3.64pr1000dark 3.25 
 600.02  2900  1280 67.75 
 600.07  2905  1350 68.5 
 600.12  2910  1420 65 
 600.17  2915  1490 72.25 
 600.22  2920  1561 69.75 
 600.27  2925  1631 71.5 
 600.32  2930  1702 74.75 
 600.37  2935  1773 83.25 
 600.42  2940  1843 92.5 
 600.47  2945  1914 99.25 
 600.52  2950  1985 125.5 
 600.57  2955  2056 140.5 
 600.62  2960  2127 190.75 
 600.67  2965  2198 203 
 600.72  2970  2269 259.5 
 600.77  2975  2340 446 
 600.82  2980  2411 515 
 600.87  2985  2483 527.5 
 600.92  2990  2554 929.75 
 600.97  2995  2626 1215 
 601.02  3000  2697 1180.25 
 601.07  3005  2769 1620 
 601.12  3010  2841 2352.75 
 601.17  3015  2912 3099.25 
 601.22  3020  2984 2766 
 601.27  3025  3056 4965.25 
 601.32  3030  3128 7476.75 
 601.37  3035  3200 8567.75 
 601.42  3040  3273 8208.25 
 601.47  3045  3345 10639.5 
 601.52  3050  3417 14079.75 
 601.57  3055  3490 13918.75 
 601.62  3060  3562 13796.5 
 601.67  3065  3635 15786 
 601.72  3070  3707 21153.5 
 601.77  3075  3780 23855.5 
 601.82  3080  3853 24771 
 601.87  3085  3926 27563 
 601.92  3090  3998 23388 
 601.97  3095  4071 25638.5 
 602.02  3100  4145 25240.75 
 602.07  3105  4218 40812.75 
 602.12  3110  4291 46065.5 
 602.17  3115  4364 43357 
 602.22  3120  4438 40632.75 
 602.27  3125  4511 46373.5 
 602.32  3130  4585 47495.25 
 602.37  3135  4658 48008.75 
 602.42  3140  4732 53253 
 602.47  3145  4806 44561.25 
 602.52  3150  4880 55593.25 
 602.57  3155  4954 46027.5 
 602.62  3160  5028 39104 
 602.67  3165  5102 51417.75 
 602.72  3170  5176 60483 
 602.77  3175  5251 59697.25 
 602.82  3180  5325 43310.25 
 602.87  3185  5399 50822.75 
 602.92  3190  5474 52099 
 602.97  3195  5549 46279.5 
 603.02  3200  5623 52606.25 
 603.07  3205  5698 56952.25 
 603.12  3210  5773 44006.75 
 603.17  3215  5848 41909 
 603.22  3220  5923 43730.75 
 603.27  3225  5998 34638.5 
 603.32  3230  6073 32578 
 603.37  3235  6149 33826.25 
 603.42  3240  6224 36285.75 
 603.47  3245  6300 34282 
 603.52  3250  6375 29474.25 
end
uaIntegration time is 0.2294 seconds per sampledt  4E-08 cy 1dh250619El Arenosillo 37.1 6.73 3.68pr1000dark 3.75 
 630.02  2900  1280 74.25 
 630.07  2905  1350 72 
 630.12  2910  1420 76.5 
 630.17  2915  1490 79.75 
 630.22  2920  1561 81.5 
 630.27  2925  1631 85.5 
 630.32  2930  1702 88 
 630.37  2935  1773 98 
 630.42  2940  1843 105.75 
 630.47  2945  1914 121.5 
 630.52  2950  1985 151 
 630.57  2955  2056 197 
 630.62  2960  2127 265 
 630.67  2965  2198 272.5 
 630.72  2970  2269 352 
 630.77  2975  2340 628 
 630.82  2980  2411 725 
 630.87  2985  2483 750.75 
 630.92  2990  2554 1291.75 
 630.97  2995  2626 1664.5 
 631.02  3000  2697 1600 
 631.07  3005  2769 2117 
 631.12  3010  2841 3120.25 
 631.17  3015  2912 4064.75 
 631.22  3020  2984 3544 
 631.27  3025  3056 6322 
 631.32  3030  3128 9426 
 631.37  3035  3200 10691.25 
 631.42  3040  3273 10137.25 
 631.47  3045  3345 13100.5 
 631.52  3050  3417 16940.25 
 631.57  3055  3490 16826.5 
 631.62  3060  3562 16867.75 
 631.67  3065  3635 18937.5 
 631.72  3070  3707 25196.75 
 631.77  3075  3780 28106.25 
 631.82  3080  3853 29082.25 
 631.87  3085  3926 32223 
 631.92  3090  3998 27215 
 631.97  3095  4071 29573.75 
 632.02  3100  4145 29006.5 
 632.07  3105  4218 46690.25 
 632.12  3110  4291 52584 
 632.17  3115  4364 49370.25 
 632.22  3120  4438 45795 
 632.27  3125  4511 52133.25 
 632.32  3130  4585 53441 
 632.37  3135  4658 53989.25 
 632.42  3140  4732 59234.5 
 632.47  3145  4806 49584.5 
 632.52  3150  4880 62054.5 
 632.57  3155  4954 51072.25 
 632.62  3160  5028 43278.75 
 632.67  3165  5102 56755 
 632.72  3170  5176 67417.25 
 632.77  3175  5251 65669 
 632.82  3180  5325 47436 
 632.87  3185  5399 56692 
 632.92  3190  5474 57557.75 
 632.97  3195  5549 51121.25 
 633.02  3200  5623 57947 
 633.07  3205  5698 62716 
 633.12  3210  5773 47977.5 
 633.17  3215  5848 45954 
 633.22  3220  5923 47853.25 
 633.27  3225  5998 37949.75 
 633.32  3230  6073 35762.75 
 633.37  3235  6149 36972 
 633.42  3240  6224 39582.75 
 633.47  3245  6300 37614.75 
 633.52  3250  6375 32273.5 
end
uaIntegration time is 0.2294 seconds per sampledt  4E-08 cy 1dh250619El Arenosillo 37.1 6.73 3.7pr1000dark 3.75 
 660.02  2900  1280 77 
 660.07  2905  1350 86 
 660.12  2910  1420 92.25 
 660.17  2915  1490 90.25 
 660.22  2920  1561 89.25 
 660.27  2925  1631 89.75 
 660.32  2930  1702 97.5 
 660.37  2935  1773 111.5 
 660.42  2940  1843 127.25 
 660.47  2945  1914 143.25 
 660.52  2950  1985 189 
 660.57  2955  2056 242.75 
 660.62  2960  2127 338.5 
 660.67  2965  2198 358.75 
 660.72  2970  2269 432.25 
 660.77  2975  2340 823.75 
 660.82  2980  2411 915.75 
 660.87  2985  2483 927.75 
 660.92  2990  2554 1614.25 
 660.97  2995  2626 2101.75 
 661.02  3000  2697 2007 
 661.07  3005  2769 2559.25 
 661.12  3010  2841 3916.75 
 661.17  3015  2912 4920.5 
 661.22  3020  2984 4218.75 
 661.27  3025  3056 7476 
 661.32  3030  3128 11055.5 
 661.37  3035  3200 12614 
 661.42  3040  3273 11859 
 661.47  3045  3345 15143.5 
 661.52  3050  3417 19694.25 
 661.57  3055  3490 19131.25 
 661.62  3060  3562 19172.75 
 661.67  3065  3635 21526 
 661.72  3070  3707 28319 
 661.77  3075  3780 31645 
 661.82  3080  3853 32657.5 
 661.87  3085  3926 35973.25 
 661.92  3090  3998 30302.75 
 661.97  3095  4071 32941.25 
 662.02  3100  4145 31955.25 
 662.07  3105  4218 51097.25 
 662.12  3110  4291 57889.75 
 662.17  3115  4364 54779.5 
 662.22  3120  4438 50338.5 
 662.27  3125  4511 56959 
 662.32  3130  4585 58390 
 662.37  3135  4658 59112.25 
 662.42  3140  4732 64870.5 
 662.47  3145  4806 53724.5 
 662.52  3150  4880 67231.25 
 662.57  3155  4954 55840.75 
 662.62  3160  5028 46406.5 
 662.67  3165  5102 61179.25 
 662.72  3170  5176 72796.5 
 662.77  3175  5251 70758.25 
 662.82  3180  5325 51236.75 
 662.87  3185  5399 60582 
 662.92  3190  5474 62025.25 
 662.97  3195  5549 54572 
 663.02  3200  5623 62291.75 
 663.07  3205  5698 67170.25 
 663.12  3210  5773 51826 
 663.17  3215  5848 48987.5 
 663.22  3220  5923 51601.25 
 663.27  3225  5998 40763.25 
 663.32  3230  6073 38122.75 
 663.37  3235  6149 39368.75 
 663.42  3240  6224 42132 
 663.47  3245  6300 39995 
 663.52  3250  6375 34512 
end
uvIntegration time is 0.2294 seconds per sampledt  4E-08 cy 4dh250619El Arenosillo 37.1 6.73 3.72pr1000dark 16.6 
 671.96  2900  1280 328 
 672  2905  1350 333 
 672.03  2910  1420 358 
 672.07  2915  1490 369 
 672.11  2920  1561 376 
 672.15  2925  1631 374 
 672.2  2930  1702 418 
 672.24  2935  1773 466 
 672.28  2940  1843 528 
 672.32  2945  1914 614 
 672.36  2950  1985 780 
 672.4  2955  2056 1030 
 672.44  2960  2127 1492 
 672.47  2965  2198 1588 
 672.51  2970  2269 1935 
 672.56  2975  2340 3583 
 672.6  2980  2411 4036 
 672.64  2985  2483 3972 
 672.67  2990  2554 6984 
 672.71  2995  2626 8761 
 672.75  3000  2697 8520 
 672.79  3005  2769 11076 
 672.83  3010  2841 16575 
 672.87  3015  2912 20832 
 672.92  3020  2984 18015 
 672.96  3025  3056 31827 
 673  3030  3128 46192 
 673.04  3035  3200 53005 
 673.07  3040  3273 49844 
 673.11  3045  3345 64060 
 673.15  3050  3417 82263 
 673.19  3055  3490 78704 
 673.23  3060  3562 79747 
 673.28  3065  3635 89282 
 673.32  3070  3707 117274 
 673.36  3075  3780 130502 
 673.4  3080  3853 134812 
 673.43  3085  3926 148943 
 673.47  3090  3998 124716 
 673.51  3095  4071 135753 
 673.55  3100  4145 132480 
 673.59  3105  4218 211272 
 673.64  3110  4291 238044 
 673.68  3115  4364 225406 
 673.72  3120  4438 206868 
 673.75  3125  4511 234070 
 673.79  3130  4585 238879 
 673.83  3135  4658 241948 
 673.87  3140  4732 265946 
 673.91  3145  4806 220453 
 673.95  3150  4880 274729 
 673.99  3155  4954 229436 
 674.04  3160  5028 190172 
 674.08  3165  5102 250677 
 674.12  3170  5176 297543 
 674.15  3175  5251 290700 
 674.19  3180  5325 210339 
 674.23  3185  5399 243778 
 674.27  3190  5474 254603 
 674.31  3195  5549 222300 
 674.36  3200  5623 254030 
 674.4  3205  5698 273983 
 674.44  3210  5773 210412 
 674.48  3215  5848 198883 
 674.51  3220  5923 210295 
 674.55  3225  5998 167088 
 674.59  3230  6073 154772 
 674.63  3235  6149 160555 
 674.67  3240  6224 172444 
 674.72  3245  6300 162820 
 674.76  3250  6375 140514 
dark 15.4 
 674.89  3250  6375 140656 
 674.93  3245  6300 162516 
 674.97  3240  6224 172289 
 675.01  3235  6149 160416 
 675.04  3230  6073 155228 
 675.09  3225  5998 166357 
 675.13  3220  5923 210479 
 675.17  3215  5848 199749 
 675.21  3210  5773 209349 
 675.25  3205  5698 274072 
 675.29  3200  5623 254753 
 675.33  3195  5549 222949 
 675.37  3190  5474 255987 
 675.41  3185  5399 246714 
 675.44  3180  5325 209815 
 675.48  3175  5251 290597 
 675.53  3170  5176 298377 
 675.57  3165  5102 251934 
 675.61  3160  5028 190333 
 675.65  3155  4954 228191 
 675.69  3150  4880 276043 
 675.73  3145  4806 221877 
 675.77  3140  4732 266494 
 675.8  3135  4658 243364 
 675.85  3130  4585 240548 
 675.89  3125  4511 235314 
 675.93  3120  4438 207858 
 675.97  3115  4364 226733 
 676.01  3110  4291 239247 
 676.05  3105  4218 212447 
 676.09  3100  4145 133128 
 676.13  3095  4071 136392 
 676.17  3090  3998 125241 
 676.21  3085  3926 149646 
 676.25  3080  3853 135952 
 676.29  3075  3780 131269 
 676.33  3070  3707 118465 
 676.37  3065  3635 90077 
 676.41  3060  3562 80138 
 676.45  3055  3490 79410 
 676.49  3050  3417 83555 
 676.52  3045  3345 64696 
 676.57  3040  3273 50533 
 676.61  3035  3200 53515 
 676.65  3030  3128 46811 
 676.69  3025  3056 32397 
 676.73  3020  2984 18255 
 676.77  3015  2912 20937 
 676.81  3010  2841 16977 
 676.85  3005  2769 11244 
 676.88  3000  2697 8652 
 676.93  2995  2626 8940 
 676.97  2990  2554 7059 
 677.01  2985  2483 4021 
 677.05  2980  2411 4071 
 677.09  2975  2340 3632 
 677.13  2970  2269 1992 
 677.17  2965  2198 1608 
 677.21  2960  2127 1538 
 677.25  2955  2056 1094 
 677.28  2950  1985 789 
 677.33  2945  1914 623 
 677.37  2940  1843 544 
 677.41  2935  1773 476 
 677.45  2930  1702 435 
 677.49  2925  1631 375 
 677.53  2920  1561 393 
 677.57  2915  1490 387 
 677.61  2910  1420 332 
 677.65  2905  1350 342 
 677.69  2900  1280 335 
end
uaIntegration time is 0.2294 seconds per sampledt  4E-08 cy 1dh250619El Arenosillo 37.1 6.73 3.72pr1000dark 4.45 
 690.03  2900  1280 97.5 
 690.09  2905  1350 86.75 
 690.14  2910  1420 90.25 
 690.19  2915  1490 92.5 
 690.24  2920  1561 101 
 690.27  2925  1631 107.25 
 690.35  2930  1702 111 
 690.39  2935  1773 130 
 690.44  2940  1843 138 
 690.49  2945  1914 173.5 
 690.54  2950  1985 205.5 
 690.59  2955  2056 285.5 
 690.64  2960  2127 403.25 
 690.69  2965  2198 429 
 690.75  2970  2269 511.5 
 690.79  2975  2340 971.5 
 690.84  2980  2411 1103.5 
 690.89  2985  2483 1085.5 
 690.94  2990  2554 1896 
 690.99  2995  2626 2390 
 691.04  3000  2697 2308 
 691.09  3005  2769 2972.75 
 691.14  3010  2841 4378 
 691.2  3015  2912 5593.25 
 691.24  3020  2984 4759.75 
 691.29  3025  3056 8316.5 
 691.34  3030  3128 12198.25 
 691.39  3035  3200 14006.5 
 691.44  3040  3273 13191.25 
 691.49  3045  3345 16817 
 691.54  3050  3417 21497.5 
 691.59  3055  3490 21120.5 
 691.64  3060  3562 20684.25 
 691.69  3065  3635 23376.75 
 691.74  3070  3707 30370.25 
 691.79  3075  3780 33825.75 
 691.84  3080  3853 35218.5 
 691.89  3085  3926 38809 
 691.94  3090  3998 32619.25 
 691.99  3095  4071 35172.75 
 692.04  3100  4145 34026.25 
 692.1  3105  4218 54140.5 
 692.14  3110  4291 61729.25 
 692.19  3115  4364 58420.5 
 692.24  3120  4438 53386.25 
 692.29  3125  4511 60480.25 
 692.34  3130  4585 61822.75 
 692.39  3135  4658 62414.25 
 692.44  3140  4732 68872.75 
 692.49  3145  4806 56501 
 692.55  3150  4880 70849 
 692.59  3155  4954 59940.75 
 692.64  3160  5028 48949 
 692.69  3165  5102 64223.25 
 692.74  3170  5176 76395 
 692.79  3175  5251 75191 
 692.84  3180  5325 54282.5 
 692.89  3185  5399 62309.75 
 692.94  3190  5474 65971.75 
 693  3195  5549 57013.5 
 693.04  3200  5623 65197.75 
 693.09  3205  5698 70341.25 
 693.14  3210  5773 54360.75 
 693.19  3215  5848 50967 
 693.24  3220  5923 54206.5 
 693.29  3225  5998 42848.75 
 693.34  3230  6073 39582 
 693.39  3235  6149 41272.25 
 693.45  3240  6224 44147 
 693.49  3245  6300 41652.75 
 693.54  3250  6375 36050.25 
end
uaIntegration time is 0.2294 seconds per sampledt  4E-08 cy 1dh250619El Arenosillo 37.1 6.73 3.76pr1000dark 4.95 
 720.04  2900  1280 92.25 
 720.09  2905  1350 93 
 720.15  2910  1420 100.75 
 720.19  2915  1490 104.25 
 720.24  2920  1561 105.25 
 720.29  2925  1631 106 
 720.36  2930  1702 116.25 
 720.41  2935  1773 135.75 
 720.45  2940  1843 152.25 
 720.5  2945  1914 179.5 
 720.54  2950  1985 235.75 
 720.59  2955  2056 324.25 
 720.65  2960  2127 452 
 720.7  2965  2198 468 
 720.75  2970  2269 594.5 
 720.8  2975  2340 1073.25 
 720.84  2980  2411 1226.5 
 720.9  2985  2483 1195.25 
 720.94  2990  2554 2061.5 
 720.99  2995  2626 2596 
 721.04  3000  2697 2494.25 
 721.09  3005  2769 3242.5 
 721.15  3010  2841 4763.5 
 721.2  3015  2912 6041 
 721.25  3020  2984 5109.25 
 721.29  3025  3056 8888.5 
 721.35  3030  3128 12957.25 
 721.4  3035  3200 15040.75 
 721.44  3040  3273 14012.5 
 721.49  3045  3345 17757.25 
 721.55  3050  3417 22775.5 
 721.6  3055  3490 22285.5 
 721.64  3060  3562 21903.75 
 721.69  3065  3635 24679 
 721.75  3070  3707 31825.25 
 721.8  3075  3780 35536.75 
 721.85  3080  3853 36923 
 721.89  3085  3926 40614.5 
 721.95  3090  3998 34233.25 
 722  3095  4071 36799.75 
 722.04  3100  4145 35439.75 
 722.1  3105  4218 56153.5 
 722.14  3110  4291 64053.25 
 722.19  3115  4364 60613 
 722.25  3120  4438 55433.25 
 722.3  3125  4511 62545.75 
 722.35  3130  4585 63893.75 
 722.4  3135  4658 64364.75 
 722.44  3140  4732 71205.75 
 722.5  3145  4806 58188.75 
 722.54  3150  4880 72846.5 
 722.6  3155  4954 61911 
 722.64  3160  5028 50454 
 722.69  3165  5102 66450.5 
 722.74  3170  5176 78751.75 
 722.8  3175  5251 77864 
 722.85  3180  5325 55962 
 722.89  3185  5399 64274.25 
 722.94  3190  5474 67883.75 
 723  3195  5549 58681.75 
 723.05  3200  5623 67142 
 723.1  3205  5698 72110.75 
 723.14  3210  5773 55328.75 
 723.19  3215  5848 52072 
 723.24  3220  5923 55508.25 
 723.3  3225  5998 44261.5 
 723.35  3230  6073 40455.75 
 723.39  3235  6149 42042.5 
 723.45  3240  6224 45211.5 
 723.49  3245  6300 42824 
 723.55  3250  6375 36859.5 
end
uaIntegration time is 0.2294 seconds per sampledt  4E-08 cy 1dh250619El Arenosillo 37.1 6.73 3.78pr1000dark 5.65 
 750.04  2900  1280 99.5 
 750.1  2905  1350 99.75 
 750.15  2910  1420 101.25 
 750.2  2915  1490 104.25 
 750.25  2920  1561 104 
 750.29  2925  1631 108.25 
 750.34  2930  1702 124 
 750.4  2935  1773 140.5 
 750.44  2940  1843 154.25 
 750.5  2945  1914 183.25 
 750.55  2950  1985 233.25 
 750.6  2955  2056 327.75 
 750.65  2960  2127 476.5 
 750.7  2965  2198 504.75 
 750.75  2970  2269 594.75 
 750.8  2975  2340 1103.75 
 750.84  2980  2411 1276 
 750.91  2985  2483 1207.25 
 750.95  2990  2554 2118.25 
 750.99  2995  2626 2689 
 751.05  3000  2697 2597 
 751.1  3005  2769 3417.5 
 751.15  3010  2841 4926.5 
 751.2  3015  2912 6215.75 
 751.25  3020  2984 5266 
 751.3  3025  3056 9049 
 751.35  3030  3128 13348.75 
 751.4  3035  3200 15450.75 
 751.45  3040  3273 14355.5 
 751.49  3045  3345 18387.5 
 751.55  3050  3417 23340 
 751.6  3055  3490 22617.75 
 751.65  3060  3562 22345.75 
 751.7  3065  3635 25234.75 
 751.75  3070  3707 31858.5 
 751.8  3075  3780 36126.5 
 751.85  3080  3853 37643.5 
 751.9  3085  3926 41282.5 
 751.95  3090  3998 34778.75 
 752  3095  4071 37234.5 
 752.04  3100  4145 35762.25 
 752.1  3105  4218 56182.5 
 752.15  3110  4291 64989.25 
 752.2  3115  4364 61782.5 
 752.25  3120  4438 56097 
 752.3  3125  4511 63241.25 
 752.36  3130  4585 64705.75 
 752.4  3135  4658 65058 
 752.45  3140  4732 72223 
 752.5  3145  4806 58756.25 
 752.54  3150  4880 73632 
 752.61  3155  4954 62003.75 
 752.65  3160  5028 51316.75 
 752.69  3165  5102 66944.75 
 752.75  3170  5176 79308.5 
 752.8  3175  5251 77912.75 
 752.85  3180  5325 56767.25 
 752.9  3185  5399 64184.25 
 752.95  3190  5474 68135 
 753  3195  5549 58997.25 
 753.06  3200  5623 67579.5 
 753.09  3205  5698 72794.75 
 753.15  3210  5773 56047.5 
 753.2  3215  5848 52559.25 
 753.25  3220  5923 56045.75 
 753.3  3225  5998 45634.5 
 753.35  3230  6073 40564.5 
 753.4  3235  6149 42493 
 753.45  3240  6224 45461.5 
 753.5  3245  6300 43271.5 
 753.56  3250  6375 37204.75 
end
uaIntegration time is 0.2294 seconds per sampledt  4E-08 cy 1dh250619El Arenosillo 37.1 6.73 3.8pr1000dark 4.9 
 780.04  2900  1280 88.5 
 780.1  2905  1350 101.75 
 780.15  2910  1420 94.75 
 780.2  2915  1490 97 
 780.25  2920  1561 102.75 
 780.3  2925  1631 106.75 
 780.35  2930  1702 122 
 780.4  2935  1773 135.5 
 780.45  2940  1843 158 
 780.5  2945  1914 181 
 780.55  2950  1985 221.5 
 780.6  2955  2056 321.5 
 780.66  2960  2127 463 
 780.69  2965  2198 492 
 780.75  2970  2269 583.25 
 780.8  2975  2340 1086.75 
 780.85  2980  2411 1258 
 780.9  2985  2483 1152.5 
 780.95  2990  2554 2132.5 
 781  2995  2626 2670.75 
 781.05  3000  2697 2552.5 
 781.1  3005  2769 3298.25 
 781.15  3010  2841 4759.25 
 781.2  3015  2912 6152.5 
 781.25  3020  2984 5091.25 
 781.3  3025  3056 8703.75 
 781.35  3030  3128 12936.75 
 781.4  3035  3200 15201.75 
 781.45  3040  3273 14173.25 
 781.5  3045  3345 17964.5 
 781.55  3050  3417 22735.5 
 781.6  3055  3490 22668.5 
 781.65  3060  3562 21417.25 
 781.7  3065  3635 24747.5 
 781.74  3070  3707 31930 
 781.8  3075  3780 35556 
 781.85  3080  3853 36916.75 
 781.9  3085  3926 40708.5 
 781.95  3090  3998 34520.75 
 782  3095  4071 36558.5 
 782.05  3100  4145 35024 
 782.1  3105  4218 54845.25 
 782.15  3110  4291 64143.5 
 782.2  3115  4364 60778.5 
 782.25  3120  4438 55271.25 
 782.3  3125  4511 62475.75 
 782.35  3130  4585 63868.25 
 782.4  3135  4658 63805.25 
 782.45  3140  4732 71899.5 
 782.5  3145  4806 57695.75 
 782.55  3150  4880 72911.25 
 782.6  3155  4954 61536.75 
 782.66  3160  5028 50333 
 782.7  3165  5102 65761.75 
 782.75  3170  5176 77717.5 
 782.79  3175  5251 78239 
 782.85  3180  5325 56863.5 
 782.9  3185  5399 63402.5 
 782.95  3190  5474 68032 
 783  3195  5549 58111.5 
 783.05  3200  5623 66652.75 
 783.1  3205  5698 72092.25 
 783.16  3210  5773 56043.75 
 783.2  3215  5848 51640 
 783.25  3220  5923 55916.75 
 783.3  3225  5998 44460.25 
 783.35  3230  6073 40342.25 
 783.4  3235  6149 42097.25 
 783.45  3240  6224 45057 
 783.5  3245  6300 42793 
 783.55  3250  6375 36891.25 
end
uaIntegration time is 0.2294 seconds per sampledt  4E-08 cy 1dh250619El Arenosillo 37.1 6.73 3.8pr1000dark 5.5 
 810.04  2900  1280 93.75 
 810.09  2905  1350 94.25 
 810.14  2910  1420 95.5 
 810.19  2915  1490 99.5 
 810.24  2920  1561 99.5 
 810.29  2925  1631 105.75 
 810.35  2930  1702 112.25 
 810.39  2935  1773 127 
 810.44  2940  1843 143 
 810.49  2945  1914 165.25 
 810.54  2950  1985 204.75 
 810.59  2955  2056 293.75 
 810.64  2960  2127 407.25 
 810.69  2965  2198 437.25 
 810.74  2970  2269 535 
 810.8  2975  2340 941.25 
 810.84  2980  2411 1147.5 
 810.89  2985  2483 1060.75 
 810.94  2990  2554 1919.5 
 810.99  2995  2626 2387.5 
 811.04  3000  2697 2331 
 811.09  3005  2769 3017.75 
 811.14  3010  2841 4369 
 811.19  3015  2912 5652.75 
 811.25  3020  2984 4710 
 811.29  3025  3056 8107.75 
 811.34  3030  3128 12122 
 811.39  3035  3200 14107 
 811.44  3040  3273 13213 
 811.49  3045  3345 16802.5 
 811.54  3050  3417 21345.75 
 811.59  3055  3490 21505.5 
 811.64  3060  3562 20119 
 811.7  3065  3635 23471 
 811.74  3070  3707 30242 
 811.79  3075  3780 34029.25 
 811.84  3080  3853 35154.25 
 811.89  3085  3926 38755.75 
 811.94  3090  3998 32834.25 
 811.99  3095  4071 34861.5 
 812.04  3100  4145 33636.25 
 812.1  3105  4218 52851.25 
 812.14  3110  4291 61454.75 
 812.19  3115  4364 58072.75 
 812.24  3120  4438 53122.75 
 812.29  3125  4511 60101.25 
 812.34  3130  4585 61463 
 812.39  3135  4658 61484.5 
 812.44  3140  4732 69429 
 812.49  3145  4806 55735.5 
 812.54  3150  4880 70374.5 
 812.59  3155  4954 59594.75 
 812.64  3160  5028 48664.25 
 812.69  3165  5102 63429.75 
 812.74  3170  5176 74754 
 812.79  3175  5251 75873 
 812.84  3180  5325 54799.5 
 812.89  3185  5399 61603.25 
 812.94  3190  5474 65461 
 813  3195  5549 56631.75 
 813.04  3200  5623 64691.25 
 813.09  3205  5698 69815 
 813.14  3210  5773 54566.75 
 813.19  3215  5848 50154.25 
 813.24  3220  5923 54044.75 
 813.29  3225  5998 43237.25 
 813.34  3230  6073 39245.25 
 813.39  3235  6149 40883.5 
 813.45  3240  6224 43748.75 
 813.49  3245  6300 41797.25 
 813.54  3250  6375 35710.5 
end
uaIntegration time is 0.2294 seconds per sampledt  4E-08 cy 1dh250619El Arenosillo 37.1 6.73 3.82pr1000dark 5.4 
 840.04  2900  1280 89 
 840.1  2905  1350 80.5 
 840.15  2910  1420 84 
 840.2  2915  1490 83 
 840.25  2920  1561 97 
 840.3  2925  1631 98.25 
 840.34  2930  1702 103.75 
 840.4  2935  1773 114.5 
 840.44  2940  1843 135 
 840.49  2945  1914 147.75 
 840.54  2950  1985 180 
 840.59  2955  2056 254.5 
 840.65  2960  2127 347 
 840.7  2965  2198 364.25 
 840.75  2970  2269 456.25 
 840.8  2975  2340 820.75 
 840.85  2980  2411 950.75 
 840.9  2985  2483 912 
 840.95  2990  2554 1629 
 840.99  2995  2626 2073 
 841.04  3000  2697 2006 
 841.09  3005  2769 2613 
 841.15  3010  2841 3822.5 
 841.2  3015  2912 4929.75 
 841.24  3020  2984 4182.5 
 841.3  3025  3056 7383.25 
 841.35  3030  3128 10940.25 
 841.4  3035  3200 12592 
 841.45  3040  3273 11808 
 841.5  3045  3345 15167.5 
 841.54  3050  3417 19155.75 
 841.59  3055  3490 19597.75 
 841.64  3060  3562 18689.5 
 841.7  3065  3635 21345.5 
 841.75  3070  3707 27931.5 
 841.8  3075  3780 31340.5 
 841.85  3080  3853 32394 
 841.9  3085  3926 35769.75 
 841.95  3090  3998 30500 
 842  3095  4071 32475.5 
 842.04  3100  4145 31280.75 
 842.09  3105  4218 49732.5 
 842.14  3110  4291 57432.75 
 842.2  3115  4364 54155.25 
 842.25  3120  4438 49802.5 
 842.29  3125  4511 56360.75 
 842.35  3130  4585 57776.25 
 842.4  3135  4658 57914.75 
 842.45  3140  4732 64820.5 
 842.5  3145  4806 52899 
 842.55  3150  4880 66316.25 
 842.59  3155  4954 55258.5 
 842.65  3160  5028 46276.5 
 842.69  3165  5102 60426.75 
 842.75  3170  5176 71514.25 
 842.79  3175  5251 71313.75 
 842.85  3180  5325 51219.75 
 842.9  3185  5399 58864.75 
 842.95  3190  5474 61658 
 843  3195  5549 53914.25 
 843.05  3200  5623 61417.25 
 843.1  3205  5698 66358.75 
 843.15  3210  5773 51526.25 
 843.19  3215  5848 47748.5 
 843.25  3220  5923 51140.25 
 843.29  3225  5998 40601 
 843.35  3230  6073 37606.75 
 843.4  3235  6149 38835 
 843.45  3240  6224 41705.5 
 843.5  3245  6300 39715 
 843.55  3250  6375 34044 
end
uaIntegration time is 0.2294 seconds per sampledt  4E-08 cy 1dh250619El Arenosillo 37.1 6.73 3.8pr1000dark 6 
 870.04  2900  1280 74 
 870.1  2905  1350 78 
 870.15  2910  1420 78.25 
 870.2  2915  1490 82 
 870.25  2920  1561 93.5 
 870.3  2925  1631 85.75 
 870.35  2930  1702 92 
 870.4  2935  1773 102.25 
 870.44  2940  1843 112 
 870.49  2945  1914 122.5 
 870.54  2950  1985 153.25 
 870.6  2955  2056 191.25 
 870.65  2960  2127 269.5 
 870.69  2965  2198 292.75 
 870.75  2970  2269 339 
 870.8  2975  2340 621.75 
 870.85  2980  2411 736.5 
 870.9  2985  2483 739.75 
 870.95  2990  2554 1279.25 
 870.99  2995  2626 1647.75 
 871.04  3000  2697 1600.25 
 871.1  3005  2769 2141 
 871.15  3010  2841 3154.25 
 871.19  3015  2912 4060.25 
 871.25  3020  2984 3489.5 
 871.3  3025  3056 6087.25 
 871.35  3030  3128 9276.25 
 871.4  3035  3200 10635.5 
 871.45  3040  3273 10101.5 
 871.49  3045  3345 12998.75 
 871.54  3050  3417 16731 
 871.6  3055  3490 16945 
 871.65  3060  3562 16547.75 
 871.7  3065  3635 18656.5 
 871.74  3070  3707 24624 
 871.8  3075  3780 27790.75 
 871.85  3080  3853 28805.5 
 871.9  3085  3926 31850.25 
 871.95  3090  3998 26889.25 
 872  3095  4071 29227.75 
 872.05  3100  4145 28410.75 
 872.1  3105  4218 45372.5 
 872.15  3110  4291 51962.5 
 872.19  3115  4364 49275 
 872.24  3120  4438 45286.75 
 872.3  3125  4511 51455.5 
 872.35  3130  4585 52810.25 
 872.4  3135  4658 52734.5 
 872.45  3140  4732 58974.5 
 872.5  3145  4806 49020 
 872.54  3150  4880 61139 
 872.6  3155  4954 50787 
 872.65  3160  5028 42410.5 
 872.7  3165  5102 55859.25 
 872.75  3170  5176 66166.75 
 872.79  3175  5251 65266 
 872.85  3180  5325 47404.5 
 872.9  3185  5399 55325.5 
 872.95  3190  5474 56994.25 
 873  3195  5549 50001 
 873.05  3200  5623 57085.75 
 873.1  3205  5698 61745.25 
 873.15  3210  5773 48452.5 
 873.2  3215  5848 44920.25 
 873.24  3220  5923 47370.25 
 873.29  3225  5998 37550.5 
 873.35  3230  6073 34992.25 
 873.4  3235  6149 36300.75 
 873.45  3240  6224 38920.25 
 873.5  3245  6300 37002.75 
 873.55  3250  6375 31650.5 
end
uaIntegration time is 0.2294 seconds per sampledt  4E-08 cy 1dh250619El Arenosillo 37.1 6.73 3.78pr1000dark 5.75 
 900.05  2900  1280 67.75 
 900.1  2905  1350 68.5 
 900.16  2910  1420 71.25 
 900.2  2915  1490 70.25 
 900.25  2920  1561 78.25 
 900.3  2925  1631 71.25 
 900.35  2930  1702 79.75 
 900.41  2935  1773 84.25 
 900.45  2940  1843 91.25 
 900.5  2945  1914 102.25 
 900.55  2950  1985 110 
 900.6  2955  2056 150.75 
 900.66  2960  2127 195.5 
 900.7  2965  2198 207 
 900.75  2970  2269 246.25 
 900.8  2975  2340 458.25 
 900.85  2980  2411 523.25 
 900.91  2985  2483 538.75 
 900.95  2990  2554 932.75 
 901  2995  2626 1212.75 
 901.06  3000  2697 1203.75 
 901.1  3005  2769 1606.75 
 901.16  3010  2841 2368.25 
 901.2  3015  2912 3129.25 
 901.25  3020  2984 2737.25 
 901.3  3025  3056 4921.5 
 901.35  3030  3128 7317.25 
 901.4  3035  3200 8543 
 901.45  3040  3273 8104 
 901.5  3045  3345 10489.75 
 901.55  3050  3417 13662.5 
 901.61  3055  3490 13724.75 
 901.65  3060  3562 13637 
 901.71  3065  3635 15594.5 
 901.75  3070  3707 20868.5 
 901.8  3075  3780 23463.75 
 901.85  3080  3853 24464 
 901.9  3085  3926 27126.25 
 901.96  3090  3998 22900.75 
 902  3095  4071 25139.5 
 902.05  3100  4145 24664.25 
 902.1  3105  4218 39700 
 902.15  3110  4291 45191.75 
 902.21  3115  4364 42846.75 
 902.25  3120  4438 39724.75 
 902.3  3125  4511 45327 
 902.35  3130  4585 46619.75 
 902.4  3135  4658 46937.5 
 902.45  3140  4732 52108.5 
 902.5  3145  4806 43798.25 
 902.55  3150  4880 54512.25 
 902.6  3155  4954 45424.75 
 902.66  3160  5028 37877.75 
 902.7  3165  5102 50045.75 
 902.75  3170  5176 59485.5 
 902.81  3175  5251 58998 
 902.85  3180  5325 42366.75 
 902.9  3185  5399 49442.25 
 902.96  3190  5474 51633.5 
 903  3195  5549 44949.5 
 903.05  3200  5623 51358.5 
 903.1  3205  5698 55902.5 
 903.15  3210  5773 43642.75 
 903.2  3215  5848 40718.5 
 903.26  3220  5923 42788.25 
 903.3  3225  5998 33901.25 
 903.35  3230  6073 31638.75 
 903.4  3235  6149 32984 
 903.46  3240  6224 35411 
 903.5  3245  6300 33518 
 903.55  3250  6375 28722.75 
end
uaIntegration time is 0.2294 seconds per sampledt  4E-08 cy 1dh250619El Arenosillo 37.1 6.73 3.78pr1000dark 5.25 
 930.05  2900  1280 56.25 
 930.1  2905  1350 61.5 
 930.16  2910  1420 64 
 930.2  2915  1490 58.75 
 930.25  2920  1561 62 
 930.3  2925  1631 64.75 
 930.35  2930  1702 70 
 930.41  2935  1773 69 
 930.45  2940  1843 72.75 
 930.5  2945  1914 72.5 
 930.55  2950  1985 80 
 930.6  2955  2056 100.75 
 930.66  2960  2127 126.25 
 930.7  2965  2198 145 
 930.75  2970  2269 165 
 930.8  2975  2340 292.25 
 930.85  2980  2411 338.25 
 930.91  2985  2483 347.25 
 930.96  2990  2554 611.25 
 931  2995  2626 806.5 
 931.05  3000  2697 825.25 
 931.1  3005  2769 1096.75 
 931.16  3010  2841 1676 
 931.2  3015  2912 2211.25 
 931.27  3020  2984 1960.25 
 931.31  3025  3056 3573 
 931.36  3030  3128 5400.25 
 931.41  3035  3200 6316.75 
 931.45  3040  3273 6011.25 
 931.5  3045  3345 7891.75 
 931.55  3050  3417 10635.75 
 931.6  3055  3490 10737.5 
 931.66  3060  3562 10645.75 
 931.71  3065  3635 12205.5 
 931.76  3070  3707 16504.75 
 931.8  3075  3780 18811.5 
 931.86  3080  3853 19731 
 931.91  3085  3926 21953.75 
 931.95  3090  3998 18653.75 
 932  3095  4071 20763 
 932.05  3100  4145 20426.5 
 932.1  3105  4218 32932.75 
 932.16  3110  4291 37686.25 
 932.2  3115  4364 35851 
 932.26  3120  4438 33391.75 
 932.3  3125  4511 38180 
 932.36  3130  4585 39471.5 
 932.41  3135  4658 39868.25 
 932.45  3140  4732 44584 
 932.5  3145  4806 37202.5 
 932.55  3150  4880 46929 
 932.6  3155  4954 39407 
 932.65  3160  5028 32540.25 
 932.71  3165  5102 43538.5 
 932.76  3170  5176 51452 
 932.8  3175  5251 50667.25 
 932.85  3180  5325 36788 
 932.91  3185  5399 43378.5 
 932.96  3190  5474 45295 
 933  3195  5549 39291 
 933.05  3200  5623 44624.5 
 933.1  3205  5698 48939.25 
 933.15  3210  5773 37794.25 
 933.21  3215  5848 35875.75 
 933.25  3220  5923 37471.75 
 933.3  3225  5998 29840.25 
 933.35  3230  6073 27810.75 
 933.41  3235  6149 29186 
 933.46  3240  6224 31292.75 
 933.5  3245  6300 29557.75 
 933.55  3250  6375 25366 
end
uaIntegration time is 0.2294 seconds per sampledt  4E-08 cy 1dh250619El Arenosillo 37.1 6.73 3.74pr1000dark 4.95 
 960.03  2900  1280 48.5 
 960.09  2905  1350 48.5 
 960.14  2910  1420 48.75 
 960.19  2915  1490 50 
 960.24  2920  1561 50.5 
 960.3  2925  1631 52 
 960.34  2930  1702 58 
 960.39  2935  1773 53.5 
 960.44  2940  1843 56.25 
 960.49  2945  1914 56.25 
 960.54  2950  1985 65 
 960.59  2955  2056 69.5 
 960.64  2960  2127 81 
 960.7  2965  2198 93 
 960.74  2970  2269 113.25 
 960.79  2975  2340 178.25 
 960.84  2980  2411 205.5 
 960.89  2985  2483 210.75 
 960.94  2990  2554 353.25 
 960.99  2995  2626 471.5 
 961.04  3000  2697 497.75 
 961.1  3005  2769 656.75 
 961.14  3010  2841 1042 
 961.19  3015  2912 1394.5 
 961.24  3020  2984 1265.5 
 961.29  3025  3056 2312.25 
 961.34  3030  3128 3573.5 
 961.39  3035  3200 4279.25 
 961.44  3040  3273 4047.75 
 961.49  3045  3345 5468.5 
 961.55  3050  3417 7572.5 
 961.59  3055  3490 7569.5 
 961.64  3060  3562 7703 
 961.69  3065  3635 8909.5 
 961.74  3070  3707 12201.25 
 961.79  3075  3780 14061.5 
 961.84  3080  3853 14794.5 
 961.89  3085  3926 16569 
 961.94  3090  3998 14205.5 
 961.99  3095  4071 16138.25 
 962.04  3100  4145 15918.5 
 962.09  3105  4218 25864 
 962.14  3110  4291 29772.25 
 962.19  3115  4364 28485.75 
 962.24  3120  4438 26829.25 
 962.29  3125  4511 30996.75 
 962.34  3130  4585 32009.25 
 962.4  3135  4658 32287.75 
 962.44  3140  4732 36340.5 
 962.49  3145  4806 30577.75 
 962.54  3150  4880 38642.25 
 962.59  3155  4954 32106 
 962.64  3160  5028 26972 
 962.69  3165  5102 36345.5 
 962.74  3170  5176 43013.25 
 962.8  3175  5251 42138.5 
 962.84  3180  5325 30785 
 962.89  3185  5399 36537.25 
 962.94  3190  5474 38148 
 962.99  3195  5549 33007 
 963.04  3200  5623 37633.25 
 963.09  3205  5698 41444.75 
 963.15  3210  5773 32145.75 
 963.19  3215  5848 30646.75 
 963.24  3220  5923 31773.25 
 963.29  3225  5998 25460 
 963.34  3230  6073 23559.75 
 963.39  3235  6149 25047.5 
 963.44  3240  6224 26929.75 
 963.49  3245  6300 25410.5 
 963.55  3250  6375 21645.75 
end
uaIntegration time is 0.2294 seconds per sampledt  4E-08 cy 1dh250619El Arenosillo 37.1 6.73 3.72pr1000dark 4.35 
 990.05  2900  1280 39 
 990.1  2905  1350 36.5 
 990.16  2910  1420 38.75 
 990.2  2915  1490 39.25 
 990.25  2920  1561 40.5 
 990.31  2925  1631 42 
 990.35  2930  1702 42.5 
 990.4  2935  1773 40 
 990.46  2940  1843 42.5 
 990.5  2945  1914 44 
 990.55  2950  1985 49.5 
 990.6  2955  2056 50.5 
 990.65  2960  2127 65.25 
 990.71  2965  2198 59.75 
 990.75  2970  2269 68.75 
 990.8  2975  2340 101.25 
 990.85  2980  2411 102.75 
 990.9  2985  2483 111.5 
 990.96  2990  2554 176.25 
 991  2995  2626 243 
 991.05  3000  2697 260.5 
 991.1  3005  2769 352.75 
 991.15  3010  2841 554.75 
 991.21  3015  2912 755.25 
 991.25  3020  2984 699.25 
 991.3  3025  3056 1297.5 
 991.36  3030  3128 2029.25 
 991.42  3035  3200 2517 
 991.47  3040  3273 2477 
 991.51  3045  3345 3406.75 
 991.55  3050  3417 4745.75 
 991.61  3055  3490 4868.75 
 991.65  3060  3562 4973.5 
 991.7  3065  3635 5841 
 991.75  3070  3707 8071.75 
 991.8  3075  3780 9633.25 
 991.85  3080  3853 10203.75 
 991.9  3085  3926 11585.5 
 991.96  3090  3998 10063.5 
 992  3095  4071 11522.25 
 992.05  3100  4145 11462 
 992.1  3105  4218 18689.5 
 992.15  3110  4291 21784.75 
 992.21  3115  4364 21088 
 992.26  3120  4438 20127.25 
 992.3  3125  4511 23502.25 
 992.35  3130  4585 24366.25 
 992.4  3135  4658 24352.75 
 992.46  3140  4732 27976.25 
 992.5  3145  4806 23843.25 
 992.55  3150  4880 30052.75 
 992.6  3155  4954 25167.75 
 992.66  3160  5028 21222 
 992.7  3165  5102 28737.75 
 992.76  3170  5176 33955.25 
 992.81  3175  5251 33512.5 
 992.85  3180  5325 24523 
 992.9  3185  5399 29281 
 992.95  3190  5474 31291.25 
 993.01  3195  5549 26338 
 993.05  3200  5623 30324.75 
 993.1  3205  5698 33625.75 
 993.15  3210  5773 26498.5 
 993.2  3215  5848 25010 
 993.26  3220  5923 25910.75 
 993.31  3225  5998 20974 
 993.35  3230  6073 19148.25 
 993.4  3235  6149 20601 
 993.45  3240  6224 22055 
 993.51  3245  6300 20789.75 
 993.55  3250  6375 17671.5 
end
uaIntegration time is 0.2294 seconds per sampledt  4E-08 cy 1dh250619El Arenosillo 37.1 6.73 3.68pr1000dark 4.05 
 1020.04  2900  1280 30 
 1020.09  2905  1350 34 
 1020.15  2910  1420 37.75 
 1020.19  2915  1490 37 
 1020.24  2920  1561 30.5 
 1020.29  2925  1631 29.25 
 1020.34  2930  1702 29.75 
 1020.39  2935  1773 33.5 
 1020.44  2940  1843 33.5 
 1020.49  2945  1914 32.5 
 1020.55  2950  1985 39.25 
 1020.59  2955  2056 37.75 
 1020.65  2960  2127 37.25 
 1020.69  2965  2198 36 
 1020.74  2970  2269 40.75 
 1020.79  2975  2340 45.5 
 1020.84  2980  2411 53.75 
 1020.9  2985  2483 53.25 
 1020.94  2990  2554 78.75 
 1020.99  2995  2626 106.25 
 1021.05  3000  2697 115 
 1021.09  3005  2769 162.5 
 1021.14  3010  2841 252.5 
 1021.2  3015  2912 347.5 
 1021.24  3020  2984 328.25 
 1021.29  3025  3056 613.25 
 1021.34  3030  3128 986.25 
 1021.4  3035  3200 1254.5 
 1021.44  3040  3273 1255.5 
 1021.49  3045  3345 1777 
 1021.55  3050  3417 2605.5 
 1021.6  3055  3490 2755.25 
 1021.65  3060  3562 2777 
 1021.69  3065  3635 3363.5 
 1021.74  3070  3707 4772 
 1021.79  3075  3780 5855.5 
 1021.84  3080  3853 6277.5 
 1021.89  3085  3926 7200.25 
 1021.94  3090  3998 6269.5 
 1021.99  3095  4071 7499.5 
 1022.04  3100  4145 7557.5 
 1022.1  3105  4218 12187.5 
 1022.14  3110  4291 14542 
 1022.2  3115  4364 14174.75 
 1022.25  3120  4438 13829.75 
 1022.29  3125  4511 16375 
 1022.34  3130  4585 17180.5 
 1022.39  3135  4658 16984.25 
 1022.45  3140  4732 19887.75 
 1022.49  3145  4806 17097 
 1022.54  3150  4880 21809.75 
 1022.6  3155  4954 18206.75 
 1022.64  3160  5028 15571.25 
 1022.69  3165  5102 21282.75 
 1022.75  3170  5176 25202 
 1022.79  3175  5251 24999 
 1022.84  3180  5325 18516.25 
 1022.89  3185  5399 21932.25 
 1022.95  3190  5474 23952.75 
 1022.99  3195  5549 19956.5 
 1023.04  3200  5623 22820.75 
 1023.09  3205  5698 25729.5 
 1023.15  3210  5773 20588 
 1023.2  3215  5848 19182.25 
 1023.25  3220  5923 19915 
 1023.3  3225  5998 15943.25 
 1023.34  3230  6073 14798 
 1023.39  3235  6149 16064.75 
 1023.44  3240  6224 17356.5 
 1023.49  3245  6300 16268.25 
 1023.54  3250  6375 13646.5 
end
uaIntegration time is 0.2294 seconds per sampledt  4E-08 cy 1dh250619El Arenosillo 37.1 6.73 3.64pr1000dark 3.7 
 1050.04  2900  1280 19.75 
 1050.1  2905  1350 19.75 
 1050.15  2910  1420 19.25 
 1050.2  2915  1490 20.5 
 1050.25  2920  1561 20.5 
 1050.3  2925  1631 19.25 
 1050.34  2930  1702 22.75 
 1050.38  2935  1773 43.25 
 1050.45  2940  1843 19 
 1050.49  2945  1914 21.25 
 1050.54  2950  1985 21.75 
 1050.6  2955  2056 23.25 
 1050.65  2960  2127 22.75 
 1050.7  2965  2198 26 
 1050.75  2970  2269 21 
 1050.8  2975  2340 28.5 
 1050.85  2980  2411 29.75 
 1050.9  2985  2483 42 
 1050.95  2990  2554 39.5 
 1050.99  2995  2626 47.5 
 1051.04  3000  2697 50.25 
 1051.1  3005  2769 69.75 
 1051.15  3010  2841 95 
 1051.19  3015  2912 132.75 
 1051.25  3020  2984 133.75 
 1051.3  3025  3056 230 
 1051.35  3030  3128 391.75 
 1051.4  3035  3200 515 
 1051.45  3040  3273 524.75 
 1051.49  3045  3345 751.25 
 1051.54  3050  3417 1154.5 
 1051.6  3055  3490 1258.75 
 1051.65  3060  3562 1290.25 
 1051.7  3065  3635 1591.75 
 1051.74  3070  3707 2357.25 
 1051.8  3075  3780 3030.5 
 1051.85  3080  3853 3253.25 
 1051.9  3085  3926 3785.75 
 1051.95  3090  3998 3391.25 
 1052  3095  4071 4186.25 
 1052.04  3100  4145 4274.75 
 1052.09  3105  4218 7011.25 
 1052.15  3110  4291 8464.75 
 1052.2  3115  4364 8351.75 
 1052.25  3120  4438 8390.5 
 1052.3  3125  4511 10128.25 
 1052.35  3130  4585 10620 
 1052.4  3135  4658 10582.5 
 1052.45  3140  4732 12614.25 
 1052.5  3145  4806 11093.25 
 1052.54  3150  4880 14274 
 1052.59  3155  4954 11897.5 
 1052.65  3160  5028 10326.25 
 1052.7  3165  5102 14263.25 
 1052.75  3170  5176 16981.5 
 1052.79  3175  5251 16696.25 
 1052.85  3180  5325 12546.25 
 1052.9  3185  5399 15117.25 
 1052.95  3190  5474 16650.25 
 1053  3195  5549 13802.75 
 1053.05  3200  5623 15806.75 
 1053.1  3205  5698 18091.75 
 1053.15  3210  5773 14597.25 
 1053.2  3215  5848 13726.25 
 1053.25  3220  5923 14000.5 
 1053.3  3225  5998 11177.5 
 1053.35  3230  6073 10606 
 1053.4  3235  6149 11683.5 
 1053.45  3240  6224 12599.5 
 1053.5  3245  6300 11692 
 1053.55  3250  6375 9827.5 
end
uaIntegration time is 0.2294 seconds per sampledt  4E-08 cy 1dh250619El Arenosillo 37.1 6.73 3.6pr1000dark 3.55 
 1080.04  2900  1280 13 
 1080.09  2905  1350 13 
 1080.14  2910  1420 14.25 
 1080.19  2915  1490 13.75 
 1080.24  2920  1561 12.25 
 1080.29  2925  1631 12.5 
 1080.34  2930  1702 13.5 
 1080.39  2935  1773 12.5 
 1080.44  2940  1843 14 
 1080.49  2945  1914 13.25 
 1080.54  2950  1985 14 
 1080.59  2955  2056 12.25 
 1080.64  2960  2127 15 
 1080.69  2965  2198 14.75 
 1080.74  2970  2269 15 
 1080.79  2975  2340 15 
 1080.85  2980  2411 17 
 1080.89  2985  2483 17.25 
 1080.94  2990  2554 18.75 
 1080.99  2995  2626 20.25 
 1081.04  3000  2697 22 
 1081.09  3005  2769 25.25 
 1081.14  3010  2841 38 
 1081.19  3015  2912 45 
 1081.25  3020  2984 45.75 
 1081.29  3025  3056 77.25 
 1081.34  3030  3128 118.75 
 1081.39  3035  3200 158.5 
 1081.44  3040  3273 168.75 
 1081.49  3045  3345 245.25 
 1081.54  3050  3417 385.75 
 1081.59  3055  3490 443.25 
 1081.64  3060  3562 459.5 
 1081.69  3065  3635 585.5 
 1081.74  3070  3707 913.25 
 1081.79  3075  3780 1219.5 
 1081.84  3080  3853 1339.25 
 1081.89  3085  3926 1591.75 
 1081.94  3090  3998 1463.5 
 1081.99  3095  4071 1912.25 
 1082.04  3100  4145 2015.25 
 1082.09  3105  4218 3262.5 
 1082.14  3110  4291 4043.25 
 1082.2  3115  4364 4082 
 1082.24  3120  4438 4265.5 
 1082.29  3125  4511 5269 
 1082.34  3130  4585 5650.75 
 1082.39  3135  4658 5519.5 
 1082.44  3140  4732 6847 
 1082.49  3145  4806 6214.5 
 1082.54  3150  4880 8086.25 
 1082.59  3155  4954 6660.75 
 1082.65  3160  5028 5982 
 1082.69  3165  5102 8438.25 
 1082.74  3170  5176 10020.25 
 1082.79  3175  5251 9853.75 
 1082.84  3180  5325 7509.5 
 1082.89  3185  5399 9366 
 1082.94  3190  5474 10339.75 
 1082.99  3195  5549 8441.5 
 1083.04  3200  5623 9656 
 1083.1  3205  5698 11323.75 
 1083.14  3210  5773 9448 
 1083.19  3215  5848 8841 
 1083.24  3220  5923 8832.25 
 1083.29  3225  5998 7080.75 
 1083.34  3230  6073 6846.25 
 1083.39  3235  6149 7693.25 
 1083.44  3240  6224 8337.5 
 1083.49  3245  6300 7631.5 
 1083.55  3250  6375 6392 
end
uaIntegration time is 0.2294 seconds per sampledt  4E-08 cy 1dh250619El Arenosillo 37.1 6.73 3.56pr1000dark 2.95 
 1110.04  2900  1280 7 
 1110.09  2905  1350 9 
 1110.15  2910  1420 7.25 
 1110.19  2915  1490 7.25 
 1110.25  2920  1561 8.5 
 1110.29  2925  1631 7.75 
 1110.35  2930  1702 6.5 
 1110.4  2935  1773 7.5 
 1110.45  2940  1843 8 
 1110.5  2945  1914 6.5 
 1110.55  2950  1985 8.5 
 1110.59  2955  2056 8.75 
 1110.65  2960  2127 8.25 
 1110.7  2965  2198 9 
 1110.74  2970  2269 7.5 
 1110.8  2975  2340 8 
 1110.85  2980  2411 10.5 
 1110.9  2985  2483 10.25 
 1110.95  2990  2554 9.25 
 1110.99  2995  2626 11.75 
 1111.04  3000  2697 10.25 
 1111.1  3005  2769 11.25 
 1111.15  3010  2841 16 
 1111.19  3015  2912 16 
 1111.24  3020  2984 17.25 
 1111.3  3025  3056 24.5 
 1111.34  3030  3128 37.75 
 1111.4  3035  3200 43.25 
 1111.45  3040  3273 50.75 
 1111.5  3045  3345 70.75 
 1111.55  3050  3417 107.75 
 1111.6  3055  3490 121.75 
 1111.64  3060  3562 127.25 
 1111.69  3065  3635 162.5 
 1111.75  3070  3707 259.5 
 1111.79  3075  3780 372.25 
 1111.85  3080  3853 406 
 1111.9  3085  3926 494.5 
 1111.95  3090  3998 464.25 
 1112  3095  4071 631 
 1112.04  3100  4145 672.25 
 1112.1  3105  4218 1173.25 
 1112.14  3110  4291 1464.25 
 1112.21  3115  4364 1495.5 
 1112.26  3120  4438 1658.5 
 1112.3  3125  4511 2128 
 1112.35  3130  4585 2273.5 
 1112.4  3135  4658 2237 
 1112.44  3140  4732 2842.25 
 1112.5  3145  4806 2796.5 
 1112.54  3150  4880 3650 
 1112.6  3155  4954 2897 
 1112.65  3160  5028 2793.25 
 1112.7  3165  5102 4112.5 
 1112.75  3170  5176 4792.25 
 1112.8  3175  5251 4648 
 1112.85  3180  5325 3706 
 1112.9  3185  5399 4872.25 
 1112.94  3190  5474 5393 
 1112.99  3195  5549 4324 
 1113.04  3200  5623 4933.75 
 1113.09  3205  5698 6050.25 
 1113.15  3210  5773 5185 
 1113.19  3215  5848 4903.25 
 1113.25  3220  5923 4723.75 
 1113.3  3225  5998 3768.25 
 1113.35  3230  6073 3793 
 1113.4  3235  6149 4374.75 
 1113.45  3240  6224 4785.75 
 1113.49  3245  6300 4311.75 
 1113.55  3250  6375 3493.75 
end
uaIntegration time is 0.2294 seconds per sampledt  4E-08 cy 1dh250619El Arenosillo 37.1 6.73 3.49pr1000dark 2.75 
 1140.04  2900  1280 5 
 1140.1  2905  1350 4.25 
 1140.15  2910  1420 4.5 
 1140.2  2915  1490 3.75 
 1140.25  2920  1561 4.25 
 1140.29  2925  1631 5 
 1140.35  2930  1702 4.25 
 1140.41  2935  1773 4 
 1140.45  2940  1843 4 
 1140.5  2945  1914 3.75 
 1140.55  2950  1985 4.75 
 1140.6  2955  2056 5 
 1140.65  2960  2127 5.25 
 1140.7  2965  2198 6.25 
 1140.75  2970  2269 4.75 
 1140.8  2975  2340 4.75 
 1140.85  2980  2411 5.75 
 1140.9  2985  2483 5.5 
 1140.95  2990  2554 5 
 1141  2995  2626 5.25 
 1141.05  3000  2697 6 
 1141.1  3005  2769 7 
 1141.15  3010  2841 7.75 
 1141.2  3015  2912 9 
 1141.25  3020  2984 10 
 1141.3  3025  3056 12 
 1141.35  3030  3128 18 
 1141.4  3035  3200 18.25 
 1141.45  3040  3273 17.5 
 1141.5  3045  3345 23.75 
 1141.55  3050  3417 34.5 
 1141.6  3055  3490 37.5 
 1141.65  3060  3562 36.5 
 1141.7  3065  3635 44.5 
 1141.75  3070  3707 69.75 
 1141.8  3075  3780 88.5 
 1141.85  3080  3853 96.25 
 1141.9  3085  3926 112.25 
 1141.95  3090  3998 103.75 
 1142  3095  4071 142.5 
 1142.05  3100  4145 155.25 
 1142.1  3105  4218 265.75 
 1142.15  3110  4291 337.5 
 1142.2  3115  4364 351.25 
 1142.25  3120  4438 414.5 
 1142.3  3125  4511 541 
 1142.35  3130  4585 597 
 1142.4  3135  4658 588.5 
 1142.46  3140  4732 798.25 
 1142.5  3145  4806 807.75 
 1142.55  3150  4880 1086.5 
 1142.6  3155  4954 860 
 1142.65  3160  5028 874.5 
 1142.7  3165  5102 1357 
 1142.75  3170  5176 1596.5 
 1142.8  3175  5251 1528.75 
 1142.85  3180  5325 1250.5 
 1142.9  3185  5399 1806 
 1142.96  3190  5474 2061.75 
 1143  3195  5549 1558 
 1143.05  3200  5623 1766.75 
 1143.1  3205  5698 2343.75 
 1143.15  3210  5773 2176.5 
 1143.2  3215  5848 2039.75 
 1143.25  3220  5923 1849.25 
 1143.3  3225  5998 1465.5 
 1143.35  3230  6073 1568.25 
 1143.4  3235  6149 1958 
 1143.45  3240  6224 2144.75 
 1143.51  3245  6300 1905.5 
 1143.55  3250  6375 1498.5 
end
