uxIntegration time is 0.2294 seconds per sampledt  3.4E-08 cy 1dh270619Arenosillo 37.1 6.73 3.19pr1000dark 2.9 
 360.06  2900  736 7 
 360.1  2905  803 5.75 
 360.14  2910  870 5.75 
 360.18  2915  937 6 
 360.22  2920  1004 6.25 
 360.26  2925  1071 6.75 
 360.31  2930  1138 6 
 360.35  2935  1206 6.75 
 360.39  2940  1273 6.5 
 360.44  2945  1341 6.25 
 360.48  2950  1408 5 
 360.52  2955  1476 5.75 
 360.56  2960  1544 6.75 
 360.6  2965  1611 6.25 
 360.64  2970  1679 6.75 
 360.68  2975  1747 7 
 360.73  2980  1815 7 
 360.77  2985  1883 7.75 
 360.82  2990  1952 9.5 
 360.86  2995  2020 10.75 
 360.89  3000  2088 10 
 360.92  3005  2157 11 
 360.96  3010  2225 13 
 360.99  3015  2294 17.5 
 361.02  3020  2362 14 
 361.05  3025  2431 24 
 361.1  3030  2500 41 
 361.13  3035  2569 37.5 
 361.16  3040  2638 35.5 
 361.19  3045  2707 46 
 361.23  3050  2776 59.5 
 361.26  3055  2845 74 
 361.29  3060  2915 77.5 
 361.32  3065  2984 97 
 361.36  3070  3054 151 
 361.39  3075  3123 192.5 
 361.43  3080  3193 214.5 
 361.46  3085  3263 257.5 
 361.5  3090  3333 234 
 361.53  3095  3403 326.5 
 361.56  3100  3473 366 
 361.6  3105  3543 598 
 361.63  3110  3613 773 
 361.66  3115  3683 801 
 361.69  3120  3754 907 
 361.73  3125  3824 1204 
 361.77  3130  3895 1340 
 361.8  3135  3965 1296.5 
 361.83  3140  4036 1745 
 361.87  3145  4107 1778.5 
 361.9  3150  4178 2302.5 
 361.93  3155  4249 1828 
 361.96  3160  4320 1789.5 
 362  3165  4391 2706 
 362.03  3170  4462 3213.5 
 362.06  3175  4534 3105.5 
 362.1  3180  4605 2505 
 362.14  3185  4677 3419 
 362.17  3190  4748 3940.5 
 362.2  3195  4820 2986 
 362.24  3200  4892 3349 
 362.27  3205  4964 4251 
 362.3  3210  5036 3863.5 
 362.33  3215  5108 3585 
 362.37  3220  5180 3300.5 
 362.4  3225  5253 2614.5 
 362.44  3230  5325 2618.5 
 362.47  3235  5397 3231 
 362.51  3240  5470 3504.5 
 362.54  3245  5543 3091.5 
 362.58  3250  5616 2415 
 362.85  3255  3766 1888 
 362.88  3260  3840 2394.5 
 362.92  3265  3914 2518 
 362.95  3270  3988 2559 
 363  3275  4063 2322.5 
 363.03  3280  4137 2009 
 363.06  3285  4212 2214 
 363.1  3290  4287 2803.5 
 363.13  3295  4361 3187 
 363.16  3300  4436 3179 
 363.2  3305  4511 2496.5 
 363.23  3310  4586 2499.5 
 363.26  3315  4662 2613 
 363.3  3320  4737 2868 
 363.34  3325  4812 2855.5 
 363.37  3330  4888 2815.5 
 363.41  3335  4964 2542 
 363.44  3340  5039 2590 
 363.48  3345  5115 2961 
 363.51  3350  5191 2883 
 363.54  3355  5267 3263.5 
 363.58  3360  5344 2249.5 
 363.61  3365  5420 2628.5 
 363.65  3370  5496 2117 
 363.69  3375  5573 2667 
 363.72  3380  5650 2569 
 363.76  3385  5726 2966.5 
 363.79  3390  5803 2867.5 
 363.82  3395  5880 2835.5 
 363.86  3400  5957 3288.5 
 363.89  3405  6035 2884.5 
 363.92  3410  6112 2815.5 
 363.96  3415  6189 2638 
 363.99  3420  6267 3071.5 
 364.03  3425  6345 2941.5 
 364.07  3430  6422 3079 
 364.1  3435  6500 2859 
 364.14  3440  6578 2100 
 364.17  3445  6657 2185.5 
 364.2  3450  6735 2814.5 
 364.24  3455  6813 2842 
 364.27  3460  6892 2450.5 
 364.31  3465  6971 2719 
 364.34  3470  7049 2824 
 364.38  3475  7128 2296.5 
 364.41  3480  7207 2613 
 364.45  3485  7286 2571.5 
 364.48  3490  7366 2360.5 
 364.52  3495  7445 2342.5 
 364.55  3500  7525 2855 
 364.59  3505  7604 2938.5 
 364.62  3510  7684 2635.5 
 364.66  3515  7764 2498 
 364.69  3520  7844 2669 
 364.73  3525  7924 2080.5 
 364.77  3530  8005 2552 
 364.8  3535  8085 2758.5 
 364.84  3540  8166 2756 
 364.87  3545  8246 2778 
 364.91  3550  8327 2798 
 364.94  3555  8408 2475.5 
 364.98  3560  8489 2553.5 
 365.01  3565  8570 2143.5 
 365.05  3570  8652 1752.5 
 365.09  3575  8733 2127 
 365.12  3580  8815 1679.5 
 365.16  3585  8897 1396.5 
 365.19  3590  8979 1998 
 365.23  3595  9061 2373 
 365.26  3600  9143 2439.5 
 365.3  3605  9225 1939 
 365.33  3610  9308 1751.5 
 365.37  3615  9390 1982 
 365.4  3620  9473 1656.5 
 365.45  3625  9556 2265 
 365.48  3630  9639 1904 
end
uaIntegration time is 0.2294 seconds per sampledt  3.4E-08 cy 1dh270619Arenosillo 37.1 6.73 3.19pr1000dark 2.9 
 390.05  2900  736 12 
 390.11  2905  803 11.25 
 390.16  2910  870 10.75 
 390.2  2915  937 14 
 390.25  2920  1004 12 
 390.3  2925  1071 11 
 390.36  2930  1138 12 
 390.41  2935  1206 11.25 
 390.46  2940  1273 11.75 
 390.51  2945  1341 10.25 
 390.56  2950  1408 11.25 
 390.61  2955  1476 11.25 
 390.66  2960  1544 12.5 
 390.71  2965  1611 12.75 
 390.76  2970  1679 12.5 
 390.81  2975  1747 16.75 
 390.85  2980  1815 17.75 
 390.91  2985  1883 14.5 
 390.96  2990  1952 17.25 
 391.01  2995  2020 20 
 391.06  3000  2088 19.5 
 391.11  3005  2157 20 
 391.16  3010  2225 30 
 391.21  3015  2294 42.25 
 391.26  3020  2362 31 
 391.31  3025  2431 53 
 391.35  3030  2500 76.5 
 391.41  3035  2569 99.5 
 391.46  3040  2638 103.75 
 391.51  3045  2707 149.25 
 391.56  3050  2776 233.5 
 391.61  3055  2845 272.25 
 391.66  3060  2915 283 
 391.71  3065  2984 372.25 
 391.76  3070  3054 602.25 
 391.81  3075  3123 821.25 
 391.86  3080  3193 890.75 
 391.91  3085  3263 1075.25 
 391.96  3090  3333 1030.5 
 392.01  3095  3403 1398 
 392.06  3100  3473 1518.25 
 392.11  3105  3543 2459 
 392.16  3110  3613 3106.25 
 392.21  3115  3683 3146.5 
 392.26  3120  3754 3399.75 
 392.31  3125  3824 4342.75 
 392.36  3130  3895 4637 
 392.4  3135  3965 4549.75 
 392.46  3140  4036 5684.5 
 392.51  3145  4107 5488 
 392.55  3150  4178 6994 
 392.61  3155  4249 5684.5 
 392.66  3160  4320 5215.5 
 392.71  3165  4391 7496.75 
 392.76  3170  4462 8804.5 
 392.81  3175  4534 8612.5 
 392.86  3180  4605 6740.75 
 392.91  3185  4677 8557.25 
 392.95  3190  4748 9456.75 
 393.01  3195  4820 7499.25 
 393.06  3200  4892 8417.5 
 393.11  3205  4964 10014.75 
 393.16  3210  5036 8603.75 
 393.21  3215  5108 7912 
 393.26  3220  5180 7756 
 393.31  3225  5253 6079.25 
 393.36  3230  5325 5886.5 
 393.41  3235  5397 6750.5 
 393.46  3240  5470 7288.75 
 393.51  3245  5543 6570.25 
 393.56  3250  5616 5303.5 
 393.85  3255  3766 4006.75 
 393.89  3260  3840 4944.5 
 393.93  3265  3914 5082.75 
 393.97  3270  3988 5030.5 
 394.02  3275  4063 4728.75 
 394.06  3280  4137 4253.25 
 394.11  3285  4212 4455 
 394.15  3290  4287 5493.5 
 394.19  3295  4361 6122.75 
 394.24  3300  4436 6165.5 
 394.28  3305  4511 4965 
 394.32  3310  4586 4998.5 
 394.36  3315  4662 5121.75 
 394.41  3320  4737 5468.75 
 394.46  3325  4812 5450 
 394.5  3330  4888 5389.5 
 394.54  3335  4964 4872 
 394.59  3340  5039 5006.5 
 394.63  3345  5115 5656.25 
 394.67  3350  5191 5419.75 
 394.71  3355  5267 6126.75 
 394.76  3360  5344 4168.25 
 394.8  3365  5420 5074 
 394.85  3370  5496 4047 
 394.89  3375  5573 5105 
 394.94  3380  5650 4841.75 
 394.98  3385  5726 5490.5 
 395.02  3390  5803 5375.25 
 395.06  3395  5880 5290.75 
 395.11  3400  5957 6145.5 
 395.15  3405  6035 5419 
 395.2  3410  6112 5246.75 
 395.24  3415  6189 4873.5 
 395.28  3420  6267 5750.75 
 395.33  3425  6345 5365.5 
 395.37  3430  6422 5745.75 
 395.41  3435  6500 5362.5 
 395.45  3440  6578 3937.75 
 395.5  3445  6657 4026.5 
 395.55  3450  6735 5209.75 
 395.59  3455  6813 5267.75 
 395.64  3460  6892 4458 
 395.68  3465  6971 5014.75 
 395.72  3470  7049 5295.25 
 395.76  3475  7128 4243.75 
 395.81  3480  7207 4864.75 
 395.85  3485  7286 4787 
 395.9  3490  7366 4340 
 395.94  3495  7445 4350.75 
 395.99  3500  7525 5247.5 
 396.03  3505  7604 5464.75 
 396.07  3510  7684 4852.5 
 396.12  3515  7764 4632.25 
 396.16  3520  7844 4916.75 
 396.2  3525  7924 3798.5 
 396.25  3530  8005 4737 
 396.3  3535  8085 5044.75 
 396.34  3540  8166 5126 
 396.39  3545  8246 5193.5 
 396.43  3550  8327 5129.75 
 396.47  3555  8408 4517.75 
 396.52  3560  8489 4728.25 
 396.56  3565  8570 3979 
 396.61  3570  8652 3267.5 
 396.66  3575  8733 3937 
 396.7  3580  8815 3027.75 
 396.74  3585  8897 2576.75 
 396.79  3590  8979 3581.5 
 396.83  3595  9061 4427.25 
 396.87  3600  9143 4544.5 
 396.92  3605  9225 3571.25 
 396.97  3610  9308 3245 
 397.01  3615  9390 3664.25 
 397.06  3620  9473 3065.5 
 397.1  3625  9556 4169.75 
 397.14  3630  9639 3560 
end
uaIntegration time is 0.2294 seconds per sampledt  3.4E-08 cy 1dh270619Arenosillo 37.1 6.73 3.23pr1000dark 2.7 
 420.05  2900  736 17.5 
 420.1  2905  803 20.75 
 420.15  2910  870 18.75 
 420.21  2915  937 20.75 
 420.26  2920  1004 20.5 
 420.31  2925  1071 19 
 420.36  2930  1138 21 
 420.41  2935  1206 19.75 
 420.46  2940  1273 20.25 
 420.51  2945  1341 20.25 
 420.56  2950  1408 19.25 
 420.6  2955  1476 21 
 420.65  2960  1544 22.75 
 420.71  2965  1611 21.25 
 420.76  2970  1679 23.25 
 420.81  2975  1747 28.5 
 420.86  2980  1815 25.5 
 420.91  2985  1883 25.25 
 420.96  2990  1952 32 
 421.01  2995  2020 38.5 
 421.06  3000  2088 39 
 421.11  3005  2157 47.5 
 421.16  3010  2225 70.5 
 421.21  3015  2294 87.25 
 421.26  3020  2362 86.5 
 421.31  3025  2431 159 
 421.36  3030  2500 266.75 
 421.41  3035  2569 341.5 
 421.46  3040  2638 347.25 
 421.51  3045  2707 527.75 
 421.56  3050  2776 836 
 421.61  3055  2845 966.5 
 421.66  3060  2915 991.25 
 421.71  3065  2984 1254.5 
 421.75  3070  3054 1939.75 
 421.81  3075  3123 2521.75 
 421.86  3080  3193 2778.5 
 421.91  3085  3263 3264.25 
 421.96  3090  3333 3008 
 422.01  3095  3403 3787.5 
 422.06  3100  3473 3990.25 
 422.11  3105  3543 6497 
 422.16  3110  3613 8018.75 
 422.21  3115  3683 7960.5 
 422.26  3120  3754 8123.5 
 422.31  3125  3824 9918.25 
 422.36  3130  3895 10507 
 422.41  3135  3965 10417 
 422.46  3140  4036 12482.5 
 422.51  3145  4107 11403 
 422.56  3150  4178 14395.75 
 422.61  3155  4249 11845.5 
 422.66  3160  4320 10425.75 
 422.72  3165  4391 14472.75 
 422.76  3170  4462 17079.5 
 422.81  3175  4534 16722.25 
 422.86  3180  4605 12726 
 422.91  3185  4677 15577.5 
 422.96  3190  4748 16877 
 423.01  3195  4820 13708.5 
 423.06  3200  4892 15527.25 
 423.11  3205  4964 17742 
 423.16  3210  5036 14767.75 
 423.21  3215  5108 13504.5 
 423.26  3220  5180 13513.25 
 423.31  3225  5253 10659.5 
 423.36  3230  5325 10068.5 
 423.41  3235  5397 11216.25 
 423.46  3240  5470 11959 
 423.51  3245  5543 10984 
 423.56  3250  5616 8961.75 
 423.85  3255  3766 6638.75 
 423.89  3260  3840 8017.75 
 423.93  3265  3914 8136.25 
 423.97  3270  3988 8081.5 
 424.01  3275  4063 7722.25 
 424.06  3280  4137 7022.5 
 424.11  3285  4212 7224 
 424.15  3290  4287 8661 
 424.19  3295  4361 9739.5 
 424.23  3300  4436 9840.5 
 424.28  3305  4511 7978.5 
 424.32  3310  4586 8055.75 
 424.36  3315  4662 8162 
 424.41  3320  4737 8592.25 
 424.45  3325  4812 8562.75 
 424.5  3330  4888 8453.5 
 424.54  3335  4964 7730.5 
 424.58  3340  5039 7885.75 
 424.62  3345  5115 8897.75 
 424.67  3350  5191 8444 
 424.71  3355  5267 9477 
 424.76  3360  5344 6495 
 424.8  3365  5420 7884.5 
 424.85  3370  5496 6369 
 424.89  3375  5573 8048.5 
 424.93  3380  5650 7543 
 424.97  3385  5726 8550 
 425.02  3390  5803 8393.25 
 425.06  3395  5880 8169.25 
 425.11  3400  5957 9563 
 425.15  3405  6035 8509.5 
 425.2  3410  6112 8219.5 
 425.24  3415  6189 7589.75 
 425.28  3420  6267 8951.5 
 425.32  3425  6345 8306 
 425.37  3430  6422 8947.5 
 425.41  3435  6500 8355.75 
 425.46  3440  6578 6099.5 
 425.51  3445  6657 6254 
 425.55  3450  6735 8112.75 
 425.59  3455  6813 8172.75 
 425.64  3460  6892 6930 
 425.68  3465  6971 7821.75 
 425.73  3470  7049 8239.75 
 425.77  3475  7128 6540.25 
 425.82  3480  7207 7507.5 
 425.87  3485  7286 7392.25 
 425.91  3490  7366 6744.75 
 425.95  3495  7445 6750.75 
 425.99  3500  7525 8161.25 
 426.04  3505  7604 8504.25 
 426.08  3510  7684 7574.25 
 426.12  3515  7764 7190 
 426.17  3520  7844 7640.75 
 426.22  3525  7924 5885 
 426.26  3530  8005 7391.5 
 426.3  3535  8085 7809 
 426.35  3540  8166 7991.75 
 426.39  3545  8246 8074.75 
 426.43  3550  8327 7983.25 
 426.48  3555  8408 7037.5 
 426.53  3560  8489 7263.75 
 426.57  3565  8570 6161.5 
 426.62  3570  8652 5062.5 
 426.66  3575  8733 6099.5 
 426.71  3580  8815 4668.25 
 426.75  3585  8897 3998.5 
 426.79  3590  8979 5590.25 
 426.84  3595  9061 6853.5 
 426.89  3600  9143 7070.5 
 426.93  3605  9225 5509 
 426.98  3610  9308 5010.25 
 427.02  3615  9390 5694 
 427.06  3620  9473 4751.75 
 427.11  3625  9556 6495.75 
 427.15  3630  9639 5517.25 
end
uaIntegration time is 0.2294 seconds per sampledt  3.4E-08 cy 1dh270619Arenosillo 37.1 6.73 3.29pr1000dark 3 
 450.04  2900  736 30.25 
 450.1  2905  803 28 
 450.15  2910  870 41.25 
 450.2  2915  937 33.75 
 450.25  2920  1004 30.5 
 450.3  2925  1071 34 
 450.35  2930  1138 38.75 
 450.4  2935  1206 31.25 
 450.45  2940  1273 37.25 
 450.5  2945  1341 36.25 
 450.55  2950  1408 37.75 
 450.6  2955  1476 37.75 
 450.65  2960  1544 35 
 450.71  2965  1611 37 
 450.75  2970  1679 39 
 450.8  2975  1747 45.75 
 450.85  2980  1815 44 
 450.9  2985  1883 48.5 
 450.95  2990  1952 65 
 451  2995  2020 82.25 
 451.05  3000  2088 89 
 451.1  3005  2157 130.25 
 451.15  3010  2225 195.5 
 451.2  3015  2294 272.25 
 451.25  3020  2362 257.75 
 451.3  3025  2431 498.75 
 451.35  3030  2500 822.5 
 451.4  3035  2569 1056 
 451.45  3040  2638 1054.25 
 451.51  3045  2707 1523.75 
 451.55  3050  2776 2277 
 451.6  3055  2845 2556.25 
 451.65  3060  2915 2572.75 
 451.7  3065  2984 3171.75 
 451.75  3070  3054 4647.75 
 451.8  3075  3123 5871.5 
 451.85  3080  3193 6332 
 451.91  3085  3263 7265.75 
 451.95  3090  3333 6560 
 452  3095  3403 7818.5 
 452.05  3100  3473 8098.5 
 452.1  3105  3543 12926 
 452.15  3110  3613 15620.75 
 452.2  3115  3683 15305.75 
 452.25  3120  3754 15163.25 
 452.31  3125  3824 17947.75 
 452.35  3130  3895 18842.75 
 452.4  3135  3965 18652.75 
 452.45  3140  4036 21748.25 
 452.5  3145  4107 19318.25 
 452.55  3150  4178 24126.75 
 452.6  3155  4249 20115 
 452.65  3160  4320 17107.25 
 452.7  3165  4391 23387.75 
 452.75  3170  4462 27556 
 452.8  3175  4534 27219 
 452.85  3180  4605 20286.5 
 452.9  3185  4677 24132 
 452.95  3190  4748 25974.5 
 453  3195  4820 21352.25 
 453.05  3200  4892 24133.25 
 453.11  3205  4964 27071 
 453.15  3210  5036 22090.25 
 453.2  3215  5108 20136 
 453.25  3220  5180 20497 
 453.3  3225  5253 16173.25 
 453.35  3230  5325 15028.5 
 453.4  3235  5397 16369 
 453.45  3240  5470 17447.5 
 453.5  3245  5543 16111 
 453.55  3250  5616 13326.75 
 453.84  3255  3766 9821 
 453.88  3260  3840 11640.5 
 453.92  3265  3914 11652.5 
 453.96  3270  3988 11674.5 
 454  3275  4063 11152 
 454.05  3280  4137 10229.75 
 454.1  3285  4212 10375.75 
 454.14  3290  4287 12318.75 
 454.18  3295  4361 13787 
 454.22  3300  4436 13925.75 
 454.27  3305  4511 11426.25 
 454.31  3310  4586 11539 
 454.35  3315  4662 11574.75 
 454.4  3320  4737 12213.5 
 454.44  3325  4812 12063 
 454.49  3330  4888 12001 
 454.53  3335  4964 10970 
 454.57  3340  5039 11280.75 
 454.61  3345  5115 12605.25 
 454.66  3350  5191 11846.25 
 454.7  3355  5267 13210.25 
 454.75  3360  5344 9089.75 
 454.79  3365  5420 11139.5 
 454.83  3370  5496 8985.25 
 454.88  3375  5573 11333.5 
 454.92  3380  5650 10589.5 
 454.96  3385  5726 12007.25 
 455  3390  5803 11748.25 
 455.05  3395  5880 11400.75 
 455.1  3400  5957 13471.75 
 455.14  3405  6035 11932.75 
 455.19  3410  6112 11448.25 
 455.23  3415  6189 10633.75 
 455.27  3420  6267 12510 
 455.31  3425  6345 11570 
 455.36  3430  6422 12493.5 
 455.4  3435  6500 11650 
 455.45  3440  6578 8542 
 455.5  3445  6657 8710.5 
 455.54  3450  6735 11296.25 
 455.58  3455  6813 11422.75 
 455.63  3460  6892 9595 
 455.67  3465  6971 10860.5 
 455.71  3470  7049 11461.25 
 455.75  3475  7128 9152.5 
 455.8  3480  7207 10484 
 455.85  3485  7286 10413 
 455.89  3490  7366 9357.25 
 455.93  3495  7445 9345.75 
 455.98  3500  7525 11443 
 456.02  3505  7604 11810.5 
 456.06  3510  7684 10533.5 
 456.1  3515  7764 10056.75 
 456.15  3520  7844 10682.25 
 456.2  3525  7924 8224.5 
 456.24  3530  8005 10311.5 
 456.28  3535  8085 10805.25 
 456.32  3540  8166 11136.25 
 456.37  3545  8246 11221.5 
 456.41  3550  8327 11038 
 456.45  3555  8408 9800 
 456.5  3560  8489 10157.5 
 456.55  3565  8570 8563 
 456.59  3570  8652 7047.5 
 456.63  3575  8733 8505.25 
 456.68  3580  8815 6507.5 
 456.72  3585  8897 5582.25 
 456.76  3590  8979 7806.25 
 456.8  3595  9061 9470.25 
 456.86  3600  9143 9908.5 
 456.9  3605  9225 7702.5 
 456.94  3610  9308 6983.75 
 456.98  3615  9390 7918.5 
 457.03  3620  9473 6615.75 
 457.07  3625  9556 9040.5 
 457.12  3630  9639 7682.75 
end
uaIntegration time is 0.2294 seconds per sampledt  3.4E-08 cy 1dh270619Arenosillo 37.1 6.73 3.41pr1000dark 3.85 
 480.04  2900  736 42.5 
 480.09  2905  803 42.75 
 480.14  2910  870 42.75 
 480.19  2915  937 44 
 480.24  2920  1004 44 
 480.29  2925  1071 46.5 
 480.34  2930  1138 44.5 
 480.39  2935  1206 47.5 
 480.44  2940  1273 47 
 480.49  2945  1341 49.25 
 480.55  2950  1408 49.75 
 480.59  2955  1476 52.5 
 480.64  2960  1544 56.75 
 480.69  2965  1611 58.75 
 480.74  2970  1679 66.5 
 480.79  2975  1747 83 
 480.84  2980  1815 102.25 
 480.89  2985  1883 104.5 
 480.94  2990  1952 153.75 
 480.99  2995  2020 206.5 
 481.04  3000  2088 228.25 
 481.09  3005  2157 322.25 
 481.14  3010  2225 505 
 481.19  3015  2294 689.75 
 481.25  3020  2362 658.5 
 481.29  3025  2431 1229.75 
 481.34  3030  2500 1989.75 
 481.39  3035  2569 2475.25 
 481.44  3040  2638 2471.75 
 481.49  3045  2707 3400.25 
 481.54  3050  2776 4872.25 
 481.59  3055  2845 5258 
 481.64  3060  2915 5234.25 
 481.69  3065  2984 6307 
 481.74  3070  3054 8837 
 481.79  3075  3123 10797 
 481.84  3080  3193 11487.25 
 481.9  3085  3263 13031.25 
 481.94  3090  3333 11637.5 
 481.99  3095  3403 13365 
 482.04  3100  3473 13588.75 
 482.09  3105  3543 21434.25 
 482.14  3110  3613 25628.25 
 482.19  3115  3683 24847.75 
 482.24  3120  3754 23927.75 
 482.29  3125  3824 27931.5 
 482.34  3130  3895 29020.5 
 482.39  3135  3965 28725.5 
 482.44  3140  4036 33174.25 
 482.49  3145  4107 28712.25 
 482.54  3150  4178 35741.5 
 482.6  3155  4249 29787.75 
 482.64  3160  4320 25037.75 
 482.69  3165  4391 33737.75 
 482.74  3170  4462 39530.5 
 482.79  3175  4534 39104.5 
 482.84  3180  4605 28976 
 482.89  3185  4677 33733.5 
 482.94  3190  4748 36036.75 
 482.99  3195  4820 30061.25 
 483.04  3200  4892 33942.5 
 483.09  3205  4964 37363.5 
 483.14  3210  5036 29977 
 483.19  3215  5108 27352 
 483.24  3220  5180 28278.75 
 483.29  3225  5253 22267.5 
 483.34  3230  5325 20512 
 483.39  3235  5397 21956.5 
 483.44  3240  5470 23254.25 
 483.49  3245  5543 21755 
 483.54  3250  5616 18083.5 
 483.83  3255  3766 13264 
 483.87  3260  3840 15534.25 
 483.92  3265  3914 15356.25 
 483.96  3270  3988 15400.5 
 484  3275  4063 14851 
 484.04  3280  4137 13677.25 
 484.09  3285  4212 13768 
 484.13  3290  4287 16314.75 
 484.17  3295  4361 18082.5 
 484.22  3300  4436 18272.75 
 484.26  3305  4511 15014.5 
 484.3  3310  4586 15327 
 484.34  3315  4662 15312.5 
 484.38  3320  4737 15977 
 484.43  3325  4812 15805 
 484.47  3330  4888 15722.5 
 484.51  3335  4964 14308.75 
 484.56  3340  5039 14820.25 
 484.6  3345  5115 16460.5 
 484.64  3350  5191 15469.5 
 484.69  3355  5267 17345.75 
 484.73  3360  5344 11802 
 484.77  3365  5420 14523.75 
 484.81  3370  5496 11692.25 
 484.86  3375  5573 14896.5 
 484.9  3380  5650 13774.75 
 484.94  3385  5726 15647.25 
 484.98  3390  5803 15252.25 
 485.03  3395  5880 14892.5 
 485.07  3400  5957 17558.75 
 485.11  3405  6035 15455.5 
 485.15  3410  6112 14966.5 
 485.19  3415  6189 13842.25 
 485.24  3420  6267 16309 
 485.29  3425  6345 15026.25 
 485.33  3430  6422 16275.25 
 485.37  3435  6500 15132 
 485.42  3440  6578 11080.5 
 485.46  3445  6657 11367.5 
 485.5  3450  6735 14627.25 
 485.54  3455  6813 14821.75 
 485.59  3460  6892 12603 
 485.63  3465  6971 14015.5 
 485.67  3470  7049 14932 
 485.71  3475  7128 11839.25 
 485.76  3480  7207 13570 
 485.8  3485  7286 13442.75 
 485.84  3490  7366 12219.75 
 485.89  3495  7445 12134.5 
 485.94  3500  7525 14749.25 
 485.98  3505  7604 15296.25 
 486.02  3510  7684 13614 
 486.07  3515  7764 12993 
 486.11  3520  7844 13847.25 
 486.15  3525  7924 10590.5 
 486.2  3530  8005 13316.75 
 486.24  3535  8085 13980.75 
 486.28  3540  8166 14364.75 
 486.33  3545  8246 14450.5 
 486.37  3550  8327 14286.25 
 486.42  3555  8408 12631.5 
 486.47  3560  8489 13005.25 
 486.51  3565  8570 11055.75 
 486.55  3570  8652 9054.25 
 486.6  3575  8733 10903 
 486.64  3580  8815 8365.75 
 486.68  3585  8897 7145.5 
 486.73  3590  8979 10046.75 
 486.77  3595  9061 12250.25 
 486.81  3600  9143 12766.5 
 486.86  3605  9225 9957.25 
 486.9  3610  9308 8967.75 
 486.94  3615  9390 10164 
 486.98  3620  9473 8483.25 
 487.03  3625  9556 11630 
 487.08  3630  9639 9891.25 
end
uaIntegration time is 0.2294 seconds per sampledt  3.4E-08 cy 1dh270619Arenosillo 37.1 6.73 3.5pr1000dark 5.95 
 510.04  2900  736 63 
 510.1  2905  803 58.75 
 510.15  2910  870 62.75 
 510.2  2915  937 67.5 
 510.25  2920  1004 60.75 
 510.3  2925  1071 66.5 
 510.35  2930  1138 71.5 
 510.4  2935  1206 64.5 
 510.45  2940  1273 70 
 510.5  2945  1341 66.5 
 510.55  2950  1408 74.5 
 510.6  2955  1476 74.75 
 510.65  2960  1544 94.75 
 510.71  2965  1611 89.25 
 510.75  2970  1679 110.75 
 510.8  2975  1747 163.25 
 510.85  2980  1815 191.5 
 510.9  2985  1883 203.75 
 510.95  2990  1952 339.5 
 511  2995  2020 482 
 511.05  3000  2088 519 
 511.11  3005  2157 687.5 
 511.15  3010  2225 1069.75 
 511.2  3015  2294 1465.5 
 511.25  3020  2362 1318.5 
 511.3  3025  2431 2461.25 
 511.35  3030  2500 3899.5 
 511.4  3035  2569 4758 
 511.45  3040  2638 4638.75 
 511.5  3045  2707 6212.25 
 511.55  3050  2776 8630 
 511.6  3055  2845 9127.5 
 511.65  3060  2915 8908.5 
 511.7  3065  2984 10597.5 
 511.75  3070  3054 14494 
 511.8  3075  3123 17305 
 511.85  3080  3193 18246 
 511.9  3085  3263 20393.5 
 511.95  3090  3333 17896.25 
 512  3095  3403 20074.5 
 512.05  3100  3473 20049.25 
 512.1  3105  3543 31682.25 
 512.1501  3110  3613 37341.75 
 512.2  3115  3683 36030.75 
 512.25  3120  3754 34036 
 512.3  3125  3824 39311 
 512.36  3130  3895 40550.25 
 512.4001  3135  3965 40218.25 
 512.45  3140  4036 45676 
 512.5  3145  4107 38922.25 
 512.55  3150  4178 48288.25 
 512.6  3155  4249 40396.25 
 512.6501  3160  4320 33517.5 
 512.7  3165  4391 44578.75 
 512.75  3170  4462 52308.75 
 512.8  3175  4534 51950 
 512.85  3180  4605 38057 
 512.9001  3185  4677 43855.5 
 512.95  3190  4748 46619.5 
 513.01  3195  4820 39009.75 
 513.05  3200  4892 44183 
 513.1  3205  4964 48366 
 513.16  3210  5036 38360.75 
 513.2  3215  5108 34889.5 
 513.25  3220  5180 36399.5 
 513.3  3225  5253 28780.5 
 513.35  3230  5325 26127 
 513.4001  3235  5397 27853 
 513.45  3240  5470 29357.75 
 513.5  3245  5543 27557.75 
 513.56  3250  5616 23086 
 513.8401  3255  3766 16716.75 
 513.88  3260  3840 19582.5 
 513.92  3265  3914 19238.5 
 513.9601  3270  3988 19263 
 514  3275  4063 18515.75 
 514.05  3280  4137 17176.5 
 514.0901  3285  4212 17236.25 
 514.14  3290  4287 20193.5 
 514.18  3295  4361 22411.25 
 514.22  3300  4436 22786.5 
 514.26  3305  4511 18626.75 
 514.31  3310  4586 19061.25 
 514.35  3315  4662 18972 
 514.39  3320  4737 19660.75 
 514.43  3325  4812 19551.25 
 514.48  3330  4888 19275.25 
 514.5301  3335  4964 17697.75 
 514.57  3340  5039 18361 
 514.61  3345  5115 20274 
 514.6501  3350  5191 19044.75 
 514.7  3355  5267 21291.5 
 514.74  3360  5344 14483.25 
 514.7801  3365  5420 17956.25 
 514.8301  3370  5496 14430.75 
 514.88  3375  5573 18363.25 
 514.92  3380  5650 17001 
 514.9601  3385  5726 19213.75 
 515.01  3390  5803 18763.75 
 515.05  3395  5880 18281.75 
 515.0901  3400  5957 21667 
 515.14  3405  6035 19036.25 
 515.19  3410  6112 18386.75 
 515.23  3415  6189 16930.5 
 515.2701  3420  6267 19961.5 
 515.32  3425  6345 18415.5 
 515.36  3430  6422 20053.25 
 515.4001  3435  6500 18658.75 
 515.45  3440  6578 13568.5 
 515.49  3445  6657 13900.75 
 515.5301  3450  6735 18084.75 
 515.5801  3455  6813 18226 
 515.62  3460  6892 15366.75 
 515.67  3465  6971 17302 
 515.7101  3470  7049 18331.25 
 515.75  3475  7128 14580 
 515.79  3480  7207 16720.25 
 515.8401  3485  7286 16447.75 
 515.88  3490  7366 14939.75 
 515.93  3495  7445 14821 
 515.98  3500  7525 18094.25 
 516.0201  3505  7604 18786.25 
 516.06  3510  7684 16843.75 
 516.1  3515  7764 15869.25 
 516.1501  3520  7844 16950 
 516.19  3525  7924 13009 
 516.23  3530  8005 16234 
 516.2801  3535  8085 17143.5 
 516.32  3540  8166 17636.5 
 516.37  3545  8246 17650.5 
 516.41  3550  8327 17417.25 
 516.45  3555  8408 15449.75 
 516.5  3560  8489 15994.25 
 516.54  3565  8570 13505.25 
 516.5801  3570  8652 11040.75 
 516.63  3575  8733 13386.25 
 516.68  3580  8815 10281.25 
 516.72  3585  8897 8721.75 
 516.76  3590  8979 12279.25 
 516.81  3595  9061 15057.75 
 516.85  3600  9143 15592.25 
 516.9001  3605  9225 12175 
 516.94  3610  9308 10972.5 
 516.99  3615  9390 12464.5 
 517.0301  3620  9473 10334.5 
 517.0801  3625  9556 14299.75 
 517.12  3630  9639 12066 
end
uaIntegration time is 0.2294 seconds per sampledt  3.4E-08 cy 1dh270619Arenosillo 37.1 6.73 3.64pr1000dark 10.1 
 540.05  2900  736 78.5 
 540.1  2905  803 76.25 
 540.16  2910  870 85 
 540.2  2915  937 82.25 
 540.25  2920  1004 76.5 
 540.3  2925  1071 80.5 
 540.35  2930  1138 86.5 
 540.4  2935  1206 92.5 
 540.45  2940  1273 90.25 
 540.5  2945  1341 92.25 
 540.55  2950  1408 101.75 
 540.6  2955  1476 124 
 540.66  2960  1544 151 
 540.71  2965  1611 155.75 
 540.75  2970  1679 188 
 540.81  2975  1747 314.75 
 540.85  2980  1815 389.25 
 540.9  2985  1883 400.5 
 540.95  2990  1952 695 
 541  2995  2020 930.25 
 541.05  3000  2088 957.5 
 541.11  3005  2157 1263 
 541.15  3010  2225 1953.75 
 541.21  3015  2294 2658.75 
 541.25  3020  2362 2351.5 
 541.31  3025  2431 4262.25 
 541.36  3030  2500 6521 
 541.4  3035  2569 7826.75 
 541.45  3040  2638 7500.25 
 541.51  3045  2707 9895 
 541.55  3050  2776 13317.5 
 541.6  3055  2845 13735 
 541.65  3060  2915 13442 
 541.71  3065  2984 15717.5 
 541.75  3070  3054 21079.5 
 541.81  3075  3123 24683.25 
 541.86  3080  3193 25795.75 
 541.91  3085  3263 28617.25 
 541.95  3090  3333 24848.75 
 542  3095  3403 27274.75 
 542.05  3100  3473 27186.5 
 542.11  3105  3543 42403.25 
 542.15  3110  3613 49788.5 
 542.2  3115  3683 47644.75 
 542.26  3120  3754 44563.25 
 542.3  3125  3824 50737 
 542.35  3130  3895 52172.5 
 542.41  3135  3965 51849.5 
 542.45  3140  4036 58403 
 542.51  3145  4107 49025.5 
 542.55  3150  4178 60759.25 
 542.6  3155  4249 51024.5 
 542.65  3160  4320 42159.25 
 542.7  3165  4391 55469.25 
 542.76  3170  4462 65133.75 
 542.81  3175  4534 64649.75 
 542.85  3180  4605 47091 
 542.91  3185  4677 53785.25 
 542.95  3190  4748 56873.25 
 543.01  3195  4820 47945.25 
 543.06  3200  4892 54335.25 
 543.1  3205  4964 58930.25 
 543.16  3210  5036 46304 
 543.2  3215  5108 42306.5 
 543.25  3220  5180 44388.75 
 543.31  3225  5253 35149.75 
 543.35  3230  5325 31730.75 
 543.4  3235  5397 33575.25 
 543.46  3240  5470 35407.25 
 543.51  3245  5543 33266.5 
 543.56  3250  5616 27978.5 
 543.85  3255  3766 20264.75 
 543.89  3260  3840 23495 
 543.93  3265  3914 23021.5 
 543.97  3270  3988 23024.5 
 544.01  3275  4063 22279.5 
 544.05  3280  4137 20714.25 
 544.1  3285  4212 20621.25 
 544.15  3290  4287 24116.75 
 544.19  3295  4361 26792 
 544.23  3300  4436 27140.5 
 544.27  3305  4511 22265 
 544.32  3310  4586 22815 
 544.36  3315  4662 22577.25 
 544.4  3320  4737 23495.5 
 544.44  3325  4812 23114 
 544.49  3330  4888 22912 
 544.54  3335  4964 21066.75 
 544.58  3340  5039 21772.5 
 544.62  3345  5115 24072.25 
 544.66  3350  5191 22660.5 
 544.71  3355  5267 25234 
 544.75  3360  5344 17147.25 
 544.79  3365  5420 21271.25 
 544.84  3370  5496 17184.25 
 544.89  3375  5573 21784 
 544.93  3380  5650 20122 
 544.97  3385  5726 22784.75 
 545.01  3390  5803 22072.75 
 545.06  3395  5880 21562 
 545.1  3400  5957 25599.25 
 545.14  3405  6035 22528.75 
 545.19  3410  6112 21668 
 545.23  3415  6189 19935.25 
 545.28  3420  6267 23533.5 
 545.32  3425  6345 21727.5 
 545.36  3430  6422 23702.5 
 545.4  3435  6500 22021.25 
 545.45  3440  6578 15975.75 
 545.49  3445  6657 16454.5 
 545.54  3450  6735 21208.25 
 545.59  3455  6813 21413.5 
 545.63  3460  6892 18014 
 545.67  3465  6971 20322.75 
 545.71  3470  7049 21502.25 
 545.76  3475  7128 17057 
 545.8  3480  7207 19592.5 
 545.84  3485  7286 19360.25 
 545.89  3490  7366 17493 
 545.94  3495  7445 17371.75 
 545.98  3500  7525 21103.25 
 546.02  3505  7604 22061 
 546.06  3510  7684 19640.75 
 546.11  3515  7764 18704 
 546.15  3520  7844 20034.25 
 546.19  3525  7924 15325.75 
 546.23  3530  8005 19238.75 
 546.28  3535  8085 20261 
 546.33  3540  8166 20777.75 
 546.37  3545  8246 20907.5 
 546.41  3550  8327 20623 
 546.46  3555  8408 18313 
 546.5  3560  8489 19030 
 546.55  3565  8570 15947 
 546.59  3570  8652 13095.5 
 546.64  3575  8733 15862.75 
 546.68  3580  8815 12139.25 
 546.73  3585  8897 10309.25 
 546.77  3590  8979 14484.5 
 546.81  3595  9061 17742.75 
 546.86  3600  9143 18409.25 
 546.9  3605  9225 14348 
 546.94  3610  9308 12904.25 
 546.99  3615  9390 14735.75 
 547.04  3620  9473 12322.75 
 547.08  3625  9556 16827.5 
 547.12  3630  9639 14265 
end
uaIntegration time is 0.2294 seconds per sampledt  3.4E-08 cy 1dh270619Arenosillo 37.1 6.73 3.7pr1000dark 18.1 
 570.04  2900  736 106.5 
 570.1  2905  803 98.25 
 570.15  2910  870 103.75 
 570.2  2915  937 105.75 
 570.25  2920  1004 105.5 
 570.3  2925  1071 108 
 570.35  2930  1138 111 
 570.4  2935  1206 114.5 
 570.45  2940  1273 117.5 
 570.5  2945  1341 120.75 
 570.55  2950  1408 148.75 
 570.6  2955  1476 187 
 570.65  2960  1544 241.25 
 570.71  2965  1611 271.25 
 570.75  2970  1679 312.5 
 570.8  2975  1747 551 
 570.85  2980  1815 668 
 570.9  2985  1883 673.25 
 570.95  2990  1952 1194.25 
 571  2995  2020 1569.5 
 571.05  3000  2088 1569.5 
 571.11  3005  2157 2073.25 
 571.15  3010  2225 3140.25 
 571.2  3015  2294 4138.25 
 571.25  3020  2362 3577.75 
 571.3  3025  2431 6322.75 
 571.35  3030  2500 9756.25 
 571.4  3035  2569 11411.25 
 571.45  3040  2638 10916.75 
 571.5  3045  2707 14102.25 
 571.55  3050  2776 18470.75 
 571.6  3055  2845 18941.25 
 571.65  3060  2915 18332 
 571.7  3065  2984 21372.25 
 571.75  3070  3054 28167 
 571.8  3075  3123 32428.75 
 571.85  3080  3193 33913.75 
 571.9  3085  3263 37273 
 571.95  3090  3333 32119.75 
 572  3095  3403 34772.25 
 572.05  3100  3473 34283 
 572.1  3105  3543 53495 
 572.15  3110  3613 62357.75 
 572.2  3115  3683 59431.75 
 572.25  3120  3754 55041.25 
 572.3  3125  3824 62282.5 
 572.36  3130  3895 63765.5 
 572.4  3135  3965 63506 
 572.45  3140  4036 70976.75 
 572.5  3145  4107 59099.75 
 572.55  3150  4178 72869.5 
 572.6  3155  4249 61505 
 572.65  3160  4320 50443.5 
 572.7  3165  4391 65842 
 572.76  3170  4462 77426.25 
 572.8  3175  4534 76776.75 
 572.85  3180  4605 55904.75 
 572.9  3185  4677 63215 
 572.95  3190  4748 66474.75 
 573  3195  4820 56440.75 
 573.05  3200  4892 63870.75 
 573.1  3205  4964 68878.25 
 573.16  3210  5036 53850.75 
 573.21  3215  5108 49360.5 
 573.26  3220  5180 51936 
 573.3  3225  5253 41019.75 
 573.35  3230  5325 37050.5 
 573.4  3235  5397 38847 
 573.45  3240  5470 40912.75 
 573.5  3245  5543 38551.5 
 573.56  3250  5616 32534.25 
 573.84  3255  3766 23620.25 
 573.87  3260  3840 40482.5 
 573.91  3265  3914 26569.5 
 573.95  3270  3988 26615.25 
 573.99  3275  4063 25842.25 
 574.03  3280  4137 24156.75 
 574.07  3285  4212 23796.75 
 574.12  3290  4287 27963 
 574.17  3295  4361 30847.25 
 574.21  3300  4436 31401.25 
 574.25  3305  4511 25798 
 574.29  3310  4586 26476 
 574.34  3315  4662 26261.75 
 574.38  3320  4737 27120.25 
 574.42  3325  4812 26715 
 574.47  3330  4888 26500 
 574.51  3335  4964 24282.5 
 574.55  3340  5039 25213.25 
 574.6  3345  5115 27854.25 
 574.64  3350  5191 26185.5 
 574.68  3355  5267 29049.5 
 574.73  3360  5344 19801 
 574.77  3365  5420 24476.25 
 574.82  3370  5496 19732.25 
 574.86  3375  5573 25221.5 
 574.91  3380  5650 23282.5 
 574.95  3385  5726 26338 
 574.99  3390  5803 25598 
 575.03  3395  5880 24938.5 
 575.08  3400  5957 29595.25 
 575.12  3405  6035 25983.5 
 575.17  3410  6112 24939.5 
 575.21  3415  6189 22951 
 575.25  3420  6267 27104 
 575.3  3425  6345 25139.75 
 575.34  3430  6422 27109.75 
 575.38  3435  6500 25372.5 
 575.42  3440  6578 18328.5 
 575.47  3445  6657 19052.75 
 575.51  3450  6735 24627.75 
 575.56  3455  6813 24721.5 
 575.6  3460  6892 20827 
 575.64  3465  6971 23481.75 
 575.69  3470  7049 24921.5 
 575.73  3475  7128 19735.5 
 575.77  3480  7207 22723.5 
 575.81  3485  7286 22388.75 
 575.86  3490  7366 20152.75 
 575.91  3495  7445 20066.75 
 575.95  3500  7525 24566.25 
 575.99  3505  7604 25441.75 
 576.04  3510  7684 22703.25 
 576.08  3515  7764 21530 
 576.12  3520  7844 22999.75 
 576.17  3525  7924 17576.25 
 576.21  3530  8005 22089.75 
 576.26  3535  8085 23326.25 
 576.31  3540  8166 23871 
 576.35  3545  8246 23985.25 
 576.39  3550  8327 23691 
 576.43  3555  8408 20928.75 
 576.48  3560  8489 21683.5 
 576.52  3565  8570 18276.5 
 576.56  3570  8652 14974.5 
 576.62  3575  8733 18172.5 
 576.66  3580  8815 13812.5 
 576.7  3585  8897 11829.75 
 576.74  3590  8979 16597.75 
 576.79  3595  9061 20480.75 
 576.83  3600  9143 21165.5 
 576.87  3605  9225 16425.75 
 576.92  3610  9308 14841.5 
 576.97  3615  9390 16861.5 
 577.01  3620  9473 14034 
 577.05  3625  9556 19300.5 
 577.1  3630  9639 16395 
end
uaIntegration time is 0.2294 seconds per sampledt  3.4E-08 cy 1dh270619Arenosillo 37.1 6.73 3.74pr1000dark 34.4 
 600.05  2900  736 123 
 600.1  2905  803 121 
 600.15  2910  870 123.75 
 600.2  2915  937 127 
 600.25  2920  1004 129.25 
 600.3  2925  1071 135.5 
 600.35  2930  1138 137.25 
 600.4  2935  1206 146.25 
 600.45  2940  1273 156.25 
 600.5  2945  1341 174.5 
 600.56  2950  1408 196.75 
 600.6  2955  1476 271.75 
 600.65  2960  1544 376 
 600.7  2965  1611 406 
 600.75  2970  1679 490 
 600.8  2975  1747 870.75 
 600.85  2980  1815 1049.5 
 600.9  2985  1883 1044.5 
 600.95  2990  1952 1860.5 
 601  2995  2020 2394 
 601.05  3000  2088 2391.25 
 601.1  3005  2157 3074.75 
 601.15  3010  2225 4599.25 
 601.2  3015  2294 5953.25 
 601.26  3020  2362 5093.25 
 601.3  3025  2431 8883 
 601.35  3030  2500 13341.5 
 601.4  3035  2569 15556.75 
 601.45  3040  2638 14628.75 
 601.5  3045  2707 18781 
 601.55  3050  2776 24335.5 
 601.6  3055  2845 24786.5 
 601.65  3060  2915 23804 
 601.7  3065  2984 27472 
 601.75  3070  3054 35777.5 
 601.8  3075  3123 40797.75 
 601.85  3080  3193 42283.75 
 601.91  3085  3263 46438.75 
 601.95  3090  3333 39851.25 
 602  3095  3403 42587 
 602.05  3100  3473 41887.75 
 602.1  3105  3543 64835.75 
 602.15  3110  3613 75233.25 
 602.2  3115  3683 71664 
 602.25  3120  3754 65702 
 602.3  3125  3824 73918.75 
 602.35  3130  3895 75371.5 
 602.4  3135  3965 75114.5 
 602.45  3140  4036 83567.75 
 602.5  3145  4107 69233.75 
 602.55  3150  4178 85275.25 
 602.61  3155  4249 71820.5 
 602.65  3160  4320 58813.75 
 602.7  3165  4391 76393 
 602.75  3170  4462 89665.5 
 602.8  3175  4534 88845.25 
 602.85  3180  4605 64787 
 602.9  3185  4677 72823 
 602.95  3190  4748 76151.25 
 603  3195  4820 64830.25 
 603.05  3200  4892 73421.25 
 603.1  3205  4964 78647.75 
 603.15  3210  5036 61378.75 
 603.22  3215  5108 55976.75 
 603.26  3220  5180 59250.25 
 603.31  3225  5253 46814.75 
 603.35  3230  5325 42123 
 603.4  3235  5397 44108 
 603.45  3240  5470 46521.5 
 603.5  3245  5543 43780.25 
 603.55  3250  5616 37022.75 
 603.84  3255  3766 26678 
 603.88  3260  3840 30712.75 
 603.92  3265  3914 29862.75 
 603.97  3270  3988 29886.25 
 604.01  3275  4063 29037 
 604.05  3280  4137 27272 
 604.09  3285  4212 26926.5 
 604.14  3290  4287 31388.75 
 604.19  3295  4361 34663 
 604.23  3300  4436 35135.5 
 604.27  3305  4511 28870.5 
 604.31  3310  4586 29670.25 
 604.35  3315  4662 29500.75 
 604.4  3320  4737 30451.25 
 604.44  3325  4812 29870.25 
 604.48  3330  4888 29774 
 604.52  3335  4964 27316.75 
 604.57  3340  5039 28409 
 604.61  3345  5115 31296.75 
 604.65  3350  5191 29251 
 604.7  3355  5267 32725 
 604.74  3360  5344 22222.25 
 604.79  3365  5420 27475.25 
 604.83  3370  5496 22103.75 
 604.87  3375  5573 28153.75 
 604.91  3380  5650 25908.25 
 604.96  3385  5726 29359.75 
 605  3390  5803 28688.75 
 605.04  3395  5880 28067 
 605.08  3400  5957 33138.75 
 605.13  3405  6035 29174.25 
 605.17  3410  6112 27975.25 
 605.21  3415  6189 25808.25 
 605.25  3420  6267 30397.25 
 605.3  3425  6345 28113.75 
 605.35  3430  6422 30593 
 605.39  3435  6500 28449.5 
 605.43  3440  6578 20322.75 
 605.47  3445  6657 21273 
 605.52  3450  6735 27488.25 
 605.56  3455  6813 27578 
 605.6  3460  6892 23282.75 
 605.65  3465  6971 26126.75 
 605.69  3470  7049 27783.25 
 605.73  3475  7128 22053.25 
 605.77  3480  7207 25419 
 605.81  3485  7286 24922.5 
 605.86  3490  7366 22562.25 
 605.91  3495  7445 22419 
 605.95  3500  7525 27495.5 
 605.99  3505  7604 28463 
 606.04  3510  7684 25247.25 
 606.08  3515  7764 24022.5 
 606.12  3520  7844 25664.5 
 606.17  3525  7924 19537 
 606.21  3530  8005 24490.25 
 606.25  3535  8085 25828.25 
 606.3  3540  8166 26534.5 
 606.34  3545  8246 26789.25 
 606.39  3550  8327 26414 
 606.43  3555  8408 23458.25 
 606.48  3560  8489 24199 
 606.52  3565  8570 20413.25 
 606.56  3570  8652 16680.75 
 606.61  3575  8733 20234.25 
 606.65  3580  8815 15360.25 
 606.7  3585  8897 13148.25 
 606.74  3590  8979 18468.25 
 606.78  3595  9061 22753.75 
 606.83  3600  9143 23606.25 
 606.87  3605  9225 18214.5 
 606.91  3610  9308 16470.5 
 606.96  3615  9390 18814 
 607  3620  9473 15592 
 607.04  3625  9556 21534.75 
 607.09  3630  9639 18150 
end
uaIntegration time is 0.2294 seconds per sampledt  3.4E-08 cy 1dh270619Arenosillo 37.1 6.73 3.76pr1000dark 28 
 630.04  2900  736 136.75 
 630.1  2905  803 136 
 630.15  2910  870 142.5 
 630.2  2915  937 145 
 630.25  2920  1004 145.25 
 630.3  2925  1071 152.5 
 630.35  2930  1138 157 
 630.4  2935  1206 176.25 
 630.44  2940  1273 192.25 
 630.5  2945  1341 217.25 
 630.55  2950  1408 260 
 630.6  2955  1476 380.5 
 630.65  2960  1544 515 
 630.71  2965  1611 564 
 630.75  2970  1679 677.75 
 630.8  2975  1747 1243.5 
 630.85  2980  1815 1455.25 
 630.9  2985  1883 1421.5 
 630.95  2990  1952 2512.75 
 631  2995  2020 3214.25 
 631.05  3000  2088 3146.25 
 631.11  3005  2157 4062.25 
 631.15  3010  2225 5947 
 631.2  3015  2294 7589.75 
 631.25  3020  2362 6403 
 631.3  3025  2431 11182.5 
 631.35  3030  2500 16576.25 
 631.4  3035  2569 19241.25 
 631.45  3040  2638 17974.5 
 631.49  3045  2707 22902.75 
 631.55  3050  2776 29326.25 
 631.6  3055  2845 29517 
 631.65  3060  2915 28284.25 
 631.7  3065  2984 32572 
 631.75  3070  3054 41902 
 631.8  3075  3123 47409.75 
 631.85  3080  3193 49293.25 
 631.9  3085  3263 53934.75 
 631.96  3090  3333 46255.75 
 632  3095  3403 48912.5 
 632.05  3100  3473 47651.75 
 632.1  3105  3543 73806.25 
 632.15  3110  3613 85263.5 
 632.2  3115  3683 81067.25 
 632.25  3120  3754 74323.5 
 632.3  3125  3824 83301.5 
 632.36  3130  3895 84757.75 
 632.4  3135  3965 84738.75 
 632.45  3140  4036 93621 
 632.5  3145  4107 77283.5 
 632.55  3150  4178 95046.25 
 632.6  3155  4249 80355.25 
 632.65  3160  4320 65463.25 
 632.7  3165  4391 84714.75 
 632.76  3170  4462 99359 
 632.8  3175  4534 98471.75 
 632.85  3180  4605 71450.75 
 632.9  3185  4677 80267.5 
 632.95  3190  4748 83735 
 633  3195  4820 71530.5 
 633.05  3200  4892 80986 
 633.1  3205  4964 86741.25 
 633.15  3210  5036 67672 
 633.2  3215  5108 61721.75 
 633.25  3220  5180 65311.5 
 633.3  3225  5253 51636.75 
 633.35  3230  5325 46441.25 
 633.4  3235  5397 48518 
 633.45  3240  5470 50951.25 
 633.5  3245  5543 48281 
 633.55  3250  5616 40766 
 633.84  3255  3766 29417.25 
 633.89  3260  3840 33618 
 633.93  3265  3914 32708 
 633.97  3270  3988 32814.5 
 634.01  3275  4063 31862.5 
 634.05  3280  4137 29907.5 
 634.1  3285  4212 29476 
 634.14  3290  4287 34299.75 
 634.19  3295  4361 37899.25 
 634.23  3300  4436 38649.5 
 634.27  3305  4511 31775 
 634.32  3310  4586 32637.5 
 634.36  3315  4662 32400.5 
 634.4  3320  4737 33317.25 
 634.44  3325  4812 32901 
 634.49  3330  4888 32704.5 
 634.54  3335  4964 29954.75 
 634.58  3340  5039 31075.5 
 634.62  3345  5115 34309.25 
 634.66  3350  5191 32107 
 634.71  3355  5267 35915.5 
 634.75  3360  5344 24285.75 
 634.79  3365  5420 30062 
 634.83  3370  5496 24240.75 
 634.88  3375  5573 30955.5 
 634.93  3380  5650 28359.25 
 634.97  3385  5726 32073 
 635.01  3390  5803 31344 
 635.06  3395  5880 30596.5 
 635.1  3400  5957 36242.25 
 635.14  3405  6035 31905.5 
 635.18  3410  6112 30553.75 
 635.23  3415  6189 28295.25 
 635.28  3420  6267 33341.25 
 635.32  3425  6345 30838 
 635.36  3430  6422 33438 
 635.4  3435  6500 31246 
 635.44  3440  6578 22497.5 
 635.49  3445  6657 23299.75 
 635.53  3450  6735 30216.5 
 635.57  3455  6813 30267.75 
 635.62  3460  6892 25561.75 
 635.67  3465  6971 28709 
 635.71  3470  7049 30403.5 
 635.75  3475  7128 24104.25 
 635.79  3480  7207 27631 
 635.83  3485  7286 27259 
 635.88  3490  7366 24605.25 
 635.92  3495  7445 24526.75 
 635.97  3500  7525 29940.75 
 636.01  3505  7604 30958.75 
 636.06  3510  7684 27466.75 
 636.1  3515  7764 26259.25 
 636.14  3520  7844 27794.25 
 636.19  3525  7924 21328 
 636.23  3530  8005 26860 
 636.27  3535  8085 28396 
 636.32  3540  8166 29049.75 
 636.36  3545  8246 29273.5 
 636.41  3550  8327 28876.75 
 636.45  3555  8408 25431.25 
 636.49  3560  8489 26407.5 
 636.53  3565  8570 22117.75 
 636.58  3570  8652 18209.5 
 636.62  3575  8733 22082.25 
 636.67  3580  8815 16767 
 636.71  3585  8897 14345.25 
 636.76  3590  8979 20231 
 636.8  3595  9061 24699.25 
 636.84  3600  9143 25673.5 
 636.88  3605  9225 19801.25 
 636.93  3610  9308 17907 
 636.97  3615  9390 20428 
 637.01  3620  9473 16942 
 637.07  3625  9556 23270.5 
 637.11  3630  9639 19795.75 
end
uaIntegration time is 0.2294 seconds per sampledt  3.4E-08 cy 1dh270619Arenosillo 37.1 6.73 3.78pr1000dark 23.3 
 660.05  2900  736 145.75 
 660.1  2905  803 142.5 
 660.16  2910  870 151.5 
 660.2  2915  937 148.25 
 660.26  2920  1004 156.25 
 660.31  2925  1071 165.25 
 660.35  2930  1138 180.75 
 660.4  2935  1206 198.75 
 660.45  2940  1273 224.25 
 660.5  2945  1341 273.5 
 660.55  2950  1408 327.75 
 660.6  2955  1476 475.25 
 660.65  2960  1544 669.75 
 660.71  2965  1611 727.25 
 660.75  2970  1679 863 
 660.81  2975  1747 1609.25 
 660.85  2980  1815 1898.25 
 660.9  2985  1883 1784.5 
 660.96  2990  1952 3193.25 
 661  2995  2020 4011 
 661.05  3000  2088 3912.5 
 661.11  3005  2157 4961 
 661.15  3010  2225 7192.5 
 661.2  3015  2294 9141 
 661.25  3020  2362 7731.5 
 661.31  3025  2431 13325.25 
 661.36  3030  2500 19778 
 661.4  3035  2569 22644 
 661.46  3040  2638 21127 
 661.5  3045  2707 26821 
 661.55  3050  2776 33938 
 661.6  3055  2845 34045.75 
 661.65  3060  2915 32269 
 661.7  3065  2984 37247.75 
 661.75  3070  3054 47689 
 661.8  3075  3123 53440 
 661.86  3080  3193 55389.5 
 661.91  3085  3263 60333.25 
 661.96  3090  3333 51978.25 
 662.01  3095  3403 54440.75 
 662.05  3100  3473 53049 
 662.1  3105  3543 81651.25 
 662.15  3110  3613 94214.5 
 662.2  3115  3683 89095.75 
 662.25  3120  3754 81100.75 
 662.3  3125  3824 90866 
 662.36  3130  3895 92322.25 
 662.41  3135  3965 92510.25 
 662.46  3140  4036 101902.3 
 662.51  3145  4107 83883.25 
 662.55  3150  4178 102865.5 
 662.6  3155  4249 87156.75 
 662.65  3160  4320 70720.25 
 662.7  3165  4391 91544.5 
 662.76  3170  4462 107491.5 
 662.8  3175  4534 106555.3 
 662.85  3180  4605 77290.5 
 662.91  3185  4677 86338 
 662.96  3190  4748 90331.25 
 663.01  3195  4820 77111 
 663.06  3200  4892 87664 
 663.1  3205  4964 93472.25 
 663.15  3210  5036 72969.5 
 663.2  3215  5108 66352.75 
 663.25  3220  5180 70388.5 
 663.3  3225  5253 55864.5 
 663.35  3230  5325 49975.5 
 663.41  3235  5397 51931.75 
 663.46  3240  5470 54667.25 
 663.5  3245  5543 51734.75 
 663.55  3250  5616 43888.75 
 663.85  3255  3766 31688 
 663.89  3260  3840 36238.75 
 663.93  3265  3914 35110.5 
 663.98  3270  3988 35301.5 
 664.02  3275  4063 34254.5 
 664.06  3280  4137 32032.5 
 664.1  3285  4212 31563.75 
 664.14  3290  4287 36417.5 
 664.19  3295  4361 40500.5 
 664.24  3300  4436 41048.5 
 664.28  3305  4511 33909.75 
 664.32  3310  4586 34882 
 664.36  3315  4662 34454.25 
 664.41  3320  4737 35452.75 
 664.45  3325  4812 34860.5 
 664.49  3330  4888 34784.5 
 664.54  3335  4964 31946.25 
 664.59  3340  5039 33192.75 
 664.63  3345  5115 36413.5 
 664.67  3350  5191 34098 
 664.71  3355  5267 38090.75 
 664.75  3360  5344 25807.75 
 664.8  3365  5420 31951 
 664.84  3370  5496 25859.5 
 664.89  3375  5573 32899.5 
 664.93  3380  5650 30223.5 
 664.98  3385  5726 34080.5 
 665.02  3390  5803 33217.5 
 665.06  3395  5880 32425 
 665.1  3400  5957 38508 
 665.15  3405  6035 33721.75 
 665.19  3410  6112 32442 
 665.24  3415  6189 29793.5 
 665.28  3420  6267 35112.75 
 665.32  3425  6345 32394.75 
 665.36  3430  6422 35237 
 665.41  3435  6500 32714.5 
 665.45  3440  6578 23787 
 665.49  3445  6657 24565 
 665.53  3450  6735 31794.25 
 665.58  3455  6813 31963.25 
 665.63  3460  6892 26840.25 
 665.67  3465  6971 30108.25 
 665.71  3470  7049 31965.5 
 665.75  3475  7128 25260.5 
 665.8  3480  7207 29147 
 665.84  3485  7286 28709.25 
 665.88  3490  7366 25953.25 
 665.92  3495  7445 25880 
 665.97  3500  7525 31572.5 
 666.02  3505  7604 32705 
 666.06  3510  7684 29004.75 
 666.1  3515  7764 27625.75 
 666.15  3520  7844 29481 
 666.19  3525  7924 22534 
 666.23  3530  8005 28256.75 
 666.27  3535  8085 29833 
 666.32  3540  8166 30661 
 666.37  3545  8246 30637.75 
 666.41  3550  8327 30419.75 
 666.45  3555  8408 26837.25 
 666.5  3560  8489 27755.25 
 666.54  3565  8570 23276 
 666.58  3570  8652 19224.5 
 666.63  3575  8733 23237 
 666.68  3580  8815 17790 
 666.72  3585  8897 15141.25 
 666.77  3590  8979 21457.75 
 666.81  3595  9061 26056.5 
 666.85  3600  9143 27075.5 
 666.9  3605  9225 20973.25 
 666.94  3610  9308 19020.25 
 666.98  3615  9390 21648 
 667.03  3620  9473 17921.5 
 667.08  3625  9556 24740.25 
 667.12  3630  9639 20830.25 
end
uaIntegration time is 0.2294 seconds per sampledt  3.4E-08 cy 1dh270619Arenosillo 37.1 6.73 3.8pr1000dark 16.2 
 690.04  2900  736 151.75 
 690.1  2905  803 152.75 
 690.15  2910  870 153.25 
 690.2  2915  937 161.25 
 690.25  2920  1004 168.25 
 690.3  2925  1071 178.5 
 690.35  2930  1138 195.75 
 690.4  2935  1206 224.5 
 690.45  2940  1273 250.75 
 690.5  2945  1341 312.25 
 690.55  2950  1408 381.75 
 690.6  2955  1476 561.25 
 690.65  2960  1544 819.5 
 690.71  2965  1611 871.5 
 690.75  2970  1679 1032.75 
 690.8  2975  1747 1929.25 
 690.85  2980  1815 2252.25 
 690.9  2985  1883 2116.5 
 690.95  2990  1952 3731.75 
 691  2995  2020 4717 
 691.05  3000  2088 4534.5 
 691.1  3005  2157 5766.25 
 691.15  3010  2225 8286 
 691.2  3015  2294 10558.5 
 691.25  3020  2362 8849.25 
 691.3  3025  2431 15235.25 
 691.35  3030  2500 22226 
 691.4  3035  2569 25425.25 
 691.45  3040  2638 23691.5 
 691.5  3045  2707 29747.75 
 691.55  3050  2776 37578.75 
 691.6  3055  2845 37681.75 
 691.65  3060  2915 35855.5 
 691.7  3065  2984 40899.75 
 691.75  3070  3054 51905.25 
 691.8  3075  3123 58060.75 
 691.85  3080  3193 60242.25 
 691.91  3085  3263 65730 
 691.95  3090  3333 56098.25 
 692  3095  3403 58876 
 692.05  3100  3473 57175.25 
 692.1  3105  3543 87711.5 
 692.15  3110  3613 101343.3 
 692.2  3115  3683 95912 
 692.25  3120  3754 87244 
 692.3  3125  3824 97356.25 
 692.35  3130  3895 98746 
 692.4  3135  3965 98585 
 692.45  3140  4036 108676 
 692.5  3145  4107 89410.5 
 692.55  3150  4178 109240.5 
 692.6  3155  4249 92632.75 
 692.65  3160  4320 75357.5 
 692.7  3165  4391 97075.75 
 692.76  3170  4462 113520.8 
 692.8  3175  4534 112591.3 
 692.85  3180  4605 81752.25 
 692.9  3185  4677 91419 
 692.95  3190  4748 95657 
 693  3195  4820 81635 
 693.05  3200  4892 92465.75 
 693.1  3205  4964 98367 
 693.16  3210  5036 76488.75 
 693.2  3215  5108 69665.25 
 693.25  3220  5180 74148.5 
 693.3  3225  5253 58658.75 
 693.35  3230  5325 52486.75 
 693.4  3235  5397 54521.5 
 693.45  3240  5470 57331 
 693.5  3245  5543 54436 
 693.57  3250  5616 46055.25 
 693.85  3255  3766 33220.75 
 693.89  3260  3840 37940.25 
 693.94  3265  3914 36854.25 
 693.98  3270  3988 37052 
 694.02  3275  4063 35844.75 
 694.07  3280  4137 33629.25 
 694.12  3285  4212 33016.25 
 694.16  3290  4287 38366.25 
 694.2  3295  4361 42405 
 694.25  3300  4436 43029.5 
 694.29  3305  4511 35479.25 
 694.33  3310  4586 36466 
 694.37  3315  4662 36192 
 694.41  3320  4737 37283.25 
 694.45  3325  4812 36735.25 
 694.5  3330  4888 36522.75 
 694.55  3335  4964 33618.25 
 694.59  3340  5039 34752.75 
 694.63  3345  5115 38250.5 
 694.67  3350  5191 35727.5 
 694.71  3355  5267 39950 
 694.76  3360  5344 27076.75 
 694.8  3365  5420 33561.75 
 694.85  3370  5496 27139.75 
 694.89  3375  5573 34637.5 
 694.93  3380  5650 31880.5 
 694.98  3385  5726 35983.25 
 695.02  3390  5803 35040.75 
 695.06  3395  5880 34105.25 
 695.1  3400  5957 40383.25 
 695.15  3405  6035 35576.25 
 695.2  3410  6112 34167.25 
 695.24  3415  6189 31298.25 
 695.28  3420  6267 36997.25 
 695.33  3425  6345 34133.75 
 695.37  3430  6422 36973 
 695.42  3435  6500 34536 
 695.46  3440  6578 25000.75 
 695.5  3445  6657 25953.5 
 695.55  3450  6735 33479.75 
 695.6  3455  6813 33698.5 
 695.64  3460  6892 28282 
 695.68  3465  6971 31668.75 
 695.72  3470  7049 33600.25 
 695.76  3475  7128 26494.75 
 695.81  3480  7207 30556.25 
 695.85  3485  7286 30056.75 
 695.9  3490  7366 27201 
 695.95  3495  7445 26980.75 
 695.99  3500  7525 32973.75 
 696.03  3505  7604 34217.75 
 696.07  3510  7684 30340.75 
 696.12  3515  7764 28918.25 
 696.16  3520  7844 30874.5 
 696.2  3525  7924 23476.5 
 696.25  3530  8005 29558.75 
 696.29  3535  8085 31102.75 
 696.34  3540  8166 31824 
 696.38  3545  8246 32074 
 696.42  3550  8327 31623.5 
 696.47  3555  8408 28042.5 
 696.51  3560  8489 29077.5 
 696.55  3565  8570 24415.5 
 696.59  3570  8652 20105 
 696.65  3575  8733 24433.75 
 696.69  3580  8815 18743.5 
 696.73  3585  8897 15968.5 
 696.78  3590  8979 22544.75 
 696.82  3595  9061 27570.75 
 696.86  3600  9143 28653.75 
 696.9  3605  9225 22212.25 
 696.94  3610  9308 20060.75 
 697  3615  9390 22824 
 697.04  3620  9473 18883.5 
 697.08  3625  9556 25984.25 
 697.12  3630  9639 22036.5 
end
uaIntegration time is 0.2294 seconds per sampledt  3.4E-08 cy 1dh270619Arenosillo 37.1 6.73 3.86pr1000dark 31 
 720.04  2900  736 165.25 
 720.1  2905  803 163.75 
 720.15  2910  870 167 
 720.2  2915  937 177.75 
 720.25  2920  1004 184.25 
 720.3  2925  1071 194.25 
 720.34  2930  1138 207 
 720.4  2935  1206 249.25 
 720.45  2940  1273 287 
 720.5  2945  1341 334.75 
 720.55  2950  1408 435.5 
 720.6  2955  1476 629.5 
 720.65  2960  1544 910.5 
 720.71  2965  1611 961 
 720.75  2970  1679 1152.25 
 720.8  2975  1747 2152.5 
 720.85  2980  1815 2455 
 720.9  2985  1883 2366 
 720.95  2990  1952 4125.5 
 721  2995  2020 5115.75 
 721.05  3000  2088 4943.75 
 721.1  3005  2157 6241.25 
 721.15  3010  2225 8963.75 
 721.2  3015  2294 11324.75 
 721.25  3020  2362 9504.25 
 721.3  3025  2431 16294.5 
 721.35  3030  2500 23643.25 
 721.4  3035  2569 27067.25 
 721.45  3040  2638 25199 
 721.5  3045  2707 31517.75 
 721.55  3050  2776 39593 
 721.6  3055  2845 39620 
 721.65  3060  2915 37857.5 
 721.7  3065  2984 43083 
 721.75  3070  3054 54701.25 
 721.8  3075  3123 61262.25 
 721.85  3080  3193 63174.5 
 721.9  3085  3263 68764.75 
 721.95  3090  3333 58777.75 
 722  3095  3403 61483.75 
 722.05  3100  3473 59707.75 
 722.09  3105  3543 91501.5 
 722.15  3110  3613 105220.3 
 722.2  3115  3683 99511.5 
 722.25  3120  3754 90369.5 
 722.31  3125  3824 100769.3 
 722.35  3130  3895 102394 
 722.4  3135  3965 102317 
 722.45  3140  4036 112671.5 
 722.5  3145  4107 92513 
 722.55  3150  4178 113140.5 
 722.59  3155  4249 95869.5 
 722.65  3160  4320 78048 
 722.7  3165  4391 100516.5 
 722.75  3170  4462 117539 
 722.8  3175  4534 116478.8 
 722.85  3180  4605 84600 
 722.9  3185  4677 94236.5 
 722.95  3190  4748 98603 
 723  3195  4820 84415.25 
 723.05  3200  4892 95491.25 
 723.1  3205  4964 101504 
 723.16  3210  5036 78836.25 
 723.2  3215  5108 71886.5 
 723.25  3220  5180 76539 
 723.3  3225  5253 60699.25 
 723.35  3230  5325 54285.75 
 723.4  3235  5397 56340 
 723.45  3240  5470 59156.75 
 723.5  3245  5543 56262.75 
 723.56  3250  5616 47701 
 723.85  3255  3766 34186.75 
 723.89  3260  3840 39074.5 
 723.94  3265  3914 37937 
 723.98  3270  3988 38077.75 
 724.02  3275  4063 36994 
 724.06  3280  4137 34611.25 
 724.11  3285  4212 34107.25 
 724.15  3290  4287 39580.25 
 724.2  3295  4361 43673.25 
 724.24  3300  4436 44374 
 724.28  3305  4511 36544 
 724.32  3310  4586 37544.25 
 724.37  3315  4662 37220 
 724.41  3320  4737 38231.75 
 724.45  3325  4812 37626.75 
 724.5  3330  4888 37380.75 
 724.54  3335  4964 34468 
 724.59  3340  5039 35806.5 
 724.63  3345  5115 39282 
 724.67  3350  5191 36681.75 
 724.71  3355  5267 41078.25 
 724.75  3360  5344 27809.5 
 724.79  3365  5420 34575 
 724.85  3370  5496 27750.75 
 724.89  3375  5573 35404.5 
 724.93  3380  5650 32635.75 
 724.98  3385  5726 36850.5 
 725.02  3390  5803 35733 
 725.06  3395  5880 34901.25 
 725.1  3400  5957 41437 
 725.15  3405  6035 36396.25 
 725.2  3410  6112 34872 
 725.24  3415  6189 32186.75 
 725.29  3420  6267 37907.5 
 725.33  3425  6345 35055.5 
 725.37  3430  6422 37897 
 725.42  3435  6500 35461 
 725.46  3440  6578 25675 
 725.5  3445  6657 26565.75 
 725.55  3450  6735 34207 
 725.59  3455  6813 34417 
 725.63  3460  6892 28949.75 
 725.68  3465  6971 32660.75 
 725.72  3470  7049 34511.75 
 725.76  3475  7128 27376.5 
 725.81  3480  7207 31442.25 
 725.85  3485  7286 31122.75 
 725.9  3490  7366 28071 
 725.94  3495  7445 27887.5 
 725.98  3500  7525 33996.5 
 726.03  3505  7604 35411.25 
 726.07  3510  7684 31373.75 
 726.11  3515  7764 29929.5 
 726.16  3520  7844 31927.5 
 726.2  3525  7924 24304.5 
 726.25  3530  8005 30582.75 
 726.29  3535  8085 32305.75 
 726.34  3540  8166 33000.75 
 726.38  3545  8246 33130 
 726.42  3550  8327 32704 
 726.47  3555  8408 28907.5 
 726.51  3560  8489 29898.5 
 726.55  3565  8570 25245 
 726.61  3570  8652 20702.75 
 726.65  3575  8733 25125 
 726.69  3580  8815 19053.25 
 726.74  3585  8897 16302 
 726.78  3590  8979 22920.5 
 726.82  3595  9061 28152.75 
 726.87  3600  9143 29071.5 
 726.91  3605  9225 22525.5 
 726.95  3610  9308 20400.25 
 727.01  3615  9390 23126.25 
 727.05  3620  9473 19212.5 
 727.09  3625  9556 26493.75 
 727.13  3630  9639 22347.25 
end
uxIntegration time is 0.2294 seconds per sampledt  3.4E-08 cy 1dh270619Arenosillo 37.1 6.73 3.84pr1000dark 73.1 
 750.01  2900  736 205.5 
 750.06  2905  803 209.25 
 750.1  2910  870 206 
 750.14  2915  937 212.25 
 750.18  2920  1004 220 
 750.22  2925  1071 221.5 
 750.26  2930  1138 251 
 750.3  2935  1206 272.75 
 750.35  2940  1273 310.25 
 750.39  2945  1341 372.25 
 750.43  2950  1408 468.25 
 750.48  2955  1476 683 
 750.52  2960  1544 958.5 
 750.56  2965  1611 1007.25 
 750.6  2970  1679 1188.25 
 750.64  2975  1747 2191.75 
 750.68  2980  1815 2570.5 
 750.73  2985  1883 2430 
 750.77  2990  1952 4221 
 750.81  2995  2020 5291.5 
 750.84  3000  2088 5068.5 
 750.87  3005  2157 6358 
 750.91  3010  2225 9194.5 
 750.95  3015  2294 11674.5 
 750.98  3020  2362 9714 
 751.01  3025  2431 16400 
 751.04  3030  2500 24073.5 
 751.08  3035  2569 27553 
 751.11  3040  2638 25636.5 
 751.14  3045  2707 32063 
 751.18  3050  2776 40376.5 
 751.21  3055  2845 40323.5 
 751.24  3060  2915 38182.5 
 751.27  3065  2984 43921 
 751.31  3070  3054 55438 
 751.34  3075  3123 62041 
 751.37  3080  3193 64003.5 
 751.41  3085  3263 69776.5 
 751.45  3090  3333 59684 
 751.48  3095  3403 62155 
 751.51  3100  3473 60241.5 
 751.55  3105  3543 92016.5 
 751.58  3110  3613 106728.5 
 751.61  3115  3683 101090.5 
 751.64  3120  3754 91806 
 751.67  3125  3824 101903.5 
 751.71  3130  3895 103745.5 
 751.74  3135  3965 103355 
 751.77  3140  4036 113988 
 751.81  3145  4107 93552 
 751.84  3150  4178 114099 
 751.88  3155  4249 97427.5 
 751.91  3160  4320 78578.5 
 751.95  3165  4391 100839.5 
 751.98  3170  4462 118022 
 752.01  3175  4534 117976.5 
 752.04  3180  4605 85724.5 
 752.08  3185  4677 94705 
 752.11  3190  4748 99514 
 752.14  3195  4820 85256 
 752.18  3200  4892 96524.5 
 752.21  3205  4964 102571.5 
 752.24  3210  5036 79839.5 
 752.28  3215  5108 72342.5 
 752.32  3220  5180 77591.5 
 752.35  3225  5253 61679 
 752.39  3230  5325 54749.5 
 752.42  3235  5397 56961.5 
 752.45  3240  5470 59916.5 
 752.48  3245  5543 56930.5 
 752.52  3250  5616 48125 
 752.79  3255  3766 34593.5 
 752.82  3260  3840 39540.5 
 752.86  3265  3914 38315 
 752.89  3270  3988 38638 
 752.92  3275  4063 37546.5 
 752.96  3280  4137 35165.5 
 753  3285  4212 34664.5 
 753.03  3290  4287 40129.5 
 753.06  3295  4361 44329 
 753.1  3300  4436 45009.5 
 753.13  3305  4511 37309.5 
 753.16  3310  4586 38081.5 
 753.2  3315  4662 37489 
 753.23  3320  4737 38778 
 753.27  3325  4812 38043 
 753.3  3330  4888 37996.5 
 753.33  3335  4964 34862 
 753.37  3340  5039 36212.5 
 753.4  3345  5115 39843.5 
 753.44  3350  5191 37157.5 
 753.48  3355  5267 41444.5 
 753.51  3360  5344 28242.5 
 753.54  3365  5420 34953 
 753.58  3370  5496 28129 
 753.61  3375  5573 35821.5 
 753.65  3380  5650 32963 
 753.68  3385  5726 37044.5 
 753.71  3390  5803 36377.5 
 753.75  3395  5880 35220.5 
 753.78  3400  5957 41914 
 753.82  3405  6035 36809.5 
 753.85  3410  6112 35343.5 
 753.89  3415  6189 32396 
 753.92  3420  6267 38380 
 753.96  3425  6345 35314 
 753.99  3430  6422 38200 
 754.03  3435  6500 35766 
 754.06  3440  6578 25876.5 
 754.1  3445  6657 26565 
 754.13  3450  6735 34439.5 
 754.16  3455  6813 34781 
 754.2  3460  6892 29220.5 
 754.23  3465  6971 32740 
 754.27  3470  7049 34898.5 
 754.3  3475  7128 27639 
 754.33  3480  7207 31615 
 754.37  3485  7286 31258 
 754.41  3490  7366 28277 
 754.44  3495  7445 28073.5 
 754.48  3500  7525 34129.5 
 754.51  3505  7604 35603 
 754.54  3510  7684 31668 
 754.58  3515  7764 29999 
 754.61  3520  7844 32218 
 754.65  3525  7924 24412 
 754.68  3530  8005 30883 
 754.72  3535  8085 32545 
 754.75  3540  8166 33183.5 
 754.78  3545  8246 33388 
 754.82  3550  8327 32990 
 754.85  3555  8408 29105.5 
 754.89  3560  8489 30231 
 754.93  3565  8570 25537.5 
 754.96  3570  8652 20761 
 754.99  3575  8733 25243 
 755.03  3580  8815 19253 
 755.06  3585  8897 16428.5 
 755.1  3590  8979 22840 
 755.13  3595  9061 28316.5 
 755.17  3600  9143 29395 
 755.2  3605  9225 22854 
 755.24  3610  9308 20595.5 
 755.27  3615  9390 23540 
 755.31  3620  9473 19463.5 
 755.34  3625  9556 26729.5 
 755.39  3630  9639 22878.5 
end
uaIntegration time is 0.2294 seconds per sampledt  3.4E-08 cy 1dh270619Arenosillo 37.1 6.73 3.82pr1000dark 20.45 
 780.05  2900  736 168.5 
 780.1  2905  803 166.75 
 780.15  2910  870 167.75 
 780.2  2915  937 179.5 
 780.25  2920  1004 193 
 780.3  2925  1071 205.5 
 780.35  2930  1138 222.25 
 780.4  2935  1206 243.75 
 780.45  2940  1273 286 
 780.5  2945  1341 337.5 
 780.55  2950  1408 442.75 
 780.6  2955  1476 641.25 
 780.65  2960  1544 912 
 780.71  2965  1611 988 
 780.75  2970  1679 1169.25 
 780.8  2975  1747 2175 
 780.85  2980  1815 2572.75 
 780.9  2985  1883 2395.25 
 780.95  2990  1952 4177.25 
 781  2995  2020 5185.75 
 781.05  3000  2088 5085.5 
 781.11  3005  2157 6421.75 
 781.15  3010  2225 8927.75 
 781.2  3015  2294 11426.75 
 781.25  3020  2362 9527.25 
 781.3  3025  2431 15721.25 
 781.35  3030  2500 22546.5 
 781.4  3035  2569 25950.25 
 781.45  3040  2638 24802 
 781.5  3045  2707 28020.75 
 781.55  3050  2776 34472.25 
 781.6  3055  2845 35274.5 
 781.65  3060  2915 34115 
 781.7  3065  2984 38143.5 
 781.75  3070  3054 47425.75 
 781.8  3075  3123 55305 
 781.85  3080  3193 59387.75 
 781.9  3085  3263 61114.75 
 781.96  3090  3333 48020.25 
 782  3095  3403 49723 
 782.05  3100  3473 47706 
 782.1  3105  3543 78684 
 782.15  3110  3613 93613.75 
 782.2  3115  3683 88810.5 
 782.25  3120  3754 77663.75 
 782.3  3125  3824 85076 
 782.36  3130  3895 83208 
 782.4  3135  3965 82957 
 782.45  3140  4036 91847.75 
 782.5  3145  4107 74738.5 
 782.55  3150  4178 90934.75 
 782.6  3155  4249 75467.75 
 782.65  3160  4320 60501.75 
 782.7  3165  4391 76872.75 
 782.76  3170  4462 91180 
 782.8  3175  4534 91279.75 
 782.85  3180  4605 66499.75 
 782.9  3185  4677 72825.25 
 782.95  3190  4748 78327.5 
 783  3195  4820 69521 
 783.05  3200  4892 79724.75 
 783.1  3205  4964 85365.25 
 783.15  3210  5036 68547 
 783.2  3215  5108 62716.5 
 783.25  3220  5180 66619.25 
 783.3  3225  5253 52927.25 
 783.35  3230  5325 49018 
 783.4  3235  5397 50274.25 
 783.45  3240  5470 50813 
 783.5  3245  5543 47584.25 
 783.55  3250  5616 40159 
 783.85  3255  3766 32130.5 
 783.89  3260  3840 37246.5 
 783.93  3265  3914 34647.25 
 783.97  3270  3988 34801.5 
 784.02  3275  4063 33743.75 
 784.06  3280  4137 31086.75 
 784.1  3285  4212 31205 
 784.14  3290  4287 35539.25 
 784.19  3295  4361 38998.5 
 784.23  3300  4436 38842 
 784.27  3305  4511 30849.25 
 784.32  3310  4586 32107.75 
 784.36  3315  4662 31675 
 784.4  3320  4737 32259.5 
 784.44  3325  4812 31565.5 
 784.49  3330  4888 30081.25 
 784.54  3335  4964 27050.25 
 784.58  3340  5039 29260 
 784.62  3345  5115 34048.25 
 784.66  3350  5191 31684.5 
 784.7  3355  5267 36246.25 
 784.74  3360  5344 24775.5 
 784.79  3365  5420 31081 
 784.83  3370  5496 27527 
 784.88  3375  5573 31953.25 
 784.92  3380  5650 29934.5 
 784.97  3385  5726 33439 
 785.01  3390  5803 32285.75 
 785.05  3395  5880 31826.25 
 785.09  3400  5957 37219 
 785.14  3405  6035 31027.75 
 785.18  3410  6112 29315.75 
 785.23  3415  6189 27235.75 
 785.27  3420  6267 32370.75 
 785.31  3425  6345 30234.25 
 785.36  3430  6422 32932.25 
 785.4  3435  6500 30929.75 
 785.44  3440  6578 22178 
 785.48  3445  6657 21171.5 
 785.53  3450  6735 27476 
 785.57  3455  6813 28644 
 785.62  3460  6892 25128.25 
 785.66  3465  6971 28173.25 
 785.71  3470  7049 29676 
 785.75  3475  7128 23401.75 
 785.79  3480  7207 26965.5 
 785.83  3485  7286 28093.5 
 785.88  3490  7366 25780.25 
 785.92  3495  7445 25566.25 
 785.97  3500  7525 31346.5 
 786.01  3505  7604 32063 
 786.06  3510  7684 26486 
 786.1  3515  7764 26019.25 
 786.14  3520  7844 29591.5 
 786.19  3525  7924 21573.5 
 786.23  3530  8005 26006.5 
 786.27  3535  8085 26105.5 
 786.33  3540  8166 25505.5 
 786.37  3545  8246 26138 
 786.41  3550  8327 25727.5 
 786.45  3555  8408 22232.5 
 786.5  3560  8489 23174.75 
 786.54  3565  8570 19604.75 
 786.58  3570  8652 16319.75 
 786.62  3575  8733 19972 
 786.68  3580  8815 15285 
 786.72  3585  8897 13192.75 
 786.76  3590  8979 18622.5 
 786.8  3595  9061 24174.25 
 786.85  3600  9143 24078.5 
 786.89  3605  9225 18790.75 
 786.93  3610  9308 17305.5 
 786.97  3615  9390 18965.75 
 787.02  3620  9473 15274 
 787.07  3625  9556 20774 
 787.11  3630  9639 17841.25 
end
uaIntegration time is 0.2294 seconds per sampledt  3.4E-08 cy 1dh270619Arenosillo 37.1 6.73 3.8pr1000dark 25.55 
 810.05  2900  736 159.75 
 810.1  2905  803 152 
 810.15  2910  870 163.5 
 810.2  2915  937 169.5 
 810.25  2920  1004 168.25 
 810.3  2925  1071 179.75 
 810.35  2930  1138 198.5 
 810.4  2935  1206 219.25 
 810.45  2940  1273 238.75 
 810.5  2945  1341 289 
 810.56  2950  1408 376.25 
 810.6  2955  1476 537 
 810.65  2960  1544 761.5 
 810.71  2965  1611 826.5 
 810.75  2970  1679 955.75 
 810.8  2975  1747 1801.5 
 810.85  2980  1815 2125.75 
 810.9  2985  1883 2021 
 810.96  2990  1952 3524.5 
 811  2995  2020 4464.25 
 811.05  3000  2088 4282.5 
 811.11  3005  2157 5470.5 
 811.15  3010  2225 7884 
 811.2  3015  2294 10084.25 
 811.25  3020  2362 8386.25 
 811.3  3025  2431 14376.5 
 811.35  3030  2500 21149 
 811.4  3035  2569 24293.5 
 811.45  3040  2638 22605 
 811.51  3045  2707 28600.25 
 811.55  3050  2776 36037 
 811.61  3055  2845 36173 
 811.65  3060  2915 34293.25 
 811.7  3065  2984 39340 
 811.75  3070  3054 50000.75 
 811.8  3075  3123 56277.5 
 811.85  3080  3193 58386.5 
 811.9  3085  3263 63512.5 
 811.96  3090  3333 54193.75 
 812  3095  3403 56712 
 812.05  3100  3473 55165 
 812.1  3105  3543 84498.25 
 812.15  3110  3613 98057.5 
 812.2  3115  3683 92853.5 
 812.26  3120  3754 84608.75 
 812.3  3125  3824 94193.5 
 812.36  3130  3895 96232.25 
 812.4  3135  3965 95721.5 
 812.45  3140  4036 105858.5 
 812.5  3145  4107 86739.75 
 812.55  3150  4178 106440.3 
 812.6  3155  4249 90301.75 
 812.66  3160  4320 73235.5 
 812.71  3165  4391 94455.5 
 812.77  3170  4462 110833.5 
 812.81  3175  4534 110524.3 
 812.85  3180  4605 80148.5 
 812.9  3185  4677 88748 
 812.95  3190  4748 93227.5 
 813  3195  4820 79660.75 
 813.05  3200  4892 90234 
 813.1  3205  4964 96126.25 
 813.15  3210  5036 74833.25 
 813.21  3215  5108 67700 
 813.26  3220  5180 72205 
 813.31  3225  5253 57382.75 
 813.35  3230  5325 50941 
 813.4  3235  5397 52914 
 813.45  3240  5470 55929.25 
 813.5  3245  5543 52950 
 813.55  3250  5616 44654.5 
 813.85  3255  3766 32240.75 
 813.89  3260  3840 36961.25 
 813.93  3265  3914 35914.75 
 813.98  3270  3988 36079.5 
 814.02  3275  4063 34954 
 814.06  3280  4137 32720 
 814.1  3285  4212 32161.25 
 814.15  3290  4287 37258 
 814.2  3295  4361 41270.75 
 814.24  3300  4436 41868 
 814.28  3305  4511 34532.75 
 814.32  3310  4586 35392 
 814.36  3315  4662 34982.75 
 814.41  3320  4737 36157.25 
 814.45  3325  4812 35533.5 
 814.49  3330  4888 35378.25 
 814.54  3335  4964 32567.5 
 814.58  3340  5039 33643 
 814.63  3345  5115 37018.25 
 814.67  3350  5191 34687 
 814.71  3355  5267 38721.25 
 814.75  3360  5344 26468.25 
 814.8  3365  5420 32651.75 
 814.84  3370  5496 26381.75 
 814.89  3375  5573 33433.5 
 814.93  3380  5650 30883.5 
 814.97  3385  5726 34602.5 
 815.02  3390  5803 34077 
 815.06  3395  5880 33043.75 
 815.1  3400  5957 39215.5 
 815.14  3405  6035 34594.25 
 815.19  3410  6112 33159.5 
 815.24  3415  6189 30370.25 
 815.28  3420  6267 35977 
 815.32  3425  6345 33213.25 
 815.36  3430  6422 36109.25 
 815.4  3435  6500 33602.5 
 815.45  3440  6578 24283 
 815.49  3445  6657 25082.75 
 815.53  3450  6735 32551.5 
 815.58  3455  6813 32727 
 815.63  3460  6892 27455.75 
 815.67  3465  6971 30796.25 
 815.71  3470  7049 32806 
 815.75  3475  7128 25918 
 815.8  3480  7207 29699 
 815.84  3485  7286 29326 
 815.88  3490  7366 26674.25 
 815.93  3495  7445 26261.5 
 815.98  3500  7525 32043.75 
 816.02  3505  7604 33369.25 
 816.06  3510  7684 29558.25 
 816.11  3515  7764 28110 
 816.15  3520  7844 30045.5 
 816.19  3525  7924 22819.75 
 816.23  3530  8005 28763.75 
 816.28  3535  8085 30289.5 
 816.33  3540  8166 31129.5 
 816.37  3545  8246 31216.25 
 816.42  3550  8327 30861.25 
 816.46  3555  8408 27268.25 
 816.5  3560  8489 28183.75 
 816.54  3565  8570 23864 
 816.59  3570  8652 19439 
 816.63  3575  8733 23601 
 816.68  3580  8815 17973.25 
 816.73  3585  8897 15278.25 
 816.77  3590  8979 21462.75 
 816.82  3595  9061 26381 
 816.86  3600  9143 27521.5 
 816.9  3605  9225 21205.5 
 816.95  3610  9308 19177.25 
 816.99  3615  9390 21954.25 
 817.03  3620  9473 18160.25 
 817.09  3625  9556 25075.5 
 817.13  3630  9639 21269.25 
end
uaIntegration time is 0.2294 seconds per sampledt  3.4E-08 cy 1dh270619Arenosillo 37.1 6.73 3.8pr1000dark 17.65 
 840.05  2900  736 141.25 
 840.11  2905  803 139.5 
 840.16  2910  870 145 
 840.21  2915  937 150.25 
 840.26  2920  1004 149.5 
 840.31  2925  1071 158 
 840.35  2930  1138 170.5 
 840.41  2935  1206 189.5 
 840.46  2940  1273 220.5 
 840.51  2945  1341 250.75 
 840.56  2950  1408 317.25 
 840.6  2955  1476 437 
 840.66  2960  1544 638.5 
 840.71  2965  1611 676.5 
 840.75  2970  1679 797.5 
 840.81  2975  1747 1482.25 
 840.85  2980  1815 1770.25 
 840.91  2985  1883 1700.25 
 840.96  2990  1952 2991.5 
 841  2995  2020 3797.25 
 841.06  3000  2088 3666.5 
 841.11  3005  2157 4669.75 
 841.15  3010  2225 6809.25 
 841.21  3015  2294 8764.25 
 841.26  3020  2362 7406.25 
 841.31  3025  2431 12731.75 
 841.36  3030  2500 18842 
 841.41  3035  2569 21596 
 841.46  3040  2638 20161.25 
 841.5  3045  2707 25518 
 841.56  3050  2776 32473.25 
 841.61  3055  2845 32647 
 841.66  3060  2915 31096.75 
 841.71  3065  2984 35729 
 841.75  3070  3054 45885 
 841.8  3075  3123 51527.25 
 841.86  3080  3193 53343.25 
 841.91  3085  3263 58256.25 
 841.96  3090  3333 49835.5 
 842.01  3095  3403 52618 
 842.05  3100  3473 51179 
 842.11  3105  3543 78790 
 842.15  3110  3613 91201.75 
 842.21  3115  3683 86305.75 
 842.26  3120  3754 78650.75 
 842.31  3125  3824 87996 
 842.36  3130  3895 89643 
 842.41  3135  3965 89584.5 
 842.46  3140  4036 98830.75 
 842.51  3145  4107 81467 
 842.55  3150  4178 99647.75 
 842.61  3155  4249 84398.5 
 842.66  3160  4320 68648.25 
 842.71  3165  4391 88952.25 
 842.76  3170  4462 104336.8 
 842.8  3175  4534 103210.3 
 842.85  3180  4605 74841 
 842.91  3185  4677 84004.5 
 842.96  3190  4748 87647.25 
 843.01  3195  4820 74971.25 
 843.06  3200  4892 84847.5 
 843.1  3205  4964 90374 
 843.16  3210  5036 70415.5 
 843.21  3215  5108 64119.5 
 843.26  3220  5180 67967.75 
 843.31  3225  5253 53858.75 
 843.36  3230  5325 48269.25 
 843.41  3235  5397 50204.5 
 843.46  3240  5470 52906.75 
 843.5  3245  5543 50037.5 
 843.56  3250  5616 42169.75 
 843.85  3255  3766 30529.75 
 843.89  3260  3840 34920 
 843.93  3265  3914 33988.25 
 843.98  3270  3988 33970 
 844.02  3275  4063 33021 
 844.06  3280  4137 30805 
 844.1  3285  4212 30379.25 
 844.14  3290  4287 35237 
 844.19  3295  4361 39042.75 
 844.24  3300  4436 39679.5 
 844.28  3305  4511 32645.25 
 844.32  3310  4586 33553.25 
 844.36  3315  4662 33256.25 
 844.4  3320  4737 34255.25 
 844.45  3325  4812 33687.25 
 844.49  3330  4888 33468.25 
 844.56  3335  4964 30738 
 844.6  3340  5039 31884.5 
 844.64  3345  5115 35105 
 844.69  3350  5191 32821.25 
 844.73  3355  5267 36651.5 
 844.77  3360  5344 24816.25 
 844.81  3365  5420 30712.25 
 844.85  3370  5496 24815.75 
 844.9  3375  5573 31556.75 
 844.95  3380  5650 29060.25 
 844.99  3385  5726 32780.25 
 845.03  3390  5803 31919.75 
 845.07  3395  5880 31170.75 
 845.12  3400  5957 36987.25 
 845.16  3405  6035 32459.25 
 845.2  3410  6112 31179 
 845.25  3415  6189 28726.75 
 845.29  3420  6267 33823.75 
 845.34  3425  6345 31299.75 
 845.38  3430  6422 33957.75 
 845.42  3435  6500 31729.25 
 845.46  3440  6578 22828.75 
 845.51  3445  6657 23647 
 845.55  3450  6735 30659.75 
 845.59  3455  6813 30742.5 
 845.64  3460  6892 25888.25 
 845.69  3465  6971 29126.75 
 845.73  3470  7049 30782.5 
 845.77  3475  7128 24367 
 845.82  3480  7207 28140.25 
 845.86  3485  7286 27661 
 845.9  3490  7366 24970.5 
 845.94  3495  7445 24793 
 846  3500  7525 30348.75 
 846.04  3505  7604 31412.5 
 846.08  3510  7684 27914 
 846.13  3515  7764 26618.5 
 846.17  3520  7844 28293.25 
 846.21  3525  7924 21643 
 846.26  3530  8005 27272.25 
 846.3  3535  8085 28650.75 
 846.35  3540  8166 29332.75 
 846.4  3545  8246 29505.75 
 846.44  3550  8327 29059 
 846.48  3555  8408 25800.75 
 846.53  3560  8489 26654.25 
 846.57  3565  8570 22354.75 
 846.62  3570  8652 18386.25 
 846.66  3575  8733 22306.25 
 846.71  3580  8815 17053.5 
 846.75  3585  8897 14467.5 
 846.8  3590  8979 20492.75 
 846.84  3595  9061 24992.5 
 846.88  3600  9143 25992.25 
 846.93  3605  9225 20024.75 
 846.97  3610  9308 18190.75 
 847.01  3615  9390 20701.5 
 847.06  3620  9473 17206 
 847.11  3625  9556 23650.25 
 847.15  3630  9639 19990.75 
end
