uxIntegration time is 0.2294 seconds per sampledt  3.4E-08 cy 1dh210619Arenosillo 37.1 6.73 2.84pr1000dark 1.05 
 302.24  2900  736 1.25 
 302.27  2905  803 .75 
 302.31  2910  870 1.5 
 302.35  2915  937 1.25 
 302.39  2920  1004 1.25 
 302.42  2925  1071 .75 
 302.46  2930  1138 1.25 
 302.5  2935  1206 1.25 
 302.53  2940  1273 1 
 302.57  2945  1341 1.5 
 302.61  2950  1408 1 
 302.65  2955  1476 1 
 302.68  2960  1544 1.25 
 302.72  2965  1611 1 
 302.76  2970  1679 1.5 
 302.79  2975  1747 1.25 
 302.83  2980  1815 1.5 
 302.87  2985  1883 .75 
 302.91  2990  1952 .75 
 302.94  2995  2020 1.5 
 302.97  3000  2088 2 
 303  3005  2157 .5 
 303.03  3010  2225 2.5 
 303.06  3015  2294 3 
 303.08  3020  2362 1 
 303.11  3025  2431 1.5 
 303.14  3030  2500 2.5 
 303.17  3035  2569 5 
 303.2  3040  2638 4 
 303.23  3045  2707 4 
 303.26  3050  2776 7.5 
 303.28  3055  2845 6.5 
 303.31  3060  2915 6.5 
 303.34  3065  2984 8.5 
 303.37  3070  3054 9.5 
 303.4  3075  3123 15 
 303.42  3080  3193 12 
 303.45  3085  3263 16 
 303.48  3090  3333 14.5 
 303.51  3095  3403 15.5 
 303.54  3100  3473 17.5 
 303.57  3105  3543 28 
 303.59  3110  3613 32.5 
 303.62  3115  3683 41 
 303.65  3120  3754 41 
 303.68  3125  3824 40 
 303.71  3130  3895 45.5 
 303.74  3135  3965 42 
 303.77  3140  4036 65 
 303.79  3145  4107 47.5 
 303.82  3150  4178 60.5 
 303.85  3155  4249 52.5 
 303.88  3160  4320 45 
 303.91  3165  4391 63 
 303.94  3170  4462 73 
 303.97  3175  4534 76 
 303.99  3180  4605 59 
 304.02  3185  4677 78.5 
 304.05  3190  4748 103 
 304.08  3195  4820 71 
 304.11  3200  4892 82 
 304.14  3205  4964 104 
 304.17  3210  5036 103 
 304.19  3215  5108 98.5 
 304.22  3220  5180 85 
 304.25  3225  5253 67.5 
 304.28  3230  5325 75 
 304.31  3235  5397 99.5 
 304.34  3240  5470 111.5 
 304.36  3245  5543 96 
 304.39  3250  5616 70 
 304.65  3255  3766 56.5 
 304.68  3260  3840 79 
 304.71  3265  3914 104 
 304.74  3270  3988 102 
 304.77  3275  4063 86.5 
 304.8  3280  4137 70.5 
 304.82  3285  4212 82 
 304.85  3290  4287 127 
 304.88  3295  4361 163.5 
 304.91  3300  4436 153.5 
 304.94  3305  4511 107 
 304.97  3310  4586 102.5 
 304.99  3315  4662 111 
 305.02  3320  4737 153 
 305.05  3325  4812 151.5 
 305.08  3330  4888 149.5 
 305.11  3335  4964 134 
 305.14  3340  5039 125 
 305.16  3345  5115 158 
 305.19  3350  5191 166.5 
 305.22  3355  5267 192.5 
 305.25  3360  5344 136.5 
 305.28  3365  5420 150.5 
 305.31  3370  5496 112.5 
 305.34  3375  5573 145.5 
 305.37  3380  5650 143.5 
 305.4  3385  5726 179.5 
 305.42  3390  5803 168.5 
 305.45  3395  5880 178.5 
 305.48  3400  5957 189.5 
 305.51  3405  6035 172 
 305.54  3410  6112 166.5 
 305.57  3415  6189 170.5 
 305.59  3420  6267 206.5 
 305.62  3425  6345 182.5 
 305.65  3430  6422 192.5 
 305.68  3435  6500 167 
 305.71  3440  6578 124.5 
 305.74  3445  6657 134.5 
 305.77  3450  6735 183 
 305.8  3455  6813 179.5 
 305.83  3460  6892 169.5 
 305.86  3465  6971 183 
 305.89  3470  7049 205 
 305.92  3475  7128 165.5 
 305.95  3480  7207 175.5 
 305.98  3485  7286 175.5 
 306.01  3490  7366 163 
 306.04  3495  7445 166 
 306.07  3500  7525 204 
 306.1  3505  7604 197 
 306.13  3510  7684 177.5 
 306.16  3515  7764 166 
 306.19  3520  7844 182 
 306.22  3525  7924 137.5 
 306.25  3530  8005 168.5 
 306.28  3535  8085 192.5 
 306.31  3540  8166 188.5 
 306.34  3545  8246 196 
 306.37  3550  8327 195.5 
 306.4  3555  8408 169.5 
 306.43  3560  8489 181.5 
 306.46  3565  8570 152.5 
 306.49  3570  8652 122.5 
 306.52  3575  8733 147.5 
 306.55  3580  8815 117 
 306.58  3585  8897 98 
 306.61  3590  8979 134 
 306.64  3595  9061 163.5 
 306.67  3600  9143 171.5 
 306.7  3605  9225 133 
 306.73  3610  9308 119.5 
 306.76  3615  9390 144.5 
 306.8  3620  9473 117 
 306.83  3625  9556 166 
 306.86  3630  9639 131.5 
end
uaIntegration time is 0.2294 seconds per sampledt  3.4E-08 cy 1dh210619Arenosillo 37.1 6.73 3.15pr1000dark 1.45 
 480.02  2900  736 40.25 
 480.07  2905  803 39.25 
 480.12  2910  870 42 
 480.17  2915  937 42.5 
 480.22  2920  1004 43 
 480.27  2925  1071 41.75 
 480.32  2930  1138 41.75 
 480.38  2935  1206 42.25 
 480.43  2940  1273 45 
 480.47  2945  1341 43.75 
 480.53  2950  1408 44.75 
 480.57  2955  1476 47.5 
 480.62  2960  1544 47 
 480.67  2965  1611 57.25 
 480.72  2970  1679 54.5 
 480.77  2975  1747 66.5 
 480.82  2980  1815 77.75 
 480.87  2985  1883 83.25 
 480.93  2990  1952 114 
 480.98  2995  2020 159.75 
 481.03  3000  2088 167.25 
 481.07  3005  2157 228.5 
 481.12  3010  2225 372 
 481.17  3015  2294 532.5 
 481.22  3020  2362 498.25 
 481.27  3025  2431 935.75 
 481.32  3030  2500 1577.25 
 481.37  3035  2569 1989.5 
 481.42  3040  2638 1994.5 
 481.47  3045  2707 2826.75 
 481.52  3050  2776 4106.75 
 481.58  3055  2845 4451 
 481.63  3060  2915 4457.25 
 481.68  3065  2984 5457 
 481.73  3070  3054 7865.25 
 481.77  3075  3123 9666.25 
 481.82  3080  3193 10320.5 
 481.87  3085  3263 11794.25 
 481.92  3090  3333 10514.75 
 481.98  3095  3403 12366 
 482.03  3100  3473 12679.5 
 482.07  3105  3543 20094.75 
 482.13  3110  3613 24087.75 
 482.18  3115  3683 23428.75 
 482.23  3120  3754 22898 
 482.27  3125  3824 26829 
 482.32  3130  3895 27990.5 
 482.37  3135  3965 27702.25 
 482.42  3140  4036 32110.5 
 482.47  3145  4107 28033.5 
 482.52  3150  4178 35048 
 482.57  3155  4249 29078.75 
 482.63  3160  4320 24766.5 
 482.68  3165  4391 33354.5 
 482.73  3170  4462 39525.5 
 482.78  3175  4534 38659.25 
 482.82  3180  4605 28736.75 
 482.88  3185  4677 34129 
 482.92  3190  4748 35986 
 482.97  3195  4820 30013 
 483.03  3200  4892 33760.25 
 483.08  3205  4964 37732.5 
 483.13  3210  5036 30330 
 483.18  3215  5108 27875 
 483.23  3220  5180 28427.5 
 483.28  3225  5253 22299.25 
 483.32  3230  5325 20702.5 
 483.37  3235  5397 22390.5 
 483.42  3240  5470 23725.5 
 483.47  3245  5543 22092 
 483.52  3250  5616 18265.75 
 483.81  3255  3766 13631.75 
 483.84  3260  3840 15950.25 
 483.89  3265  3914 15791.75 
 483.94  3270  3988 15831.5 
 483.99  3275  4063 15144 
 484.04  3280  4137 14001.25 
 484.09  3285  4212 14158 
 484.14  3290  4287 16869.5 
 484.19  3295  4361 18669 
 484.24  3300  4436 18821.75 
 484.29  3305  4511 15343 
 484.34  3310  4586 15635.25 
 484.39  3315  4662 15653.5 
 484.44  3320  4737 16425 
 484.49  3325  4812 16291.5 
 484.54  3330  4888 16152.25 
 484.59  3335  4964 14624.5 
 484.64  3340  5039 15241.5 
 484.69  3345  5115 16907.75 
 484.74  3350  5191 15970.25 
 484.79  3355  5267 17909 
 484.84  3360  5344 12214.75 
 484.89  3365  5420 15065.75 
 484.94  3370  5496 12105 
 484.99  3375  5573 15319 
 485.04  3380  5650 14206.25 
 485.09  3385  5726 16125.5 
 485.14  3390  5803 15740 
 485.19  3395  5880 15452.75 
 485.24  3400  5957 18078 
 485.29  3405  6035 15977.5 
 485.34  3410  6112 15445.25 
 485.39  3415  6189 14247.25 
 485.44  3420  6267 16709.25 
 485.49  3425  6345 15542.75 
 485.54  3430  6422 16818.75 
 485.59  3435  6500 15645 
 485.64  3440  6578 11168.75 
 485.69  3445  6657 11779.25 
 485.74  3450  6735 15168.75 
 485.79  3455  6813 15264.5 
 485.84  3460  6892 12887 
 485.89  3465  6971 14505.25 
 485.94  3470  7049 15367 
 485.99  3475  7128 12239.5 
 486.04  3480  7207 14105.25 
 486.09  3485  7286 13898 
 486.14  3490  7366 12577.5 
 486.19  3495  7445 12564.75 
 486.24  3500  7525 15190.75 
 486.29  3505  7604 15792.75 
 486.34  3510  7684 13959.5 
 486.39  3515  7764 13445.25 
 486.44  3520  7844 14294 
 486.49  3525  7924 10943.75 
 486.54  3530  8005 13849.25 
 486.59  3535  8085 14581 
 486.64  3540  8166 14833 
 486.69  3545  8246 14982.75 
 486.74  3550  8327 14745.25 
 486.79  3555  8408 13091 
 486.84  3560  8489 13561.5 
 486.89  3565  8570 11340.25 
 486.94  3570  8652 9405.5 
 486.99  3575  8733 11355.25 
 487.04  3580  8815 8641.5 
 487.09  3585  8897 7412 
 487.14  3590  8979 10441 
 487.19  3595  9061 12738.5 
 487.24  3600  9143 13189.25 
 487.29  3605  9225 10224.5 
 487.34  3610  9308 9351 
 487.39  3615  9390 10583.75 
 487.44  3620  9473 8961.75 
 487.49  3625  9556 12147.25 
 487.54  3630  9639 10176.5 
end
uaIntegration time is 0.2294 seconds per sampledt  3.4E-08 cy 1dh210619Arenosillo 37.1 6.73 3.39pr1000dark 3.1 
 540.02  2900  736 69.25 
 540.07  2905  803 73.5 
 540.12  2910  870 73.75 
 540.17  2915  937 70.25 
 540.22  2920  1004 69 
 540.27  2925  1071 74.25 
 540.32  2930  1138 78.75 
 540.37  2935  1206 75.5 
 540.43  2940  1273 80.25 
 540.48  2945  1341 82 
 540.52  2950  1408 83.25 
 540.57  2955  1476 93.75 
 540.62  2960  1544 116 
 540.67  2965  1611 123.5 
 540.72  2970  1679 151.5 
 540.77  2975  1747 227.5 
 540.82  2980  1815 279.25 
 540.87  2985  1883 292.25 
 540.92  2990  1952 480.5 
 540.98  2995  2020 687.5 
 541.03  3000  2088 709.75 
 541.07  3005  2157 953.25 
 541.12  3010  2225 1502.25 
 541.17  3015  2294 2061 
 541.22  3020  2362 1842.25 
 541.27  3025  2431 3348 
 541.32  3030  2500 5335.75 
 541.38  3035  2569 6519 
 541.42  3040  2638 6243.75 
 541.48  3045  2707 8390 
 541.53  3050  2776 11378 
 541.57  3055  2845 12070 
 541.63  3060  2915 11707.5 
 541.68  3065  2984 13923 
 541.72  3070  3054 19006.75 
 541.77  3075  3123 22348.75 
 541.82  3080  3193 23555.5 
 541.87  3085  3263 26391.5 
 541.92  3090  3333 23014 
 541.97  3095  3403 25539.5 
 542.03  3100  3473 25519.25 
 542.08  3105  3543 39906.25 
 542.12  3110  3613 47285.5 
 542.17  3115  3683 45292.5 
 542.22  3120  3754 42909.5 
 542.27  3125  3824 49075.75 
 542.32  3130  3895 50526.75 
 542.37  3135  3965 50159 
 542.43  3140  4036 56854.25 
 542.47  3145  4107 48119.5 
 542.53  3150  4178 59815.5 
 542.57  3155  4249 50118.5 
 542.62  3160  4320 41551.75 
 542.68  3165  4391 55162 
 542.73  3170  4462 64836.75 
 542.77  3175  4534 63996 
 542.82  3180  4605 46929.25 
 542.87  3185  4677 53915.5 
 542.92  3190  4748 56808 
 542.97  3195  4820 47883 
 543.02  3200  4892 54131.5 
 543.08  3205  4964 59077.25 
 543.13  3210  5036 46774.5 
 543.18  3215  5108 42477.75 
 543.22  3220  5180 44354.25 
 543.28  3225  5253 34939 
 543.32  3230  5325 31769 
 543.37  3235  5397 33785.5 
 543.42  3240  5470 35664.25 
 543.48  3245  5543 33602.75 
 543.53  3250  5616 27991.5 
 543.81  3255  3766 20467 
 543.85  3260  3840 23857.5 
 543.89  3265  3914 23359.75 
 543.94  3270  3988 23430.25 
 543.99  3275  4063 22536.75 
 544.04  3280  4137 20944 
 544.09  3285  4212 20886.5 
 544.14  3290  4287 24496.25 
 544.19  3295  4361 27280.75 
 544.24  3300  4436 27539 
 544.29  3305  4511 22531.25 
 544.34  3310  4586 23068.75 
 544.39  3315  4662 22945.75 
 544.44  3320  4737 23845.25 
 544.49  3325  4812 23534.25 
 544.54  3330  4888 23358 
 544.59  3335  4964 21394 
 544.64  3340  5039 22266.25 
 544.69  3345  5115 24568 
 544.74  3350  5191 23114.5 
 544.79  3355  5267 25875 
 544.84  3360  5344 17531.5 
 544.89  3365  5420 21650 
 544.94  3370  5496 17529.75 
 544.99  3375  5573 22178.5 
 545.04  3380  5650 20604.25 
 545.09  3385  5726 23248.75 
 545.14  3390  5803 22681.25 
 545.19  3395  5880 22160 
 545.24  3400  5957 26208.5 
 545.29  3405  6035 23020.75 
 545.34  3410  6112 22143.75 
 545.39  3415  6189 20459 
 545.44  3420  6267 24092.5 
 545.49  3425  6345 22320 
 545.54  3430  6422 24167.75 
 545.59  3435  6500 22538.25 
 545.64  3440  6578 16184.75 
 545.69  3445  6657 16848.25 
 545.74  3450  6735 21783.5 
 545.79  3455  6813 21992.5 
 545.84  3460  6892 18450 
 545.89  3465  6971 20779.5 
 545.94  3470  7049 21985.75 
 545.99  3475  7128 17460 
 546.04  3480  7207 20103.5 
 546.09  3485  7286 19804.75 
 546.14  3490  7366 17913 
 546.19  3495  7445 17880.75 
 546.24  3500  7525 21642 
 546.29  3505  7604 22569.25 
 546.34  3510  7684 20079 
 546.39  3515  7764 19095.75 
 546.44  3520  7844 20493.25 
 546.49  3525  7924 15506 
 546.54  3530  8005 19603.25 
 546.59  3535  8085 20699.25 
 546.64  3540  8166 21164.5 
 546.69  3545  8246 21225.5 
 546.74  3550  8327 21048 
 546.79  3555  8408 18554 
 546.84  3560  8489 19254 
 546.89  3565  8570 16263.25 
 546.94  3570  8652 13325.25 
 546.99  3575  8733 16194.5 
 547.04  3580  8815 12259.25 
 547.09  3585  8897 10466.75 
 547.14  3590  8979 14707.75 
 547.19  3595  9061 18132.5 
 547.24  3600  9143 18832.5 
 547.29  3605  9225 14520.5 
 547.34  3610  9308 13203 
 547.39  3615  9390 15020 
 547.44  3620  9473 12541.25 
 547.49  3625  9556 17202.5 
 547.54  3630  9639 14516.5 
end
uaIntegration time is 0.2294 seconds per sampledt  3.4E-08 cy 1dh210619Arenosillo 37.1 6.73 3.62pr1000dark 6.45 
 600.02  2900  736 105.75 
 600.08  2905  803 103 
 600.13  2910  870 106.25 
 600.18  2915  937 106.75 
 600.23  2920  1004 101.75 
 600.28  2925  1071 109.25 
 600.32  2930  1138 115.75 
 600.38  2935  1206 121.25 
 600.43  2940  1273 130.25 
 600.48  2945  1341 129.5 
 600.53  2950  1408 155.5 
 600.57  2955  1476 195.25 
 600.62  2960  1544 253 
 600.67  2965  1611 271.75 
 600.73  2970  1679 326.75 
 600.78  2975  1747 586.75 
 600.83  2980  1815 726.25 
 600.88  2985  1883 721.75 
 600.93  2990  1952 1263.5 
 600.97  2995  2020 1693.75 
 601.03  3000  2088 1725.5 
 601.07  3005  2157 2251.5 
 601.13  3010  2225 3460.25 
 601.18  3015  2294 4508.5 
 601.22  3020  2362 3948.75 
 601.28  3025  2431 6999.75 
 601.33  3030  2500 10735 
 601.38  3035  2569 12717.25 
 601.43  3040  2638 12030.75 
 601.48  3045  2707 15673.75 
 601.53  3050  2776 20680.5 
 601.58  3055  2845 21152 
 601.63  3060  2915 20440.25 
 601.68  3065  2984 23930 
 601.73  3070  3054 31446.5 
 601.78  3075  3123 36086.75 
 601.83  3080  3193 37825.25 
 601.88  3085  3263 41821.5 
 601.93  3090  3333 36153.75 
 601.98  3095  3403 39064.5 
 602.03  3100  3473 38606.25 
 602.08  3105  3543 59808.5 
 602.12  3110  3613 70106.25 
 602.17  3115  3683 66749 
 602.22  3120  3754 61929 
 602.27  3125  3824 70097.25 
 602.33  3130  3895 71860.25 
 602.38  3135  3965 71384.5 
 602.43  3140  4036 80198 
 602.48  3145  4107 66604 
 602.53  3150  4178 82330.5 
 602.58  3155  4249 69225 
 602.63  3160  4320 56860.75 
 602.67  3165  4391 74469.75 
 602.72  3170  4462 87328 
 602.78  3175  4534 86515.75 
 602.83  3180  4605 63026 
 602.88  3185  4677 71515.25 
 602.93  3190  4748 74959.25 
 602.98  3195  4820 63739.75 
 603.03  3200  4892 72008.25 
 603.08  3205  4964 77763.75 
 603.13  3210  5036 60979.75 
 603.17  3215  5108 55634.5 
 603.23  3220  5180 58585 
 603.28  3225  5253 46223 
 603.32  3230  5325 41724.5 
 603.38  3235  5397 43701.75 
 603.43  3240  5470 46151.25 
 603.48  3245  5543 43501.75 
 603.53  3250  5616 36711 
 603.81  3255  3766 26595 
 603.84  3260  3840 30563 
 603.89  3265  3914 29820 
 603.94  3270  3988 29971.75 
 603.99  3275  4063 29033.75 
 604.04  3280  4137 27003.75 
 604.09  3285  4212 26765.5 
 604.14  3290  4287 31254.25 
 604.19  3295  4361 34650.75 
 604.24  3300  4436 35129.25 
 604.29  3305  4511 28819 
 604.34  3310  4586 29562.25 
 604.39  3315  4662 29268 
 604.44  3320  4737 30326.5 
 604.49  3325  4812 29876.75 
 604.54  3330  4888 29705.25 
 604.59  3335  4964 27150.25 
 604.64  3340  5039 28174.75 
 604.69  3345  5115 31108 
 604.74  3350  5191 29154 
 604.79  3355  5267 32596 
 604.84  3360  5344 22184.5 
 604.89  3365  5420 27347.25 
 604.94  3370  5496 22129.5 
 604.99  3375  5573 28039.25 
 605.04  3380  5650 25984.75 
 605.09  3385  5726 29369.5 
 605.14  3390  5803 28535.5 
 605.19  3395  5880 27847.75 
 605.24  3400  5957 32891.75 
 605.29  3405  6035 29094.5 
 605.34  3410  6112 27818 
 605.39  3415  6189 25636 
 605.44  3420  6267 30297.25 
 605.49  3425  6345 27925.5 
 605.54  3430  6422 30316.5 
 605.59  3435  6500 28331.5 
 605.64  3440  6578 20288 
 605.69  3445  6657 21209.75 
 605.74  3450  6735 27383 
 605.79  3455  6813 27448.25 
 605.84  3460  6892 23146.75 
 605.89  3465  6971 26062.5 
 605.94  3470  7049 27680.5 
 605.99  3475  7128 21939.5 
 606.04  3480  7207 25176.5 
 606.09  3485  7286 24840.75 
 606.14  3490  7366 22414 
 606.19  3495  7445 22314.25 
 606.24  3500  7525 27148.25 
 606.29  3505  7604 28248 
 606.34  3510  7684 25099.75 
 606.39  3515  7764 23852 
 606.44  3520  7844 25515.5 
 606.49  3525  7924 19410.5 
 606.54  3530  8005 24433.25 
 606.59  3535  8085 25764.75 
 606.64  3540  8166 26402.5 
 606.69  3545  8246 26529 
 606.74  3550  8327 26144.25 
 606.79  3555  8408 23167.5 
 606.84  3560  8489 24020.75 
 606.89  3565  8570 20224 
 606.94  3570  8652 16570 
 606.99  3575  8733 20161.75 
 607.04  3580  8815 15374.5 
 607.09  3585  8897 13082.75 
 607.14  3590  8979 18407.25 
 607.19  3595  9061 22600.75 
 607.24  3600  9143 23457.5 
 607.29  3605  9225 18172.75 
 607.34  3610  9308 16414.25 
 607.39  3615  9390 18719 
 607.44  3620  9473 15590 
 607.49  3625  9556 21439.25 
 607.54  3630  9639 18079.25 
end
uaIntegration time is 0.2294 seconds per sampledt  3.4E-08 cy 1dh210619Arenosillo 37.1 6.73 3.68pr1000dark 9.850001 
 660.02  2900  736 126.25 
 660.07  2905  803 130.75 
 660.13  2910  870 137 
 660.17  2915  937 139 
 660.23  2920  1004 140.25 
 660.28  2925  1071 140.75 
 660.33  2930  1138 146 
 660.38  2935  1206 154 
 660.42  2940  1273 179.25 
 660.47  2945  1341 198.75 
 660.52  2950  1408 230.75 
 660.57  2955  1476 308.75 
 660.62  2960  1544 452.25 
 660.68  2965  1611 495.25 
 660.73  2970  1679 599.75 
 660.78  2975  1747 1098.25 
 660.83  2980  1815 1319.75 
 660.88  2985  1883 1293 
 660.93  2990  1952 2273.75 
 660.97  2995  2020 2959.75 
 661.02  3000  2088 2907.75 
 661.07  3005  2157 3749.25 
 661.12  3010  2225 5622.25 
 661.18  3015  2294 7202 
 661.23  3020  2362 6127 
 661.28  3025  2431 10673.5 
 661.33  3030  2500 16108.5 
 661.38  3035  2569 18793 
 661.43  3040  2638 17563 
 661.47  3045  2707 22585 
 661.52  3050  2776 29111.25 
 661.58  3055  2845 29391.25 
 661.62  3060  2915 28140 
 661.67  3065  2984 32618.25 
 661.73  3070  3054 42256.25 
 661.78  3075  3123 47977 
 661.83  3080  3193 49809.25 
 661.88  3085  3263 54627 
 661.93  3090  3333 46826 
 661.98  3095  3403 49954.75 
 662.02  3100  3473 48946 
 662.07  3105  3543 75386.5 
 662.12  3110  3613 87725 
 662.17  3115  3683 83205 
 662.23  3120  3754 76604 
 662.28  3125  3824 85962.25 
 662.33  3130  3895 87737.5 
 662.38  3135  3965 87262.5 
 662.43  3140  4036 97003 
 662.48  3145  4107 80168.5 
 662.53  3150  4178 98976.75 
 662.58  3155  4249 83365 
 662.63  3160  4320 68022 
 662.67  3165  4391 88459.75 
 662.72  3170  4462 103814.5 
 662.78  3175  4534 102661.8 
 662.82  3180  4605 74885 
 662.88  3185  4677 84132.25 
 662.93  3190  4748 88084.75 
 662.98  3195  4820 75134.5 
 663.03  3200  4892 84977 
 663.07  3205  4964 91023.25 
 663.12  3210  5036 70918.5 
 663.17  3215  5108 64735.5 
 663.22  3220  5180 68447 
 663.28  3225  5253 53997 
 663.33  3230  5325 48475.75 
 663.38  3235  5397 50777 
 663.43  3240  5470 53541.75 
 663.48  3245  5543 50530.5 
 663.53  3250  5616 42645 
 663.81  3255  3766 30816.25 
 663.85  3260  3840 35561.75 
 663.89  3265  3914 34490.75 
 663.94  3270  3988 34570.25 
 663.99  3275  4063 33462.25 
 664.04  3280  4137 31337.75 
 664.09  3285  4212 30863.75 
 664.14  3290  4287 36090.75 
 664.19  3295  4361 39733.25 
 664.24  3300  4436 40385.75 
 664.29  3305  4511 33165.5 
 664.34  3310  4586 34074.25 
 664.39  3315  4662 33856.5 
 664.44  3320  4737 34782.25 
 664.49  3325  4812 34431 
 664.54  3330  4888 34150.5 
 664.59  3335  4964 31240 
 664.64  3340  5039 32429.5 
 664.69  3345  5115 35876.75 
 664.74  3350  5191 33515.25 
 664.79  3355  5267 37412.5 
 664.84  3360  5344 25359.75 
 664.89  3365  5420 31322.25 
 664.94  3370  5496 25308.75 
 664.99  3375  5573 32312 
 665.04  3380  5650 29796 
 665.09  3385  5726 33578.75 
 665.14  3390  5803 32827.5 
 665.19  3395  5880 31995.25 
 665.24  3400  5957 37875.5 
 665.29  3405  6035 33206 
 665.34  3410  6112 31989.25 
 665.39  3415  6189 29353 
 665.44  3420  6267 34661 
 665.49  3425  6345 32043 
 665.54  3430  6422 34844.5 
 665.59  3435  6500 32429.5 
 665.64  3440  6578 23265.5 
 665.69  3445  6657 24293.25 
 665.74  3450  6735 31427 
 665.79  3455  6813 31599.75 
 665.84  3460  6892 26435.5 
 665.89  3465  6971 29872.75 
 665.94  3470  7049 31580.5 
 665.99  3475  7128 25024 
 666.04  3480  7207 28854.5 
 666.09  3485  7286 28401 
 666.14  3490  7366 25611.25 
 666.19  3495  7445 25520.25 
 666.24  3500  7525 31177.75 
 666.29  3505  7604 32212.5 
 666.34  3510  7684 28715 
 666.39  3515  7764 27242 
 666.44  3520  7844 29247.75 
 666.49  3525  7924 22201.75 
 666.54  3530  8005 28055.25 
 666.59  3535  8085 29537.25 
 666.64  3540  8166 30217.75 
 666.69  3545  8246 30375.75 
 666.74  3550  8327 29988.5 
 666.79  3555  8408 26494.75 
 666.84  3560  8489 27454.25 
 666.89  3565  8570 23181.75 
 666.94  3570  8652 19017.75 
 666.99  3575  8733 23033.25 
 667.04  3580  8815 17473.75 
 667.09  3585  8897 14930.75 
 667.14  3590  8979 20932 
 667.19  3595  9061 25679.75 
 667.24  3600  9143 26715.75 
 667.29  3605  9225 20634.25 
 667.34  3610  9308 18760.5 
 667.39  3615  9390 21335 
 667.44  3620  9473 17798.75 
 667.49  3625  9556 24414.5 
 667.54  3630  9639 20610.75 
end
uaIntegration time is 0.2294 seconds per sampledt  3.4E-08 cy 1dh210619Arenosillo 37.1 6.73 3.68pr1000dark 11 
 720.02  2900  736 144.75 
 720.07  2905  803 150.5 
 720.12  2910  870 156.5 
 720.17  2915  937 158.75 
 720.22  2920  1004 154.25 
 720.27  2925  1071 164 
 720.32  2930  1138 175.25 
 720.37  2935  1206 189.75 
 720.42  2940  1273 212 
 720.47  2945  1341 245 
 720.52  2950  1408 316.5 
 720.58  2955  1476 433 
 720.63  2960  1544 611.75 
 720.67  2965  1611 662.75 
 720.72  2970  1679 796.75 
 720.77  2975  1747 1477 
 720.82  2980  1815 1804.25 
 720.87  2985  1883 1699.5 
 720.92  2990  1952 2977 
 720.98  2995  2020 3847.25 
 721.03  3000  2088 3747.25 
 721.08  3005  2157 4744.5 
 721.12  3010  2225 7053.75 
 721.18  3015  2294 9086.25 
 721.22  3020  2362 7623.75 
 721.27  3025  2431 13123.75 
 721.32  3030  2500 19531.25 
 721.37  3035  2569 22751 
 721.42  3040  2638 21188.25 
 721.47  3045  2707 26808 
 721.52  3050  2776 34111.5 
 721.57  3055  2845 34697.5 
 721.63  3060  2915 32693.25 
 721.68  3065  2984 37953.25 
 721.72  3070  3054 48583 
 721.77  3075  3123 54933.75 
 721.82  3080  3193 57118.5 
 721.87  3085  3263 62457.25 
 721.92  3090  3333 53390 
 721.97  3095  3403 56251.5 
 722.03  3100  3473 54846.75 
 722.08  3105  3543 84105 
 722.13  3110  3613 97981.5 
 722.18  3115  3683 92965 
 722.23  3120  3754 84835.25 
 722.27  3125  3824 94890.25 
 722.32  3130  3895 96589.25 
 722.37  3135  3965 96153.75 
 722.42  3140  4036 106940.5 
 722.47  3145  4107 87676.25 
 722.52  3150  4178 107923.5 
 722.57  3155  4249 91686.5 
 722.62  3160  4320 74188.75 
 722.68  3165  4391 95884.25 
 722.73  3170  4462 112235.3 
 722.78  3175  4534 111995 
 722.83  3180  4605 81294.25 
 722.88  3185  4677 90798 
 722.92  3190  4748 95416.75 
 722.97  3195  4820 81236.25 
 723.02  3200  4892 91665.25 
 723.08  3205  4964 98143 
 723.12  3210  5036 76690.75 
 723.18  3215  5108 69512 
 723.23  3220  5180 74072 
 723.28  3225  5253 58446.5 
 723.32  3230  5325 52355 
 723.37  3235  5397 54554.5 
 723.42  3240  5470 57405.75 
 723.47  3245  5543 54467.75 
 723.52  3250  5616 45945.5 
 723.81  3255  3766 33052.75 
 723.84  3260  3840 38008 
 723.89  3265  3914 36759 
 723.94  3270  3988 36938 
 723.99  3275  4063 35924 
 724.04  3280  4137 33566 
 724.09  3285  4212 33000.25 
 724.14  3290  4287 38265.25 
 724.19  3295  4361 42463.75 
 724.24  3300  4436 43084.5 
 724.29  3305  4511 35546.5 
 724.34  3310  4586 36405 
 724.39  3315  4662 36015.25 
 724.44  3320  4737 37195.25 
 724.49  3325  4812 36554.25 
 724.54  3330  4888 36293 
 724.59  3335  4964 33366.25 
 724.64  3340  5039 34500.5 
 724.69  3345  5115 38105.75 
 724.74  3350  5191 35599.75 
 724.79  3355  5267 39954.5 
 724.84  3360  5344 27017.75 
 724.89  3365  5420 33410.25 
 724.94  3370  5496 27059.25 
 724.99  3375  5573 34174 
 725.04  3380  5650 31730.25 
 725.09  3385  5726 35646.25 
 725.14  3390  5803 34954.5 
 725.19  3395  5880 33848.25 
 725.24  3400  5957 40166.25 
 725.29  3405  6035 35303.5 
 725.34  3410  6112 33953.5 
 725.39  3415  6189 31105 
 725.44  3420  6267 36732.75 
 725.49  3425  6345 33953.5 
 725.54  3430  6422 36763.25 
 725.59  3435  6500 34378.5 
 725.64  3440  6578 24787.5 
 725.69  3445  6657 25552 
 725.74  3450  6735 33151.75 
 725.79  3455  6813 33409.25 
 725.84  3460  6892 28082.75 
 725.89  3465  6971 31526 
 725.94  3470  7049 33413.25 
 725.99  3475  7128 26487 
 726.04  3480  7207 30443.25 
 726.09  3485  7286 29956.25 
 726.14  3490  7366 27046.25 
 726.19  3495  7445 26815.75 
 726.24  3500  7525 32707 
 726.29  3505  7604 34016 
 726.34  3510  7684 30317.5 
 726.39  3515  7764 28772.25 
 726.44  3520  7844 30870.25 
 726.49  3525  7924 23390.25 
 726.54  3530  8005 29516.75 
 726.59  3535  8085 31201.25 
 726.64  3540  8166 31780.25 
 726.69  3545  8246 31993.5 
 726.74  3550  8327 31654.5 
 726.79  3555  8408 28074.25 
 726.84  3560  8489 28984.75 
 726.89  3565  8570 24520.75 
 726.94  3570  8652 19994.25 
 726.99  3575  8733 24307 
 727.04  3580  8815 18537 
 727.09  3585  8897 15757.25 
 727.14  3590  8979 22086.5 
 727.19  3595  9061 27219.5 
 727.24  3600  9143 28267.25 
 727.29  3605  9225 21960 
 727.34  3610  9308 19766.25 
 727.39  3615  9390 22586 
 727.44  3620  9473 18747.25 
 727.49  3625  9556 25697 
 727.54  3630  9639 21900.75 
end
uaIntegration time is 0.2294 seconds per sampledt  3.4E-08 cy 1dh210619Arenosillo 37.1 6.73 3.66pr1000dark 12.8 
 780.02  2900  736 149.75 
 780.08  2905  803 148 
 780.13  2910  870 152.75 
 780.18  2915  937 151.75 
 780.23  2920  1004 156.5 
 780.27  2925  1071 161.25 
 780.32  2930  1138 174 
 780.38  2935  1206 194.5 
 780.43  2940  1273 216.25 
 780.48  2945  1341 256.5 
 780.53  2950  1408 321 
 780.57  2955  1476 445 
 780.62  2960  1544 632.25 
 780.67  2965  1611 685.75 
 780.73  2970  1679 799 
 780.78  2975  1747 1503.5 
 780.83  2980  1815 1806.5 
 780.88  2985  1883 1742 
 780.93  2990  1952 3068 
 780.97  2995  2020 3902.5 
 781.03  3000  2088 3793 
 781.07  3005  2157 4825 
 781.13  3010  2225 7128 
 781.17  3015  2294 9121.25 
 781.22  3020  2362 7710.5 
 781.28  3025  2431 13225.75 
 781.33  3030  2500 19724.5 
 781.37  3035  2569 22789.75 
 781.43  3040  2638 21274.25 
 781.48  3045  2707 26928 
 781.53  3050  2776 34366.25 
 781.58  3055  2845 34552 
 781.63  3060  2915 32988.75 
 781.68  3065  2984 37980.25 
 781.73  3070  3054 48889.5 
 781.78  3075  3123 55005.75 
 781.83  3080  3193 57065.5 
 781.88  3085  3263 62193.25 
 781.93  3090  3333 53324.25 
 781.98  3095  3403 56230.75 
 782.03  3100  3473 54772.5 
 782.08  3105  3543 84148.75 
 782.12  3110  3613 97732.75 
 782.17  3115  3683 92641 
 782.22  3120  3754 84709.25 
 782.27  3125  3824 94614 
 782.33  3130  3895 96487.75 
 782.38  3135  3965 95932.25 
 782.43  3140  4036 106263.8 
 782.48  3145  4107 87531.75 
 782.53  3150  4178 107362.3 
 782.58  3155  4249 90880.75 
 782.63  3160  4320 73950.25 
 782.68  3165  4391 95711.5 
 782.73  3170  4462 112299 
 782.78  3175  4534 111306.5 
 782.83  3180  4605 80746.25 
 782.88  3185  4677 90630.75 
 782.92  3190  4748 94554 
 782.98  3195  4820 81044 
 783.03  3200  4892 91320.25 
 783.08  3205  4964 97513.5 
 783.13  3210  5036 76032.75 
 783.18  3215  5108 69244 
 783.22  3220  5180 73287.75 
 783.28  3225  5253 58043.5 
 783.32  3230  5325 52072.75 
 783.38  3235  5397 54150.75 
 783.43  3240  5470 57038.5 
 783.48  3245  5543 54016.75 
 783.53  3250  5616 45589.75 
 783.81  3255  3766 33028 
 783.84  3260  3840 37792.25 
 783.89  3265  3914 36747.75 
 783.94  3270  3988 36885 
 783.99  3275  4063 35700.25 
 784.04  3280  4137 33449.5 
 784.09  3285  4212 32857.25 
 784.14  3290  4287 38371 
 784.19  3295  4361 42229.25 
 784.24  3300  4436 42859.5 
 784.29  3305  4511 35332 
 784.34  3310  4586 36204.25 
 784.39  3315  4662 35850 
 784.44  3320  4737 36951.75 
 784.49  3325  4812 36459.5 
 784.54  3330  4888 36228 
 784.59  3335  4964 33140 
 784.64  3340  5039 34447 
 784.69  3345  5115 37987.25 
 784.74  3350  5191 35453 
 784.79  3355  5267 39531.25 
 784.84  3360  5344 26804 
 784.89  3365  5420 33246.25 
 784.94  3370  5496 26901 
 784.99  3375  5573 34101 
 785.04  3380  5650 31429 
 785.09  3385  5726 35444.25 
 785.14  3390  5803 34695 
 785.19  3395  5880 33766.75 
 785.24  3400  5957 39949 
 785.29  3405  6035 35085.25 
 785.34  3410  6112 33704.75 
 785.39  3415  6189 31029 
 785.44  3420  6267 36557.75 
 785.49  3425  6345 33759.25 
 785.54  3430  6422 36689.25 
 785.59  3435  6500 34225.75 
 785.64  3440  6578 24582.5 
 785.69  3445  6657 25589.75 
 785.74  3450  6735 32880.25 
 785.79  3455  6813 33216.75 
 785.84  3460  6892 27921.5 
 785.89  3465  6971 31384.75 
 785.94  3470  7049 33325 
 785.99  3475  7128 26481 
 786.04  3480  7207 30254 
 786.09  3485  7286 29906.25 
 786.14  3490  7366 27007.25 
 786.19  3495  7445 26884 
 786.24  3500  7525 32646 
 786.29  3505  7604 33910.75 
 786.34  3510  7684 30094.25 
 786.39  3515  7764 28645.5 
 786.44  3520  7844 30621 
 786.49  3525  7924 23243.75 
 786.54  3530  8005 29380.5 
 786.59  3535  8085 30971.5 
 786.64  3540  8166 31674 
 786.69  3545  8246 31826.75 
 786.74  3550  8327 31329.75 
 786.79  3555  8408 27700.25 
 786.84  3560  8489 28674.75 
 786.89  3565  8570 24195 
 786.94  3570  8652 19886.5 
 786.99  3575  8733 24163.25 
 787.04  3580  8815 18262.25 
 787.09  3585  8897 15628.25 
 787.14  3590  8979 21916 
 787.19  3595  9061 27068.75 
 787.24  3600  9143 27960.25 
 787.29  3605  9225 21618.5 
 787.34  3610  9308 19620 
 787.39  3615  9390 22269.5 
 787.44  3620  9473 18627.5 
 787.49  3625  9556 25619 
 787.54  3630  9639 21654.75 
end
uaIntegration time is 0.2294 seconds per sampledt  3.4E-08 cy 1dh210619Arenosillo 37.1 6.73 3.64pr1000dark 9.899999 
 840.02  2900  736 136.25 
 840.07  2905  803 127 
 840.12  2910  870 128.5 
 840.17  2915  937 134 
 840.22  2920  1004 133.75 
 840.28  2925  1071 146.25 
 840.32  2930  1138 146.25 
 840.38  2935  1206 171.25 
 840.42  2940  1273 177.5 
 840.48  2945  1341 202.25 
 840.53  2950  1408 240.5 
 840.57  2955  1476 328.5 
 840.62  2960  1544 460.25 
 840.67  2965  1611 491.5 
 840.72  2970  1679 592 
 840.78  2975  1747 1092.25 
 840.83  2980  1815 1328 
 840.88  2985  1883 1277 
 840.93  2990  1952 2263.75 
 840.97  2995  2020 2959.25 
 841.02  3000  2088 2896.5 
 841.07  3005  2157 3727 
 841.12  3010  2225 5519.75 
 841.18  3015  2294 7216.25 
 841.23  3020  2362 6145 
 841.27  3025  2431 10608.5 
 841.33  3030  2500 15905.75 
 841.38  3035  2569 18651.75 
 841.43  3040  2638 17441.5 
 841.48  3045  2707 22311 
 841.53  3050  2776 28684 
 841.58  3055  2845 29286 
 841.63  3060  2915 27697.5 
 841.68  3065  2984 32248.25 
 841.73  3070  3054 41697.5 
 841.77  3075  3123 47274 
 841.82  3080  3193 49350.75 
 841.87  3085  3263 54146 
 841.92  3090  3333 46422.75 
 841.98  3095  3403 49300.25 
 842.03  3100  3473 48249 
 842.08  3105  3543 74071.5 
 842.12  3110  3613 86615.5 
 842.17  3115  3683 82392.75 
 842.23  3120  3754 75366 
 842.27  3125  3824 84612.25 
 842.32  3130  3895 86422.25 
 842.38  3135  3965 85863 
 842.43  3140  4036 95806.5 
 842.48  3145  4107 78798 
 842.53  3150  4178 97100.25 
 842.58  3155  4249 82443.75 
 842.63  3160  4320 66770.75 
 842.68  3165  4391 86830.5 
 842.73  3170  4462 101650.8 
 842.78  3175  4534 101263.3 
 842.82  3180  4605 73615.75 
 842.88  3185  4677 82488 
 842.93  3190  4748 86482 
 842.97  3195  4820 73623.25 
 843.03  3200  4892 83183 
 843.08  3205  4964 89355.75 
 843.13  3210  5036 69946.5 
 843.17  3215  5108 63333.5 
 843.22  3220  5180 67255.25 
 843.27  3225  5253 53140 
 843.32  3230  5325 47547.75 
 843.37  3235  5397 49767.25 
 843.43  3240  5470 52412.75 
 843.48  3245  5543 49628.75 
 843.53  3250  5616 41909.25 
 843.81  3255  3766 30081.25 
 843.84  3260  3840 34681.25 
 843.89  3265  3914 33777 
 843.94  3270  3988 33899.25 
 843.99  3275  4063 32788.5 
 844.04  3280  4137 30641 
 844.09  3285  4212 30234.5 
 844.14  3290  4287 35181 
 844.19  3295  4361 38931.5 
 844.24  3300  4436 39536.75 
 844.29  3305  4511 32658.75 
 844.34  3310  4586 33279 
 844.39  3315  4662 33007 
 844.44  3320  4737 34150.5 
 844.49  3325  4812 33587.75 
 844.54  3330  4888 33346.5 
 844.59  3335  4964 30574.25 
 844.64  3340  5039 31724.25 
 844.69  3345  5115 34946 
 844.74  3350  5191 32625.75 
 844.79  3355  5267 36550.5 
 844.84  3360  5344 24751.75 
 844.89  3365  5420 30671 
 844.94  3370  5496 24755.75 
 844.99  3375  5573 31368 
 845.04  3380  5650 29107.5 
 845.09  3385  5726 32632 
 845.14  3390  5803 31963 
 845.19  3395  5880 31043.25 
 845.24  3400  5957 36806.5 
 845.29  3405  6035 32436.75 
 845.34  3410  6112 31112.75 
 845.39  3415  6189 28551.5 
 845.44  3420  6267 33758.25 
 845.49  3425  6345 31091 
 845.54  3430  6422 33792.75 
 845.59  3435  6500 31599 
 845.64  3440  6578 22800.25 
 845.69  3445  6657 23526.25 
 845.74  3450  6735 30469.5 
 845.79  3455  6813 30711.75 
 845.84  3460  6892 25742.25 
 845.89  3465  6971 29065 
 845.94  3470  7049 30635.75 
 845.99  3475  7128 24258.5 
 846.04  3480  7207 27910.75 
 846.09  3485  7286 27468.25 
 846.14  3490  7366 24913.5 
 846.19  3495  7445 24739.5 
 846.24  3500  7525 30068.75 
 846.29  3505  7604 31297.5 
 846.34  3510  7684 27841.25 
 846.39  3515  7764 26270 
 846.44  3520  7844 28441.75 
 846.49  3525  7924 21491.75 
 846.54  3530  8005 27098.25 
 846.59  3535  8085 28604.25 
 846.64  3540  8166 29123.5 
 846.69  3545  8246 29380 
 846.74  3550  8327 28920.5 
 846.79  3555  8408 25597.25 
 846.84  3560  8489 26468 
 846.89  3565  8570 22403.25 
 846.94  3570  8652 18275.5 
 846.99  3575  8733 22234.25 
 847.04  3580  8815 16899 
 847.09  3585  8897 14427.25 
 847.14  3590  8979 20109 
 847.19  3595  9061 24882.5 
 847.24  3600  9143 25829.5 
 847.29  3605  9225 20020.75 
 847.34  3610  9308 18092.5 
 847.39  3615  9390 20644.75 
 847.44  3620  9473 17111.75 
 847.49  3625  9556 23534.75 
 847.54  3630  9639 20064.75 
end
uaIntegration time is 0.2294 seconds per sampledt  3.4E-08 cy 1dh210619Arenosillo 37.1 6.73 3.6pr1000dark 9.05 
 900.02  2900  736 106 
 900.07  2905  803 104.25 
 900.12  2910  870 104.25 
 900.17  2915  937 105.75 
 900.22  2920  1004 109.5 
 900.27  2925  1071 116.25 
 900.32  2930  1138 118 
 900.37  2935  1206 118.5 
 900.43  2940  1273 130.25 
 900.48  2945  1341 142 
 900.52  2950  1408 155 
 900.57  2955  1476 201.25 
 900.62  2960  1544 263.5 
 900.67  2965  1611 295.25 
 900.72  2970  1679 343.5 
 900.77  2975  1747 601.75 
 900.82  2980  1815 747.5 
 900.87  2985  1883 745 
 900.92  2990  1952 1313.5 
 900.98  2995  2020 1741.25 
 901.03  3000  2088 1755.75 
 901.07  3005  2157 2308.25 
 901.12  3010  2225 3468.75 
 901.18  3015  2294 4605.75 
 901.22  3020  2362 3967.25 
 901.27  3025  2431 6979 
 901.32  3030  2500 10758.25 
 901.37  3035  2569 12676 
 901.42  3040  2638 12061.75 
 901.48  3045  2707 15554.75 
 901.52  3050  2776 20431.75 
 901.57  3055  2845 21074.75 
 901.63  3060  2915 20124 
 901.68  3065  2984 23575.5 
 901.72  3070  3054 31010 
 901.77  3075  3123 35768.5 
 901.82  3080  3193 37214.25 
 901.87  3085  3263 41091.25 
 901.92  3090  3333 35564 
 901.97  3095  3403 38194.75 
 902.03  3100  3473 37716.25 
 902.08  3105  3543 58458.25 
 902.12  3110  3613 68629.25 
 902.17  3115  3683 65323.25 
 902.23  3120  3754 60573 
 902.27  3125  3824 68473.25 
 902.32  3130  3895 70057 
 902.37  3135  3965 69427 
 902.43  3140  4036 78132.25 
 902.47  3145  4107 64900 
 902.52  3150  4178 80214 
 902.57  3155  4249 67730 
 902.62  3160  4320 55174 
 902.68  3165  4391 72091.5 
 902.73  3170  4462 84789.25 
 902.77  3175  4534 84300.25 
 902.82  3180  4605 61323.5 
 902.88  3185  4677 69141.25 
 902.92  3190  4748 73091.5 
 902.97  3195  4820 61617.25 
 903.02  3200  4892 69724.5 
 903.08  3205  4964 75245.25 
 903.13  3210  5036 59269.75 
 903.18  3215  5108 53703 
 903.23  3220  5180 56710.25 
 903.28  3225  5253 44788.75 
 903.32  3230  5325 40258.75 
 903.37  3235  5397 42285.25 
 903.42  3240  5470 44623 
 903.48  3245  5543 42093.75 
 903.52  3250  5616 35387 
 903.81  3255  3766 25529.75 
 903.84  3260  3840 29506 
 903.89  3265  3914 28830.25 
 903.94  3270  3988 28929.25 
 903.99  3275  4063 27944.5 
 904.04  3280  4137 26046.75 
 904.09  3285  4212 25796.25 
 904.14  3290  4287 30180 
 904.19  3295  4361 33338.5 
 904.24  3300  4436 33765.75 
 904.29  3305  4511 27755 
 904.34  3310  4586 28449.25 
 904.39  3315  4662 28176.75 
 904.44  3320  4737 29208.75 
 904.49  3325  4812 28759.5 
 904.54  3330  4888 28586.5 
 904.59  3335  4964 26205.5 
 904.64  3340  5039 27170 
 904.69  3345  5115 29904.75 
 904.74  3350  5191 28008 
 904.79  3355  5267 31396.75 
 904.84  3360  5344 21314.75 
 904.89  3365  5420 26286 
 904.94  3370  5496 21255.5 
 904.99  3375  5573 26939 
 905.04  3380  5650 24987.5 
 905.09  3385  5726 27983.25 
 905.14  3390  5803 27458.75 
 905.19  3395  5880 26585.25 
 905.24  3400  5957 31363.5 
 905.29  3405  6035 27658 
 905.34  3410  6112 26597.5 
 905.39  3415  6189 24407.25 
 905.44  3420  6267 28840 
 905.49  3425  6345 26622.25 
 905.54  3430  6422 28737.75 
 905.59  3435  6500 26878.25 
 905.64  3440  6578 19376.75 
 905.69  3445  6657 19982 
 905.74  3450  6735 25818.5 
 905.79  3455  6813 26137.75 
 905.84  3460  6892 22028 
 905.89  3465  6971 24770.75 
 905.94  3470  7049 26295.75 
 905.99  3475  7128 20874 
 906.04  3480  7207 23893.5 
 906.09  3485  7286 23550.25 
 906.14  3490  7366 21332.5 
 906.19  3495  7445 21251.5 
 906.24  3500  7525 25728.75 
 906.29  3505  7604 26764.75 
 906.34  3510  7684 23861 
 906.39  3515  7764 22524.75 
 906.44  3520  7844 24197.5 
 906.49  3525  7924 18404.25 
 906.54  3530  8005 23220 
 906.59  3535  8085 24494.25 
 906.64  3540  8166 25067.25 
 906.69  3545  8246 25229.25 
 906.74  3550  8327 24856 
 906.79  3555  8408 22044.5 
 906.84  3560  8489 22816.25 
 906.89  3565  8570 19308.5 
 906.94  3570  8652 15805.25 
 906.99  3575  8733 19160 
 907.04  3580  8815 14667 
 907.09  3585  8897 12517.5 
 907.14  3590  8979 17308.25 
 907.19  3595  9061 21164.5 
 907.24  3600  9143 21912.25 
 907.29  3605  9225 16961.5 
 907.34  3610  9308 15267.75 
 907.39  3615  9390 17371.75 
 907.44  3620  9473 14287.25 
 907.49  3625  9556 19571.5 
 907.54  3630  9639 16513.5 
end
uaIntegration time is 0.2294 seconds per sampledt  3.4E-08 cy 1dh210619Arenosillo 37.1 6.73 3.56pr1000dark 7.9 
 960.02  2900  736 74.75 
 960.08  2905  803 76.25 
 960.12  2910  870 76.5 
 960.17  2915  937 72.5 
 960.23  2920  1004 75.5 
 960.27  2925  1071 74 
 960.32  2930  1138 84.75 
 960.38  2935  1206 77 
 960.43  2940  1273 79.25 
 960.48  2945  1341 84.5 
 960.53  2950  1408 91.5 
 960.57  2955  1476 101.75 
 960.62  2960  1544 110.75 
 960.67  2965  1611 134.25 
 960.73  2970  1679 139.75 
 960.78  2975  1747 220.25 
 960.82  2980  1815 272 
 960.88  2985  1883 286 
 960.93  2990  1952 465.25 
 960.98  2995  2020 639.25 
 961.03  3000  2088 673.75 
 961.07  3005  2157 915.75 
 961.12  3010  2225 1428.75 
 961.17  3015  2294 1952.75 
 961.22  3020  2362 1761.25 
 961.28  3025  2431 3127.75 
 961.33  3030  2500 4982 
 961.37  3035  2569 6062.25 
 961.43  3040  2638 5878.25 
 961.48  3045  2707 7834.5 
 961.53  3050  2776 10732.5 
 961.58  3055  2845 11314.5 
 961.63  3060  2915 10962.75 
 961.68  3065  2984 13089.25 
 961.73  3070  3054 17737.75 
 961.78  3075  3123 20978 
 961.82  3080  3193 22127.5 
 961.87  3085  3263 24638.5 
 961.93  3090  3333 21611.25 
 961.98  3095  3403 23880 
 962.03  3100  3473 23898.75 
 962.08  3105  3543 37306.25 
 962.13  3110  3613 44317.75 
 962.17  3115  3683 42578.5 
 962.23  3120  3754 40146.5 
 962.27  3125  3824 45923.25 
 962.33  3130  3895 47495 
 962.38  3135  3965 47141.25 
 962.43  3140  4036 53429.75 
 962.48  3145  4107 45074.5 
 962.52  3150  4178 56114.75 
 962.58  3155  4249 47144.5 
 962.63  3160  4320 38884.5 
 962.68  3165  4391 51398.5 
 962.73  3170  4462 60492.5 
 962.78  3175  4534 60140.75 
 962.82  3180  4605 44067 
 962.87  3185  4677 50217.75 
 962.92  3190  4748 53655.5 
 962.98  3195  4820 44875 
 963.03  3200  4892 50559.5 
 963.08  3205  4964 55375.25 
 963.13  3210  5036 43861 
 963.18  3215  5108 39801.5 
 963.23  3220  5180 41655.25 
 963.28  3225  5253 32912 
 963.32  3230  5325 29691.5 
 963.38  3235  5397 31691.5 
 963.43  3240  5470 33494.25 
 963.48  3245  5543 31468.5 
 963.53  3250  5616 26279.75 
 963.81  3255  3766 18881.5 
 963.84  3260  3840 22056.5 
 963.89  3265  3914 21539.25 
 963.94  3270  3988 21565.5 
 963.99  3275  4063 20776.5 
 964.04  3280  4137 19231.75 
 964.09  3285  4212 19170.75 
 964.14  3290  4287 22538.5 
 964.19  3295  4361 25098.75 
 964.24  3300  4436 25507.5 
 964.29  3305  4511 20942.75 
 964.34  3310  4586 21255.75 
 964.39  3315  4662 21051.25 
 964.44  3320  4737 21912.25 
 964.49  3325  4812 21693.5 
 964.54  3330  4888 21519.5 
 964.59  3335  4964 19590 
 964.64  3340  5039 20401.25 
 964.69  3345  5115 22726.5 
 964.74  3350  5191 21318 
 964.79  3355  5267 23854.25 
 964.84  3360  5344 16271.5 
 964.89  3365  5420 20053 
 964.94  3370  5496 16198.25 
 964.99  3375  5573 20409.5 
 965.04  3380  5650 19012.5 
 965.09  3385  5726 21391 
 965.14  3390  5803 20905 
 965.19  3395  5880 20345.75 
 965.24  3400  5957 24067.75 
 965.29  3405  6035 21247.5 
 965.34  3410  6112 20442.25 
 965.39  3415  6189 18772 
 965.44  3420  6267 22193.25 
 965.49  3425  6345 20456.25 
 965.54  3430  6422 22180.5 
 965.59  3435  6500 20682.5 
 965.64  3440  6578 14932.25 
 965.69  3445  6657 15433.5 
 965.74  3450  6735 19970.75 
 965.79  3455  6813 20120 
 965.84  3460  6892 16897 
 965.89  3465  6971 19002.75 
 965.94  3470  7049 20162.5 
 965.99  3475  7128 16036.5 
 966.04  3480  7207 18315.5 
 966.09  3485  7286 18165.75 
 966.14  3490  7366 16395.25 
 966.19  3495  7445 16224.25 
 966.24  3500  7525 19842.75 
 966.29  3505  7604 20584.5 
 966.34  3510  7684 18344.75 
 966.39  3515  7764 17313 
 966.44  3520  7844 18604.25 
 966.49  3525  7924 14125 
 966.54  3530  8005 17888.25 
 966.59  3535  8085 18773.75 
 966.64  3540  8166 19261.25 
 966.69  3545  8246 19384.25 
 966.74  3550  8327 19075.25 
 966.79  3555  8408 16964.5 
 966.84  3560  8489 17523.25 
 966.89  3565  8570 14855.5 
 966.94  3570  8652 12104.5 
 966.99  3575  8733 14704.25 
 967.04  3580  8815 11235.75 
 967.09  3585  8897 9549.5 
 967.14  3590  8979 13231.5 
 967.19  3595  9061 16423.25 
 967.24  3600  9143 17102.25 
 967.29  3605  9225 13160.25 
 967.34  3610  9308 11933.25 
 967.39  3615  9390 13629.25 
 967.44  3620  9473 11317.75 
 967.49  3625  9556 15474 
 967.54  3630  9639 13183.75 
end
uaIntegration time is 0.2294 seconds per sampledt  3.4E-08 cy 1dh210619Arenosillo 37.1 6.73 3.58pr1000dark 7.6 
 1020.02  2900  736 45 
 1020.07  2905  803 46.25 
 1020.13  2910  870 45.25 
 1020.18  2915  937 47 
 1020.23  2920  1004 46.25 
 1020.28  2925  1071 47.5 
 1020.33  2930  1138 45.75 
 1020.38  2935  1206 45.75 
 1020.42  2940  1273 48 
 1020.47  2945  1341 46.25 
 1020.52  2950  1408 47.75 
 1020.57  2955  1476 51.25 
 1020.62  2960  1544 52 
 1020.67  2965  1611 49.5 
 1020.72  2970  1679 54.5 
 1020.78  2975  1747 74 
 1020.83  2980  1815 72.5 
 1020.88  2985  1883 81.25 
 1020.93  2990  1952 102 
 1020.97  2995  2020 137.25 
 1021.02  3000  2088 156 
 1021.07  3005  2157 212 
 1021.12  3010  2225 324 
 1021.18  3015  2294 457.5 
 1021.23  3020  2362 438 
 1021.28  3025  2431 809 
 1021.33  3030  2500 1343.5 
 1021.37  3035  2569 1709.75 
 1021.43  3040  2638 1723 
 1021.48  3045  2707 2406.5 
 1021.53  3050  2776 3502.75 
 1021.58  3055  2845 3847 
 1021.62  3060  2915 3818.75 
 1021.67  3065  2984 4715.75 
 1021.72  3070  3054 6779.5 
 1021.77  3075  3123 8401 
 1021.83  3080  3193 8927.75 
 1021.88  3085  3263 10277.75 
 1021.93  3090  3333 9228.25 
 1021.98  3095  3403 10785.25 
 1022.02  3100  3473 11052 
 1022.07  3105  3543 17474.25 
 1022.12  3110  3613 21170.5 
 1022.17  3115  3683 20639 
 1022.23  3120  3754 20127.5 
 1022.28  3125  3824 23677.25 
 1022.33  3130  3895 24791.5 
 1022.38  3135  3965 24456.5 
 1022.43  3140  4036 28450 
 1022.47  3145  4107 24804.5 
 1022.53  3150  4178 31141.75 
 1022.58  3155  4249 25892 
 1022.63  3160  4320 21878.25 
 1022.67  3165  4391 29648.5 
 1022.72  3170  4462 34969.25 
 1022.78  3175  4534 34504.5 
 1022.82  3180  4605 25703 
 1022.88  3185  4677 30135 
 1022.93  3190  4748 32460.5 
 1022.98  3195  4820 26678.5 
 1023.03  3200  4892 30070.75 
 1023.08  3205  4964 33770.25 
 1023.13  3210  5036 27289.25 
 1023.17  3215  5108 24780 
 1023.22  3220  5180 25500.75 
 1023.28  3225  5253 19981.25 
 1023.33  3230  5325 18463 
 1023.37  3235  5397 20020.25 
 1023.43  3240  5470 21237.75 
 1023.48  3245  5543 19809.25 
 1023.53  3250  5616 16386.25 
 1023.81  3255  3766 11907.5 
 1023.84  3260  3840 14084 
 1023.89  3265  3914 13928.25 
 1023.94  3270  3988 13974.25 
 1023.99  3275  4063 13344 
 1024.04  3280  4137 12262.5 
 1024.09  3285  4212 12415 
 1024.14  3290  4287 14830.25 
 1024.19  3295  4361 16382.5 
 1024.24  3300  4436 16623.75 
 1024.29  3305  4511 13554.25 
 1024.34  3310  4586 13744.25 
 1024.39  3315  4662 13733.5 
 1024.44  3320  4737 14409.75 
 1024.49  3325  4812 14313 
 1024.54  3330  4888 14164.25 
 1024.59  3335  4964 12920.5 
 1024.64  3340  5039 13303.25 
 1024.69  3345  5115 14858.25 
 1024.74  3350  5191 13963.75 
 1024.79  3355  5267 15648.25 
 1024.84  3360  5344 10697.25 
 1024.89  3365  5420 13075.25 
 1024.94  3370  5496 10562.75 
 1024.99  3375  5573 13327 
 1025.04  3380  5650 12474.5 
 1025.09  3385  5726 14112.25 
 1025.14  3390  5803 13802.25 
 1025.19  3395  5880 13382.75 
 1025.24  3400  5957 15800.5 
 1025.29  3405  6035 13957 
 1025.34  3410  6112 13435.75 
 1025.39  3415  6189 12344.75 
 1025.44  3420  6267 14630.25 
 1025.49  3425  6345 13494.5 
 1025.54  3430  6422 14556 
 1025.59  3435  6500 13588.75 
 1025.64  3440  6578 9818.75 
 1025.69  3445  6657 10178.75 
 1025.74  3450  6735 13111 
 1025.79  3455  6813 13245 
 1025.84  3460  6892 11161.25 
 1025.89  3465  6971 12576.25 
 1025.94  3470  7049 13272.75 
 1025.99  3475  7128 10605 
 1026.04  3480  7207 12127 
 1026.09  3485  7286 11870.5 
 1026.14  3490  7366 10791 
 1026.19  3495  7445 10772 
 1026.24  3500  7525 13048 
 1026.29  3505  7604 13585.75 
 1026.34  3510  7684 12152.75 
 1026.39  3515  7764 11420.75 
 1026.44  3520  7844 12318.75 
 1026.49  3525  7924 9432 
 1026.54  3530  8005 11799.75 
 1026.59  3535  8085 12411.75 
 1026.64  3540  8166 12722 
 1026.69  3545  8246 12749.25 
 1026.74  3550  8327 12584 
 1026.79  3555  8408 11166.5 
 1026.84  3560  8489 11478.75 
 1026.89  3565  8570 9779.75 
 1026.94  3570  8652 7970.75 
 1026.99  3575  8733 9637.75 
 1027.04  3580  8815 7393 
 1027.09  3585  8897 6309 
 1027.14  3590  8979 8751.5 
 1027.19  3595  9061 10745.5 
 1027.24  3600  9143 11210 
 1027.29  3605  9225 8674.25 
 1027.34  3610  9308 7864.5 
 1027.39  3615  9390 8904.75 
 1027.44  3620  9473 7456.5 
 1027.49  3625  9556 10240.75 
 1027.54  3630  9639 8682 
end
uxIntegration time is 0.2294 seconds per sampledt  3.4E-08 cy 1dh210619Arenosillo 37.1 6.73 3.41pr1000dark 6 
 1164.79  2900  736 6.5 
 1164.83  2905  803 7.75 
 1164.86  2910  870 7.5 
 1164.9  2915  937 7.75 
 1164.94  2920  1004 7 
 1164.97  2925  1071 7.25 
 1165.01  2930  1138 6.75 
 1165.05  2935  1206 8.25 
 1165.09  2940  1273 6.5 
 1165.12  2945  1341 7.25 
 1165.16  2950  1408 6.5 
 1165.2  2955  1476 7.5 
 1165.23  2960  1544 7.75 
 1165.27  2965  1611 7 
 1165.31  2970  1679 6.5 
 1165.35  2975  1747 7.75 
 1165.38  2980  1815 7 
 1165.42  2985  1883 6.25 
 1165.46  2990  1952 8.75 
 1165.49  2995  2020 7.5 
 1165.52  3000  2088 8.5 
 1165.55  3005  2157 8.5 
 1165.58  3010  2225 11 
 1165.61  3015  2294 12.5 
 1165.64  3020  2362 10.5 
 1165.66  3025  2431 12 
 1165.69  3030  2500 17 
 1165.72  3035  2569 18 
 1165.75  3040  2638 19 
 1165.78  3045  2707 23 
 1165.81  3050  2776 36.5 
 1165.84  3055  2845 39.5 
 1165.86  3060  2915 29.5 
 1165.89  3065  2984 36 
 1165.92  3070  3054 46 
 1165.95  3075  3123 65.5 
 1165.98  3080  3193 58 
 1166.01  3085  3263 71.5 
 1166.03  3090  3333 70 
 1166.06  3095  3403 75.5 
 1166.09  3100  3473 92.5 
 1166.12  3105  3543 131.5 
 1166.15  3110  3613 163.5 
 1166.18  3115  3683 164 
 1166.2  3120  3754 167.5 
 1166.23  3125  3824 202.5 
 1166.26  3130  3895 218.5 
 1166.29  3135  3965 232.5 
 1166.32  3140  4036 287 
 1166.35  3145  4107 295 
 1166.38  3150  4178 378 
 1166.4  3155  4249 293 
 1166.43  3160  4320 301.5 
 1166.46  3165  4391 472 
 1166.49  3170  4462 548.5 
 1166.52  3175  4534 529.5 
 1166.55  3180  4605 444.5 
 1166.58  3185  4677 683 
 1166.6  3190  4748 787.5 
 1166.63  3195  4820 578.5 
 1166.66  3200  4892 623 
 1166.69  3205  4964 891 
 1166.72  3210  5036 888 
 1166.75  3215  5108 825.5 
 1166.78  3220  5180 704.5 
 1166.8  3225  5253 545.5 
 1166.83  3230  5325 595.5 
 1166.86  3235  5397 854 
 1166.89  3240  5470 956 
 1166.92  3245  5543 787.5 
 1166.95  3250  5616 572 
 1167.21  3255  3766 466 
 1167.23  3260  3840 660 
 1167.26  3265  3914 734.5 
 1167.29  3270  3988 711.5 
 1167.32  3275  4063 613.5 
 1167.35  3280  4137 515.5 
 1167.38  3285  4212 618.5 
 1167.4  3290  4287 851 
 1167.43  3295  4361 973.5 
 1167.46  3300  4436 946 
 1167.49  3305  4511 716 
 1167.52  3310  4586 683.5 
 1167.55  3315  4662 753 
 1167.58  3320  4737 880 
 1167.61  3325  4812 927.5 
 1167.64  3330  4888 899 
 1167.66  3335  4964 746 
 1167.69  3340  5039 774 
 1167.72  3345  5115 928.5 
 1167.75  3350  5191 926 
 1167.78  3355  5267 1050 
 1167.81  3360  5344 725 
 1167.84  3365  5420 816.5 
 1167.87  3370  5496 649.5 
 1167.89  3375  5573 809 
 1167.92  3380  5650 803 
 1167.95  3385  5726 930 
 1167.98  3390  5803 925.5 
 1168.01  3395  5880 903.5 
 1168.04  3400  5957 1012 
 1168.07  3405  6035 927 
 1168.1  3410  6112 903 
 1168.13  3415  6189 834 
 1168.15  3420  6267 1001.5 
 1168.18  3425  6345 900.5 
 1168.21  3430  6422 992 
 1168.24  3435  6500 924.5 
 1168.27  3440  6578 662 
 1168.3  3445  6657 675.5 
 1168.33  3450  6735 887.5 
 1168.36  3455  6813 892.5 
 1168.39  3460  6892 781.5 
 1168.41  3465  6971 867.5 
 1168.44  3470  7049 907.5 
 1168.47  3475  7128 715 
 1168.5  3480  7207 803 
 1168.53  3485  7286 811 
 1168.56  3490  7366 765.5 
 1168.59  3495  7445 737.5 
 1168.62  3500  7525 883.5 
 1168.65  3505  7604 908.5 
 1168.68  3510  7684 827 
 1168.71  3515  7764 771.5 
 1168.74  3520  7844 824 
 1168.77  3525  7924 621 
 1168.8  3530  8005 799 
 1168.83  3535  8085 839.5 
 1168.86  3540  8166 868.5 
 1168.89  3545  8246 883 
 1168.92  3550  8327 829.5 
 1168.95  3555  8408 751.5 
 1168.98  3560  8489 778.5 
 1169.01  3565  8570 652.5 
 1169.04  3570  8652 546 
 1169.07  3575  8733 633 
 1169.1  3580  8815 500 
 1169.14  3585  8897 439 
 1169.17  3590  8979 584 
 1169.2  3595  9061 705 
 1169.23  3600  9143 729.5 
 1169.26  3605  9225 601.5 
 1169.29  3610  9308 514 
 1169.32  3615  9390 578 
 1169.35  3620  9473 496 
 1169.38  3625  9556 656.5 
 1169.41  3630  9639 584.5 
end
