uxIntegration time is 0.2294 seconds per sampledt  3.1E-08 cy 1dh230619El Arenosillo 37.1 6.73 2.750537pr1000dark .4 
 303.41  2865  124 .5 
 303.44  2870  189 .75 
 303.47  2875  254 1.25 
 303.5  2880  319 1.25 
 303.53  2885  384 .75 
 303.56  2890  449 0 
 303.6  2895  514 1 
 303.63  2900  579 1.5 
 303.66  2905  645 1 
 303.69  2910  710 1.5 
 303.72  2915  776 1 
 303.75  2920  841 .5 
 303.79  2925  907 .5 
 303.82  2930  973 .5 
 303.85  2935  1039 1.5 
 303.88  2940  1105 .5 
 303.91  2945  1171 2.5 
 303.95  2950  1237 .25 
 303.98  2955  1303 .5 
 304.01  2960  1370 1 
 304.04  2965  1436 .25 
 304.07  2970  1502 .5 
 304.11  2975  1569 .75 
 304.14  2980  1636 .5 
 304.17  2985  1703 .5 
 304.2  2990  1769 .75 
 304.23  2995  1836 1.25 
 304.26  3000  1903 .5 
 304.28  3005  1970 1 
 304.31  3010  2038 1.5 
 304.33  3015  2105 2.5 
 304.35  3020  2172 1.5 
 304.38  3025  2240 2 
 304.4  3030  2307 2 
 304.43  3035  2375 6 
 304.45  3040  2443 5 
 304.48  3045  2511 5.5 
 304.5  3050  2579 7.5 
 304.52  3055  2647 9 
 304.55  3060  2715 9 
 304.57  3065  2783 10.5 
 304.6  3070  2851 14.5 
 304.62  3075  2920 20 
 304.65  3080  2988 18.5 
 304.67  3085  3057 22 
 304.7  3090  3126 18.5 
 304.72  3095  3194 25.5 
 304.74  3100  3263 23.5 
 304.77  3105  3332 41.5 
 304.79  3110  3401 48 
 304.82  3115  3471 48.5 
 304.84  3120  3540 46.5 
 304.86  3125  3609 66 
 304.89  3130  3679 63 
 304.91  3135  3748 69.5 
 304.94  3140  3818 83 
 304.96  3145  3888 80.5 
 304.99  3150  3958 107 
 305.01  3155  4028 93.5 
 305.04  3160  4098 88 
 305.06  3165  4168 132 
 305.08  3170  4238 159.5 
 305.11  3175  4309 163 
 305.13  3180  4379 132.5 
 305.16  3185  4450 194.5 
 305.18  3190  4521 255 
 305.21  3195  4592 188.5 
 305.23  3200  4663 222 
 305.26  3205  4734 302.5 
 305.28  3210  4805 316.5 
 305.31  3215  4876 330.5 
 305.33  3220  4947 317.5 
 305.36  3225  5019 259.5 
 305.38  3230  5090 304.5 
 305.4  3235  5162 467.5 
 305.43  3240  5234 589 
 305.45  3245  5306 545 
 305.48  3250  5378 412.5 
 305.5  3255  5450 568.5 
 305.53  3260  5522 872 
 305.55  3265  5595 1059 
 305.58  3270  5667 1002 
 305.6  3275  5740 877 
 305.63  3280  5813 680 
 305.65  3285  5885 842.5 
 305.68  3290  5958 1301 
 305.7  3295  6031 1630.5 
 305.73  3300  6105 1588 
 305.75  3305  6178 1120.5 
 305.78  3310  6251 1022.5 
 305.8  3315  6325 1167 
 305.83  3320  6399 1513 
 305.85  3325  6472 1655.5 
 305.87  3330  6546 1608 
 305.9  3335  6620 1361 
 305.92  3340  6694 1245.5 
 305.95  3345  6769 1659.5 
 305.97  3350  6843 1718 
 306  3355  6918 2087 
 306.02  3360  6992 1503 
 306.05  3365  7067 1611.5 
 306.07  3370  7142 1273 
 306.1  3375  7217 1456 
 306.12  3380  7292 1643 
 306.15  3385  7367 1948.5 
 306.17  3390  7443 2049 
 306.2  3395  7518 1909.5 
 306.22  3400  7594 2207 
 306.25  3405  7670 1974 
 306.27  3410  7746 2029 
 306.3  3415  7822 1940.5 
 306.32  3420  7898 2332.5 
 306.35  3425  7974 2213 
 306.37  3430  8051 2373.5 
 306.4  3435  8127 2205 
 306.42  3440  8204 1644 
 306.45  3445  8281 1572.5 
 306.47  3450  8358 2199 
 306.49  3455  8435 2291.5 
 306.54  3460  8512 2018.5 
 306.56  3465  8590 2213 
 306.59  3470  8667 2386.5 
 306.61  3475  8745 1969 
 306.64  3480  8823 2208.5 
 306.66  3485  8901 2186 
 306.69  3490  8979 2079 
 306.71  3495  9057 2091.5 
 306.73  3500  9135 2480 
 306.86  3505  7350 2655 
 306.88  3510  7429 2431.5 
 306.91  3515  7509 2170.5 
 306.93  3520  7589 2533 
 306.96  3525  7669 1906 
 306.99  3530  7749 2399.5 
 307.01  3535  7829 2595 
 307.04  3540  7910 2760.5 
 307.06  3545  7990 2756.5 
 307.09  3550  8071 2793.5 
 307.11  3555  8152 2519 
 307.14  3560  8233 2619.5 
 307.16  3565  8314 2329.5 
 307.19  3570  8396 1840.5 
 307.21  3575  8477 2239.5 
 307.24  3580  8559 1879 
 307.26  3585  8641 1530 
 307.29  3590  8723 2045 
 307.31  3595  8805 2666 
 307.34  3600  8887 2899.5 
 307.36  3605  8970 2330 
 307.39  3610  9053 2096 
 307.41  3615  9135 2469 
 307.44  3620  9219 2024 
 307.46  3625  9302 2781.5 
 307.49  3630  9385 2590 
end
uxIntegration time is 0.2294 seconds per sampledt  3.1E-08 cy 1dh230619El Arenosillo 37.1 6.73 3.340665pr1000dark .9 
 625.43  2865  124 1.75 
 625.46  2870  189 1 
 625.49  2875  254 1.25 
 625.52  2880  319 2 
 625.56  2885  384 1.75 
 625.59  2890  449 2.25 
 625.62  2895  514 1.25 
 625.65  2900  579 1 
 625.68  2905  645 .75 
 625.71  2910  710 2.5 
 625.75  2915  776 1.75 
 625.78  2920  841 4.75 
 625.81  2925  907 5.5 
 625.84  2930  973 11.5 
 625.87  2935  1039 19.75 
 625.9  2940  1105 30 
 625.94  2945  1171 44.5 
 625.97  2950  1237 84.5 
 626  2955  1303 152.5 
 626.03  2960  1370 258.25 
 626.07  2965  1436 286.5 
 626.1  2970  1502 376 
 626.13  2975  1569 858 
 626.16  2980  1636 986.5 
 626.19  2985  1703 1025.75 
 626.23  2990  1769 1868.25 
 626.26  2995  1836 2532.25 
 626.28  3000  1903 2456.5 
 626.31  3005  1970 3308 
 626.33  3010  2038 5127.5 
 626.36  3015  2105 6532.5 
 626.38  3020  2172 5680.5 
 626.4  3025  2240 10261.5 
 626.43  3030  2307 15674.5 
 626.45  3035  2375 18115 
 626.48  3040  2443 17401 
 626.5  3045  2511 22418 
 626.53  3050  2579 29448 
 626.55  3055  2647 29225.5 
 626.58  3060  2715 28792 
 626.6  3065  2783 33155.5 
 626.62  3070  2851 43861.5 
 626.65  3075  2920 49604.5 
 626.67  3080  2988 51661 
 626.7  3085  3057 57563 
 626.72  3090  3126 49374 
 626.75  3095  3194 53986.5 
 626.77  3100  3263 53558 
 626.8  3105  3332 84346 
 626.82  3110  3401 98619.5 
 626.85  3115  3471 94251.5 
 626.87  3120  3540 89060 
 626.9  3125  3609 102054 
 626.92  3130  3679 106570 
 626.95  3135  3748 109341 
 626.97  3140  3818 123665 
 627  3145  3888 105640 
 627.02  3150  3958 132850 
 627.05  3155  4028 115295.5 
 627.07  3160  4098 99112 
 627.09  3165  4168 133003.5 
 627.12  3170  4238 161180.5 
 627.14  3175  4309 166571.5 
 627.17  3180  4379 128636 
 627.19  3185  4450 151474 
 627.22  3190  4521 167790 
 627.24  3195  4592 151729 
 627.27  3200  4663 178897 
 627.29  3205  4734 202011 
 627.31  3210  4805 171846.5 
 627.34  3215  4876 165530.5 
 627.36  3220  4947 187652 
 627.39  3225  5019 163235.5 
 627.41  3230  5090 156014 
 627.44  3235  5162 177276 
 627.46  3240  5234 200688.5 
 627.49  3245  5306 208128 
 627.51  3250  5378 193204 
 627.54  3255  5450 231692.5 
 627.56  3260  5522 262937.5 
 627.59  3265  5595 256374.5 
 627.61  3270  5667 258006.5 
 627.64  3275  5740 250598 
 627.66  3280  5813 236046 
 627.69  3285  5885 233071.5 
 627.71  3290  5958 260935 
 627.74  3295  6031 290279 
 627.76  3300  6105 295922 
 627.79  3305  6178 256569 
 627.81  3310  6251 258693 
 627.84  3315  6325 257108 
 627.86  3320  6399 266692 
 627.89  3325  6472 260893.5 
 627.91  3330  6546 261109.5 
 627.94  3335  6620 247197 
 627.96  3340  6694 249368.5 
 627.99  3345  6769 275880 
 628.01  3350  6843 260356 
 628.04  3355  6918 289275.5 
 628.06  3360  6992 215594.5 
 628.09  3365  7067 249343 
 628.11  3370  7142 213683 
 628.14  3375  7217 253246 
 628.16  3380  7292 249539.5 
 628.19  3385  7367 266185 
 628.21  3390  7443 269606 
 628.24  3395  7518 256317.5 
 628.26  3400  7594 299695 
 628.29  3405  7670 276573.5 
 628.31  3410  7746 265214.5 
 628.34  3415  7822 246186 
 628.36  3420  7898 285190 
 628.39  3425  7974 267556.5 
 628.41  3430  8051 290337 
 628.44  3435  8127 276917.5 
 628.46  3440  8204 219903 
 628.49  3445  8281 209668 
 628.51  3450  8358 269423.5 
 628.54  3455  8435 277325.5 
 628.56  3460  8512 241193.5 
 628.59  3465  8590 265080.5 
 628.61  3470  8667 279781 
 628.64  3475  8745 234755 
 628.66  3480  8823 260655.5 
 628.69  3485  8901 260902 
 628.71  3490  8979 244218 
 628.74  3495  9057 243004.5 
 628.76  3500  9135 286126 
 628.89  3505  7350 295642.5 
 628.92  3510  7429 273414 
 628.94  3515  7509 253664.5 
 628.97  3520  7589 281728 
 628.99  3525  7669 220964 
 629.02  3530  7749 269382 
 629.04  3535  7829 285031 
 629.07  3540  7910 295853 
 629.09  3545  7990 298015.5 
 629.12  3550  8071 301009.5 
 629.14  3555  8152 274593 
 629.17  3560  8233 283287.5 
 629.19  3565  8314 258503 
 629.22  3570  8396 210537 
 629.24  3575  8477 251823 
 629.27  3580  8559 210734 
 629.3  3585  8641 176649.5 
 629.32  3590  8723 233138 
 629.35  3595  8805 289575 
 629.37  3600  8887 307134.5 
 629.4  3605  8970 254950 
 629.42  3610  9053 231199.5 
 629.45  3615  9135 265681.5 
 629.47  3620  9219 225112 
 629.5  3625  9302 296195.5 
 629.52  3630  9385 272300 
end
uxIntegration time is 0.2294 seconds per sampledt  3.1E-08 cy 1dh230619El Arenosillo 37.1 6.73 3.394313pr1000dark 5.05 
 660.3  2865  124 6 
 660.33  2870  189 4 
 660.36  2875  254 5.25 
 660.39  2880  319 5 
 660.42  2885  384 4.5 
 660.45  2890  449 5 
 660.49  2895  514 4 
 660.52  2900  579 3.75 
 660.55  2905  645 4 
 660.58  2910  710 5 
 660.61  2915  776 7.75 
 660.64  2920  841 9.25 
 660.68  2925  907 10.5 
 660.71  2930  973 19.5 
 660.74  2935  1039 35.25 
 660.77  2940  1105 54 
 660.8  2945  1171 77 
 660.84  2950  1237 132.25 
 660.87  2955  1303 242.25 
 660.9  2960  1370 395 
 660.93  2965  1436 444.5 
 660.96  2970  1502 569 
 661  2975  1569 1179.75 
 661.03  2980  1636 1413 
 661.06  2985  1703 1389.5 
 661.09  2990  1769 2546.75 
 661.12  2995  1836 3357.5 
 661.15  3000  1903 3318 
 661.17  3005  1970 4356 
 661.2  3010  2038 6594.5 
 661.22  3015  2105 8521.5 
 661.25  3020  2172 7353 
 661.27  3025  2240 13014.5 
 661.3  3030  2307 19595.5 
 661.32  3035  2375 22648.5 
 661.35  3040  2443 21453.5 
 661.37  3045  2511 27561 
 661.39  3050  2579 35920.5 
 661.42  3055  2647 35767.5 
 661.44  3060  2715 34596 
 661.47  3065  2783 39853.5 
 661.49  3070  2851 51892 
 661.52  3075  2920 58855 
 661.54  3080  2988 61665 
 661.57  3085  3057 68237.5 
 661.59  3090  3126 58842 
 661.62  3095  3194 63541 
 661.64  3100  3263 62772.5 
 661.67  3105  3332 98142.5 
 661.69  3110  3401 116248.5 
 661.71  3115  3471 112294 
 661.74  3120  3540 105837.5 
 661.76  3125  3609 122207 
 661.79  3130  3679 127980 
 661.81  3135  3748 131295 
 661.84  3140  3818 149488.5 
 661.86  3145  3888 126899.5 
 661.88  3150  3958 160016 
 661.91  3155  4028 140262 
 661.94  3160  4098 118467 
 661.96  3165  4168 157856.5 
 661.99  3170  4238 190859 
 662.01  3175  4309 198184 
 662.03  3180  4379 153644 
 662.06  3185  4450 175896.5 
 662.08  3190  4521 197117 
 662.11  3195  4592 176751 
 662.13  3200  4663 207983 
 662.16  3205  4734 234059 
 662.18  3210  4805 201452 
 662.21  3215  4876 191584 
 662.23  3220  4947 218610.5 
 662.26  3225  5019 191547.5 
 662.28  3230  5090 181463 
 662.31  3235  5162 204963 
 662.33  3240  5234 230718.5 
 662.36  3245  5306 240020.5 
 662.38  3250  5378 223738.5 
 662.41  3255  5450 264516 
 662.43  3260  5522 299548.5 
 662.46  3265  5595 292194.5 
 662.48  3270  5667 295629.5 
 662.51  3275  5740 288079 
 662.53  3280  5813 272994.5 
 662.56  3285  5885 270268 
 662.58  3290  5958 296823.5 
 662.61  3295  6031 328602 
 662.63  3300  6105 332747 
 662.66  3305  6178 289916 
 662.68  3310  6251 290614 
 662.71  3315  6325 288742 
 662.73  3320  6399 300562.5 
 662.76  3325  6472 293309.5 
 662.78  3330  6546 294541 
 662.81  3335  6620 281939.5 
 662.83  3340  6694 282950.5 
 662.86  3345  6769 313298 
 662.88  3350  6843 294884.5 
 662.91  3355  6918 326516.5 
 662.93  3360  6992 247953.5 
 662.96  3365  7067 281316.5 
 662.98  3370  7142 244920 
 663.01  3375  7217 286501.5 
 663.03  3380  7292 285468 
 663.06  3385  7367 302608 
 663.08  3390  7443 308669 
 663.11  3395  7518 292411.5 
 663.13  3400  7594 340622.5 
 663.16  3405  7670 316955 
 663.18  3410  7746 303385.5 
 663.21  3415  7822 282364 
 663.23  3420  7898 325198 
 663.26  3425  7974 306663.5 
 663.28  3430  8051 330553 
 663.31  3435  8127 316462.5 
 663.33  3440  8204 259302 
 663.36  3445  8281 243173.5 
 663.38  3450  8358 312022 
 663.41  3455  8435 321820 
 663.43  3460  8512 283196 
 663.46  3465  8590 308236.5 
 663.48  3470  8667 324254.5 
 663.51  3475  8745 275285.5 
 663.53  3480  8823 302288 
 663.56  3485  8901 299788.5 
 663.58  3490  8979 280131 
 663.61  3495  9057 276338 
 663.63  3500  9135 322386 
 663.76  3505  7350 341192 
 663.78  3510  7429 317849.5 
 663.81  3515  7509 295432.5 
 663.83  3520  7589 328916 
 663.86  3525  7669 260193 
 663.88  3530  7749 311709 
 663.91  3535  7829 327878.5 
 663.93  3540  7910 339690 
 663.96  3545  7990 341380 
 663.98  3550  8071 343763 
 664.01  3555  8152 314897.5 
 664.04  3560  8233 323980 
 664.06  3565  8314 299996.5 
 664.09  3570  8396 247029 
 664.11  3575  8477 292404.5 
 664.14  3580  8559 250102.5 
 664.16  3585  8641 210309.5 
 664.19  3590  8723 270961 
 664.21  3595  8805 333306.5 
 664.24  3600  8887 353578 
 664.26  3605  8970 298450.5 
 664.29  3610  9053 272235 
 664.31  3615  9135 311185.5 
 664.34  3620  9219 264385.5 
 664.36  3625  9302 343933.5 
 664.39  3630  9385 320996.5 
end
uxIntegration time is 0.2294 seconds per sampledt  3.1E-08 cy 1dh230619El Arenosillo 37.1 6.73 3.394313pr1000dark 2.05 
 718.78  2865  124 1.75 
 718.81  2870  189 2 
 718.84  2875  254 2.25 
 718.88  2880  319 3 
 718.91  2885  384 1.75 
 718.94  2890  449 2.25 
 718.97  2895  514 3 
 719  2900  579 2.5 
 719.03  2905  645 4.5 
 719.07  2910  710 3.5 
 719.1  2915  776 10 
 719.13  2920  841 13 
 719.16  2925  907 16.25 
 719.19  2930  973 31.75 
 719.22  2935  1039 52.75 
 719.26  2940  1105 82 
 719.29  2945  1171 119.75 
 719.32  2950  1237 194 
 719.35  2955  1303 367.5 
 719.39  2960  1370 603.5 
 719.42  2965  1436 654.25 
 719.45  2970  1502 832.75 
 719.48  2975  1569 1721 
 719.51  2980  1636 2004 
 719.55  2985  1703 1985.5 
 719.58  2990  1769 3596.75 
 719.61  2995  1836 4649.25 
 719.64  3000  1903 4481.5 
 719.66  3005  1970 5848.5 
 719.68  3010  2038 8862 
 719.71  3015  2105 11140.5 
 719.73  3020  2172 9486.5 
 719.76  3025  2240 16789 
 719.78  3030  2307 25174.5 
 719.81  3035  2375 28520.5 
 719.83  3040  2443 26946.5 
 719.85  3045  2511 34351.5 
 719.88  3050  2579 44560.5 
 719.9  3055  2647 43787.5 
 719.93  3060  2715 42951.5 
 719.95  3065  2783 49146.5 
 719.98  3070  2851 63653 
 720  3075  2920 71523.5 
 720.03  3080  2988 74536 
 720.05  3085  3057 81838 
 720.08  3090  3126 69932 
 720.1  3095  3194 75399.5 
 720.12  3100  3263 74332 
 720.15  3105  3332 116159 
 720.17  3110  3401 135503.5 
 720.2  3115  3471 130052.5 
 720.22  3120  3540 121809 
 720.25  3125  3609 138245 
 720.27  3130  3679 143644 
 720.3  3135  3748 147709.5 
 720.32  3140  3818 166139 
 720.35  3145  3888 141378 
 720.37  3150  3958 177440.5 
 720.4  3155  4028 154872.5 
 720.42  3160  4098 131447.5 
 720.45  3165  4168 174282 
 720.47  3170  4238 210016.5 
 720.49  3175  4309 217499 
 720.52  3180  4379 168341 
 720.54  3185  4450 193685.5 
 720.57  3190  4521 214214 
 720.59  3195  4592 194205.5 
 720.62  3200  4663 228148 
 720.64  3205  4734 255518.5 
 720.67  3210  4805 218246 
 720.69  3215  4876 210404 
 720.72  3220  4947 238011 
 720.74  3225  5019 208462 
 720.77  3230  5090 198051 
 720.79  3235  5162 222423 
 720.82  3240  5234 249945.5 
 720.84  3245  5306 259626.5 
 720.86  3250  5378 243067.5 
 720.89  3255  5450 287459 
 720.91  3260  5522 323242 
 720.94  3265  5595 315302.5 
 720.96  3270  5667 318512.5 
 720.99  3275  5740 311285 
 721.01  3280  5813 296124 
 721.04  3285  5885 292388 
 721.06  3290  5958 322742 
 721.09  3295  6031 354510 
 721.11  3300  6105 359922 
 721.14  3305  6178 314905 
 721.16  3310  6251 317725.5 
 721.19  3315  6325 315490 
 721.21  3320  6399 327651.5 
 721.24  3325  6472 320781.5 
 721.26  3330  6546 321558.5 
 721.29  3335  6620 305996 
 721.31  3340  6694 307841.5 
 721.34  3345  6769 337793 
 721.36  3350  6843 319653 
 721.39  3355  6918 352966.5 
 721.41  3360  6992 269191 
 721.44  3365  7067 307091 
 721.46  3370  7142 266402.5 
 721.49  3375  7217 310977.5 
 721.51  3380  7292 306967.5 
 721.54  3385  7367 326802 
 721.56  3390  7443 331499.5 
 721.59  3395  7518 316599.5 
 721.61  3400  7594 366696.5 
 721.64  3405  7670 341642 
 721.66  3410  7746 328268 
 721.69  3415  7822 306827.5 
 721.71  3420  7898 350783.5 
 721.74  3425  7974 330539.5 
 721.76  3430  8051 355092 
 721.79  3435  8127 339801.5 
 721.81  3440  8204 275572 
 721.84  3445  8281 262280 
 721.86  3450  8358 332369.5 
 721.89  3455  8435 341102.5 
 721.91  3460  8512 300854 
 721.94  3465  8590 328933.5 
 721.96  3470  8667 345155 
 721.99  3475  8745 294308 
 722.01  3480  8823 324591.5 
 722.04  3485  8901 324395.5 
 722.06  3490  8979 305061 
 722.09  3495  9057 301966 
 722.11  3500  9135 350887 
 722.24  3505  7350 360313.5 
 722.26  3510  7429 335817 
 722.29  3515  7509 313996.5 
 722.31  3520  7589 346065 
 722.34  3525  7669 275642.5 
 722.36  3530  7749 330227.5 
 722.39  3535  7829 347801.5 
 722.41  3540  7910 360246.5 
 722.44  3545  7990 362356.5 
 722.46  3550  8071 365290.5 
 722.49  3555  8152 335806.5 
 722.52  3560  8233 344581 
 722.54  3565  8314 318068 
 722.57  3570  8396 263271 
 722.59  3575  8477 310528 
 722.62  3580  8559 263570 
 722.64  3585  8641 222987 
 722.67  3590  8723 289817 
 722.69  3595  8805 351916 
 722.72  3600  8887 369541 
 722.74  3605  8970 312746.5 
 722.77  3610  9053 285332.5 
 722.79  3615  9135 325379.5 
 722.82  3620  9219 277875.5 
 722.85  3625  9302 357674 
 722.87  3630  9385 332745 
end
uxIntegration time is 0.2294 seconds per sampledt  3.1E-08 cy 1dh230619El Arenosillo 37.1 6.73 3.394313pr1000dark 23.85 
 778.75  2865  124 19.25 
 778.78  2870  189 20.25 
 778.81  2875  254 18 
 778.84  2880  319 18 
 778.87  2885  384 15 
 778.9  2890  449 16.25 
 778.93  2895  514 14.75 
 778.97  2900  579 15.5 
 779  2905  645 15.5 
 779.03  2910  710 16.5 
 779.06  2915  776 19.25 
 779.09  2920  841 24.25 
 779.12  2925  907 27.5 
 779.16  2930  973 44.75 
 779.19  2935  1039 70 
 779.22  2940  1105 99 
 779.25  2945  1171 141 
 779.28  2950  1237 228.5 
 779.32  2955  1303 395 
 779.35  2960  1370 652.25 
 779.38  2965  1436 697.25 
 779.41  2970  1502 874.5 
 779.45  2975  1569 1803 
 779.48  2980  1636 2130.75 
 779.51  2985  1703 2057.75 
 779.54  2990  1769 3732.5 
 779.57  2995  1836 4819.5 
 779.6  3000  1903 4647 
 779.62  3005  1970 6010 
 779.65  3010  2038 9103 
 779.67  3015  2105 11502.5 
 779.72  3020  2172 9761 
 779.74  3025  2240 17070.5 
 779.77  3030  2307 25701 
 779.79  3035  2375 29382.5 
 779.82  3040  2443 27688 
 779.84  3045  2511 35414 
 779.87  3050  2579 45428.5 
 779.89  3055  2647 44748 
 779.92  3060  2715 43458 
 779.94  3065  2783 49975.5 
 779.96  3070  2851 64584.5 
 779.99  3075  2920 72416 
 780.01  3080  2988 75820.5 
 780.04  3085  3057 83249.5 
 780.06  3090  3126 71324.5 
 780.09  3095  3194 76584.5 
 780.11  3100  3263 75367 
 780.14  3105  3332 116919.5 
 780.16  3110  3401 137106.5 
 780.19  3115  3471 131676 
 780.21  3120  3540 122695.5 
 780.24  3125  3609 139735 
 780.26  3130  3679 145114 
 780.29  3135  3748 148365.5 
 780.31  3140  3818 167213.5 
 780.34  3145  3888 141979 
 780.36  3150  3958 178123.5 
 780.38  3155  4028 156758.5 
 780.41  3160  4098 131936 
 780.43  3165  4168 175428 
 780.46  3170  4238 211112.5 
 780.48  3175  4309 219073 
 780.51  3180  4379 169380.5 
 780.53  3185  4450 194185 
 780.56  3190  4521 215130.5 
 780.58  3195  4592 194458.5 
 780.61  3200  4663 229050.5 
 780.63  3205  4734 256288.5 
 780.66  3210  4805 220517.5 
 780.68  3215  4876 210758.5 
 780.71  3220  4947 239118 
 780.73  3225  5019 209343.5 
 780.76  3230  5090 198663.5 
 780.78  3235  5162 223027 
 780.81  3240  5234 250831 
 780.83  3245  5306 260739 
 780.86  3250  5378 244158 
 780.88  3255  5450 287966.5 
 780.9  3260  5522 324176 
 780.93  3265  5595 316172 
 780.95  3270  5667 319141 
 780.98  3275  5740 311587 
 781  3280  5813 296069 
 781.03  3285  5885 293290 
 781.05  3290  5958 322716.5 
 781.08  3295  6031 356001.5 
 781.1  3300  6105 361223.5 
 781.13  3305  6178 317438 
 781.15  3310  6251 318855.5 
 781.18  3315  6325 316579.5 
 781.2  3320  6399 329426 
 781.23  3325  6472 322447 
 781.25  3330  6546 323372 
 781.28  3335  6620 309065.5 
 781.3  3340  6694 309561.5 
 781.33  3345  6769 339587 
 781.35  3350  6843 321092 
 781.38  3355  6918 354267 
 781.4  3360  6992 271554.5 
 781.43  3365  7067 307575.5 
 781.45  3370  7142 268539 
 781.48  3375  7217 312775 
 781.5  3380  7292 309290 
 781.53  3385  7367 328065.5 
 781.55  3390  7443 333620.5 
 781.58  3395  7518 317892.5 
 781.6  3400  7594 368005 
 781.63  3405  7670 343994 
 781.65  3410  7746 330666 
 781.68  3415  7822 308775.5 
 781.7  3420  7898 353135.5 
 781.73  3425  7974 333498 
 781.75  3430  8051 358019 
 781.78  3435  8127 342266.5 
 781.8  3440  8204 280924.5 
 781.83  3445  8281 264547 
 781.85  3450  8358 334513.5 
 781.88  3455  8435 342944 
 781.9  3460  8512 303012 
 781.93  3465  8590 330194 
 781.95  3470  8667 347147.5 
 781.98  3475  8745 296317.5 
 782  3480  8823 326101 
 782.03  3485  8901 326597.5 
 782.05  3490  8979 307079.5 
 782.08  3495  9057 304058.5 
 782.11  3500  9135 352280 
 782.23  3505  7350 364762.5 
 782.26  3510  7429 340329 
 782.28  3515  7509 317807.5 
 782.31  3520  7589 351273 
 782.33  3525  7669 280016 
 782.36  3530  7749 334259 
 782.38  3535  7829 351662 
 782.41  3540  7910 364115 
 782.43  3545  7990 366354 
 782.46  3550  8071 368681.5 
 782.48  3555  8152 339003 
 782.51  3560  8233 348689 
 782.53  3565  8314 322320.5 
 782.56  3570  8396 266197.5 
 782.59  3575  8477 313369.5 
 782.61  3580  8559 267063 
 782.64  3585  8641 225340 
 782.66  3590  8723 288916 
 782.69  3595  8805 353441 
 782.71  3600  8887 372891 
 782.74  3605  8970 315554 
 782.76  3610  9053 287791 
 782.79  3615  9135 328009.5 
 782.81  3620  9219 279168 
 782.84  3625  9302 360411.5 
 782.86  3630  9385 334454 
end
uxIntegration time is 0.2294 seconds per sampledt  3.1E-08 cy 1dh230619El Arenosillo 37.1 6.73 3.394313pr1000dark 2.65 
 838.26  2865  124 1.75 
 838.29  2870  189 2.25 
 838.32  2875  254 2 
 838.35  2880  319 1.5 
 838.39  2885  384 2.25 
 838.42  2890  449 2 
 838.45  2895  514 1.75 
 838.48  2900  579 2 
 838.51  2905  645 2.5 
 838.54  2910  710 3 
 838.57  2915  776 6.5 
 838.61  2920  841 8 
 838.64  2925  907 10 
 838.67  2930  973 21 
 838.7  2935  1039 33 
 838.73  2940  1105 55.5 
 838.76  2945  1171 84.25 
 838.8  2950  1237 136.25 
 838.83  2955  1303 260 
 838.86  2960  1370 428.5 
 838.89  2965  1436 480.25 
 838.92  2970  1502 596 
 838.96  2975  1569 1271.25 
 838.99  2980  1636 1537 
 839.02  2985  1703 1532.25 
 839.05  2990  1769 2807.75 
 839.09  2995  1836 3691.5 
 839.11  3000  1903 3548.5 
 839.13  3005  1970 4675.5 
 839.16  3010  2038 7167 
 839.18  3015  2105 9164 
 839.21  3020  2172 7834 
 839.23  3025  2240 13984 
 839.26  3030  2307 21195.5 
 839.28  3035  2375 24341.5 
 839.31  3040  2443 23034 
 839.33  3045  2511 29513.5 
 839.36  3050  2579 38662.5 
 839.38  3055  2647 38153 
 839.4  3060  2715 37417.5 
 839.43  3065  2783 43034.5 
 839.45  3070  2851 56268.5 
 839.48  3075  2920 63603.5 
 839.5  3080  2988 66330.5 
 839.53  3085  3057 73318.5 
 839.55  3090  3126 62965.5 
 839.57  3095  3194 67896 
 839.6  3100  3263 67274 
 839.62  3105  3332 105431.5 
 839.65  3110  3401 123714.5 
 839.67  3115  3471 118627.5 
 839.7  3120  3540 110924 
 839.72  3125  3609 126581.5 
 839.75  3130  3679 131913 
 839.77  3135  3748 135043 
 839.8  3140  3818 152216.5 
 839.82  3145  3888 129773 
 839.85  3150  3958 163710.5 
 839.87  3155  4028 143035 
 839.9  3160  4098 121185 
 839.92  3165  4168 161150.5 
 839.94  3170  4238 193971.5 
 839.97  3175  4309 201311 
 839.99  3180  4379 155593 
 840.02  3185  4450 179230.5 
 840.04  3190  4521 199540.5 
 840.07  3195  4592 180117.5 
 840.09  3200  4663 212503.5 
 840.12  3205  4734 239105.5 
 840.14  3210  4805 204501.5 
 840.17  3215  4876 196480.5 
 840.19  3220  4947 222805 
 840.22  3225  5019 194820.5 
 840.24  3230  5090 184487.5 
 840.27  3235  5162 208314.5 
 840.29  3240  5234 234808 
 840.31  3245  5306 244430 
 840.34  3250  5378 228144 
 840.37  3255  5450 270744.5 
 840.39  3260  5522 306020 
 840.41  3265  5595 299241.5 
 840.44  3270  5667 302220 
 840.46  3275  5740 294698 
 840.49  3280  5813 279812 
 840.51  3285  5885 277403.5 
 840.54  3290  5958 307259.5 
 840.56  3295  6031 339439.5 
 840.59  3300  6105 344415.5 
 840.61  3305  6178 301161.5 
 840.64  3310  6251 303088 
 840.66  3315  6325 301769 
 840.69  3320  6399 314456 
 840.71  3325  6472 307311.5 
 840.74  3330  6546 308804 
 840.76  3335  6620 294016 
 840.79  3340  6694 294940 
 840.81  3345  6769 324343.5 
 840.84  3350  6843 306129.5 
 840.86  3355  6918 338268.5 
 840.89  3360  6992 257677.5 
 840.91  3365  7067 293105 
 840.94  3370  7142 254117 
 840.96  3375  7217 296362.5 
 840.99  3380  7292 294114 
 841.01  3385  7367 312349.5 
 841.04  3390  7443 317446.5 
 841.06  3395  7518 302205.5 
 841.09  3400  7594 351065 
 841.11  3405  7670 327451.5 
 841.14  3410  7746 314768.5 
 841.16  3415  7822 293649.5 
 841.19  3420  7898 336478.5 
 841.21  3425  7974 317224.5 
 841.24  3430  8051 341829 
 841.26  3435  8127 326667 
 841.29  3440  8204 265272.5 
 841.31  3445  8281 249695 
 841.34  3450  8358 318427 
 841.36  3455  8435 327640 
 841.39  3460  8512 288111.5 
 841.41  3465  8590 314141 
 841.44  3470  8667 330831 
 841.46  3475  8745 281502 
 841.49  3480  8823 310594 
 841.51  3485  8901 310545 
 841.54  3490  8979 291709 
 841.56  3495  9057 288244 
 841.59  3500  9135 335602.5 
 841.72  3505  7350 347307.5 
 841.74  3510  7429 323209.5 
 841.77  3515  7509 300604 
 841.79  3520  7589 332226 
 841.82  3525  7669 262714 
 841.84  3530  7749 315092 
 841.87  3535  7829 331378.5 
 841.89  3540  7910 343409.5 
 841.92  3545  7990 346017.5 
 841.94  3550  8071 349021 
 841.97  3555  8152 319772 
 841.99  3560  8233 328057 
 842.02  3565  8314 301923.5 
 842.04  3570  8396 249031 
 842.07  3575  8477 294308 
 842.09  3580  8559 249650.5 
 842.12  3585  8641 210277 
 842.15  3590  8723 273356 
 842.17  3595  8805 334623 
 842.2  3600  8887 352456 
 842.22  3605  8970 296224.5 
 842.25  3610  9053 269830.5 
 842.27  3615  9135 308722.5 
 842.3  3620  9219 261713.5 
 842.32  3625  9302 339551 
 842.35  3630  9385 316496 
end
uxIntegration time is 0.2294 seconds per sampledt  3.1E-08 cy 1dh230619El Arenosillo 37.1 6.73 3.072425pr1000dark .9 
 1162.37  2865  124 .75 
 1162.4  2870  189 .75 
 1162.43  2875  254 .25 
 1162.47  2880  319 .25 
 1162.5  2885  384 .75 
 1162.53  2890  449 1 
 1162.56  2895  514 .5 
 1162.59  2900  579 .5 
 1162.62  2905  645 1 
 1162.66  2910  710 1.5 
 1162.69  2915  776 .25 
 1162.72  2920  841 .5 
 1162.75  2925  907 .5 
 1162.78  2930  973 1.25 
 1162.82  2935  1039 1 
 1162.85  2940  1105 1.25 
 1162.88  2945  1171 .25 
 1162.91  2950  1237 1.75 
 1162.94  2955  1303 .5 
 1162.97  2960  1370 1.25 
 1163.01  2965  1436 1.75 
 1163.04  2970  1502 1.75 
 1163.07  2975  1569 1 
 1163.1  2980  1636 2 
 1163.13  2985  1703 1.25 
 1163.17  2990  1769 2 
 1163.2  2995  1836 3.25 
 1163.22  3000  1903 2 
 1163.25  3005  1970 1.5 
 1163.27  3010  2038 3.5 
 1163.3  3015  2105 4 
 1163.32  3020  2172 5.5 
 1163.35  3025  2240 8.5 
 1163.37  3030  2307 12 
 1163.39  3035  2375 14 
 1163.42  3040  2443 15.5 
 1163.44  3045  2511 20.5 
 1163.47  3050  2579 30 
 1163.49  3055  2647 31.5 
 1163.51  3060  2715 30 
 1163.54  3065  2783 39.5 
 1163.56  3070  2851 54 
 1163.59  3075  2920 68.5 
 1163.61  3080  2988 74 
 1163.64  3085  3057 85.5 
 1163.66  3090  3126 75 
 1163.68  3095  3194 99.5 
 1163.71  3100  3263 114.5 
 1163.73  3105  3332 174 
 1163.76  3110  3401 233.5 
 1163.78  3115  3471 230.5 
 1163.81  3120  3540 256 
 1163.83  3125  3609 342 
 1163.86  3130  3679 363.5 
 1163.88  3135  3748 386.5 
 1163.91  3140  3818 510.5 
 1163.93  3145  3888 546 
 1163.95  3150  3958 738.5 
 1163.98  3155  4028 602 
 1164  3160  4098 629.5 
 1164.03  3165  4168 1058.5 
 1164.05  3170  4238 1283.5 
 1164.08  3175  4309 1291 
 1164.1  3180  4379 1143.5 
 1164.13  3185  4450 1777.5 
 1164.15  3190  4521 2303.5 
 1164.18  3195  4592 1710.5 
 1164.2  3200  4663 2008 
 1164.22  3205  4734 2987.5 
 1164.25  3210  4805 3243.5 
 1164.27  3215  4876 3205.5 
 1164.3  3220  4947 3026.5 
 1164.32  3225  5019 2493 
 1164.35  3230  5090 2879 
 1164.37  3235  5162 4459.5 
 1164.4  3240  5234 5456 
 1164.42  3245  5306 5121.5 
 1164.45  3250  5378 4002 
 1164.47  3255  5450 5438 
 1164.5  3260  5522 7648 
 1164.52  3265  5595 8767 
 1164.55  3270  5667 8652.5 
 1164.57  3275  5740 7624 
 1164.6  3280  5813 6256 
 1164.62  3285  5885 7270.5 
 1164.65  3290  5958 9978.5 
 1164.67  3295  6031 11870 
 1164.7  3300  6105 11831.5 
 1164.72  3305  6178 8985 
 1164.75  3310  6251 8558.5 
 1164.77  3315  6325 9021 
 1164.8  3320  6399 10791 
 1164.82  3325  6472 11063 
 1164.84  3330  6546 10996 
 1164.87  3335  6620 9702 
 1164.89  3340  6694 9245.5 
 1164.92  3345  6769 11501 
 1164.94  3350  6843 11265.5 
 1164.97  3355  6918 13291 
 1164.99  3360  6992 9467.5 
 1165.02  3365  7067 10513 
 1165.04  3370  7142 8651 
 1165.07  3375  7217 10012.5 
 1165.09  3380  7292 10603.5 
 1165.12  3385  7367 11943 
 1165.14  3390  7443 12472 
 1165.17  3395  7518 11545 
 1165.19  3400  7594 13616 
 1165.22  3405  7670 12422.5 
 1165.24  3410  7746 12242 
 1165.27  3415  7822 11358.5 
 1165.29  3420  7898 13569 
 1165.32  3425  7974 12674 
 1165.34  3430  8051 13812 
 1165.37  3435  8127 12831.5 
 1165.39  3440  8204 9719 
 1165.42  3445  8281 9131.5 
 1165.44  3450  8358 12423.5 
 1165.47  3455  8435 13027 
 1165.49  3460  8512 11189 
 1165.52  3465  8590 12393.5 
 1165.54  3470  8667 13213 
 1165.57  3475  8745 10830 
 1165.59  3480  8823 12192 
 1165.62  3485  8901 12242.5 
 1165.64  3490  8979 11457 
 1165.67  3495  9057 11248 
 1165.69  3500  9135 13648 
 1165.82  3505  7350 14148 
 1165.85  3510  7429 12927.5 
 1165.87  3515  7509 11603.5 
 1165.89  3520  7589 13205.5 
 1165.92  3525  7669 10033 
 1165.95  3530  7749 12491.5 
 1165.97  3535  7829 13403 
 1165.99  3540  7910 14081 
 1166.02  3545  7990 14147.5 
 1166.05  3550  8071 14282.5 
 1166.07  3555  8152 12842.5 
 1166.1  3560  8233 13226.5 
 1166.12  3565  8314 11938 
 1166.15  3570  8396 9376 
 1166.17  3575  8477 11372 
 1166.2  3580  8559 9345 
 1166.22  3585  8641 7806.5 
 1166.25  3590  8723 10347.5 
 1166.27  3595  8805 13351.5 
 1166.3  3600  8887 14293.5 
 1166.32  3605  8970 11437 
 1166.35  3610  9053 10121 
 1166.37  3615  9135 11975.5 
 1166.4  3620  9219 9837 
 1166.42  3625  9302 13485 
 1166.45  3630  9385 12444.5 
end
