ufIntegration time is 0.2294 seconds per sampledt  4E-08 cy 4dh270619El Arenosillo 37.1 6.73 3.21pr1000dark 3.6 
 325.76  2900  1280 6 
 325.8  2905  1350 6 
 325.84  2910  1420 6 
 325.88  2915  1490 5 
 325.92  2920  1561 4 
 325.97  2925  1631 4 
 326.01  2930  1702 5 
 326.04  2935  1773 5 
 326.08  2940  1843 6 
 326.12  2945  1914 7 
 326.16  2950  1985 4 
 326.2  2955  2056 7 
 326.24  2960  2127 5 
 326.29  2965  2198 6 
 326.33  2970  2269 5 
 326.37  2975  2340 6 
 326.41  2980  2411 7 
 326.44  2985  2483 10 
 326.48  2990  2554 8 
 326.52  2995  2626 7 
 326.56  3000  2697 7 
 326.61  3005  2769 9 
 326.65  3010  2841 7 
 326.69  3015  2912 13 
 326.73  3020  2984 14 
 326.77  3025  3056 19 
 326.81  3030  3128 20 
 326.85  3035  3200 29 
 326.88  3040  3273 29 
 326.93  3045  3345 40 
 326.97  3050  3417 50 
 327.01  3055  3490 55 
 327.05  3060  3562 49 
 327.09  3065  3635 66 
 327.13  3070  3707 84 
 327.17  3075  3780 129 
 327.21  3080  3853 136 
 327.25  3085  3926 135 
 327.29  3090  3998 122 
 327.33  3095  4071 130 
 327.37  3100  4145 164 
 327.41  3105  4218 274 
 327.45  3110  4291 296 
 327.49  3115  4364 297 
 327.53  3120  4438 315 
 327.58  3125  4511 400 
 327.62  3130  4585 428 
 327.66  3135  4658 429 
 327.7  3140  4732 551 
 327.73  3145  4806 557 
 327.77  3150  4880 720 
 327.81  3155  4954 564 
 327.86  3160  5028 600 
 327.9  3165  5102 937 
 327.94  3170  5176 1072 
 327.98  3175  5251 1061 
 328.02  3180  5325 899 
 328.05  3185  5399 1356 
 328.09  3190  5474 1630 
 328.13  3195  5549 1178 
 328.18  3200  5623 1305 
 328.22  3205  5698 1953 
 328.26  3210  5773 1889 
 328.3  3215  5848 1807 
 328.34  3220  5923 1561 
 328.38  3225  5998 1227 
 328.42  3230  6073 1431 
 328.46  3235  6149 2035 
 328.5  3240  6224 2246 
 328.54  3245  6300 1889 
 328.58  3250  6375 1386 
end
uvIntegration time is 0.2294 seconds per sampledt  4E-08 cy 4dh270619El Arenosillo 37.1 6.73 3.21pr1000dark 3.6 
 329.91  2900  1280 8 
 329.95  2905  1350 7 
 329.99  2910  1420 5 
 330.03  2915  1490 5 
 330.07  2920  1561 6 
 330.11  2925  1631 4 
 330.15  2930  1702 6 
 330.19  2935  1773 5 
 330.23  2940  1843 5 
 330.27  2945  1914 5 
 330.31  2950  1985 4 
 330.35  2955  2056 5 
 330.39  2960  2127 7 
 330.43  2965  2198 6 
 330.47  2970  2269 6 
 330.51  2975  2340 7 
 330.55  2980  2411 7 
 330.59  2985  2483 6 
 330.63  2990  2554 11 
 330.67  2995  2626 10 
 330.72  3000  2697 8 
 330.76  3005  2769 14 
 330.8  3010  2841 10 
 330.84  3015  2912 15 
 330.88  3020  2984 15 
 330.91  3025  3056 21 
 330.95  3030  3128 28 
 330.99  3035  3200 33 
 331.04  3040  3273 27 
 331.08  3045  3345 45 
 331.12  3050  3417 64 
 331.16  3055  3490 54 
 331.2  3060  3562 65 
 331.24  3065  3635 71 
 331.28  3070  3707 104 
 331.32  3075  3780 119 
 331.36  3080  3853 135 
 331.4  3085  3926 151 
 331.44  3090  3998 123 
 331.48  3095  4071 166 
 331.52  3100  4145 191 
 331.56  3105  4218 300 
 331.6  3110  4291 368 
 331.65  3115  4364 363 
 331.69  3120  4438 398 
 331.73  3125  4511 488 
 331.77  3130  4585 532 
 331.81  3135  4658 553 
 331.84  3140  4732 688 
 331.88  3145  4806 729 
 331.93  3150  4880 986 
 331.97  3155  4954 746 
 332.01  3160  5028 787 
 332.05  3165  5102 1249 
 332.09  3170  5176 1450 
 332.13  3175  5251 1384 
 332.17  3180  5325 1179 
 332.21  3185  5399 1798 
 332.25  3190  5474 2193 
 332.29  3195  5549 1570 
 332.33  3200  5623 1847 
 332.37  3205  5698 2557 
 332.41  3210  5773 2498 
 332.45  3215  5848 2418 
 332.5  3220  5923 2020 
 332.54  3225  5998 1626 
 332.58  3230  6073 1891 
 332.62  3235  6149 2642 
 332.66  3240  6224 2924 
 332.7  3245  6300 2452 
 332.73  3250  6375 1838 
dark 3.8 
 332.87  3250  6375 1843 
 332.91  3245  6300 2488 
 332.95  3240  6224 2974 
 332.99  3235  6149 2707 
 333.03  3230  6073 1947 
 333.07  3225  5998 1713 
 333.11  3220  5923 2159 
 333.16  3215  5848 2561 
 333.2  3210  5773 2584 
 333.23  3205  5698 2731 
 333.27  3200  5623 1874 
 333.31  3195  5549 1686 
 333.35  3190  5474 2329 
 333.39  3185  5399 1954 
 333.43  3180  5325 1287 
 333.48  3175  5251 1511 
 333.52  3170  5176 1602 
 333.56  3165  5102 1387 
 333.6  3160  5028 864 
 333.64  3155  4954 803 
 333.68  3150  4880 1051 
 333.71  3145  4806 803 
 333.75  3140  4732 788 
 333.79  3135  4658 594 
 333.84  3130  4585 600 
 333.88  3125  4511 555 
 333.92  3120  4438 434 
 333.96  3115  4364 398 
 334  3110  4291 391 
 334.04  3105  4218 340 
 334.08  3100  4145 195 
 334.12  3095  4071 179 
 334.16  3090  3998 145 
 334.2  3085  3926 174 
 334.24  3080  3853 174 
 334.28  3075  3780 153 
 334.32  3070  3707 141 
 334.36  3065  3635 87 
 334.4  3060  3562 64 
 334.45  3055  3490 74 
 334.49  3050  3417 59 
 334.52  3045  3345 43 
 334.56  3040  3273 31 
 334.6  3035  3200 37 
 334.64  3030  3128 31 
 334.68  3025  3056 22 
 334.73  3020  2984 17 
 334.77  3015  2912 15 
 334.81  3010  2841 11 
 334.85  3005  2769 11 
 334.89  3000  2697 10 
 334.93  2995  2626 8 
 334.97  2990  2554 11 
 335.01  2985  2483 10 
 335.05  2980  2411 10 
 335.09  2975  2340 7 
 335.13  2970  2269 5 
 335.17  2965  2198 6 
 335.21  2960  2127 5 
 335.25  2955  2056 6 
 335.3  2950  1985 6 
 335.34  2945  1914 5 
 335.38  2940  1843 7 
 335.41  2935  1773 6 
 335.45  2930  1702 6 
 335.49  2925  1631 6 
 335.53  2920  1561 5 
 335.58  2915  1490 4 
 335.62  2910  1420 7 
 335.66  2905  1350 5 
 335.7  2900  1280 7 
end
uaIntegration time is 0.2294 seconds per sampledt  4E-08 cy 1dh270619El Arenosillo 37.1 6.73 3.17pr1000dark 1 
 360.04  2900  1280 3 
 360.09  2905  1350 2.25 
 360.15  2910  1420 2.5 
 360.2  2915  1490 2.75 
 360.25  2920  1561 2.75 
 360.3  2925  1631 2.5 
 360.34  2930  1702 3.25 
 360.39  2935  1773 2.5 
 360.45  2940  1843 2.5 
 360.49  2945  1914 3.25 
 360.54  2950  1985 2.25 
 360.59  2955  2056 3.5 
 360.64  2960  2127 3 
 360.7  2965  2198 3.75 
 360.75  2970  2269 3 
 360.8  2975  2340 3 
 360.84  2980  2411 4.5 
 360.9  2985  2483 3.5 
 360.95  2990  2554 3.75 
 361  2995  2626 4.5 
 361.04  3000  2697 4.5 
 361.09  3005  2769 4.75 
 361.14  3010  2841 6.25 
 361.2  3015  2912 7.75 
 361.25  3020  2984 6.75 
 361.3  3025  3056 9.25 
 361.35  3030  3128 15.75 
 361.4  3035  3200 17.5 
 361.45  3040  3273 18.75 
 361.49  3045  3345 25 
 361.55  3050  3417 35.75 
 361.59  3055  3490 38.25 
 361.64  3060  3562 39.25 
 361.69  3065  3635 49.5 
 361.75  3070  3707 75 
 361.8  3075  3780 97.5 
 361.85  3080  3853 109.75 
 361.9  3085  3926 131.5 
 361.95  3090  3998 128.25 
 362  3095  4071 183.25 
 362.05  3100  4145 205.75 
 362.09  3105  4218 334.25 
 362.14  3110  4291 442.75 
 362.19  3115  4364 450.25 
 362.25  3120  4438 523.75 
 362.3  3125  4511 692.25 
 362.34  3130  4585 765.25 
 362.4  3135  4658 759.75 
 362.45  3140  4732 996.25 
 362.5  3145  4806 1040.5 
 362.54  3150  4880 1378 
 362.6  3155  4954 1101.5 
 362.64  3160  5028 1100 
 362.69  3165  5102 1682.75 
 362.74  3170  5176 1981.25 
 362.8  3175  5251 1903 
 362.85  3180  5325 1556.25 
 362.9  3185  5399 2151.5 
 362.95  3190  5474 2485.5 
 363  3195  5549 1935.5 
 363.05  3200  5623 2197.75 
 363.1  3205  5698 2861.5 
 363.15  3210  5773 2567.75 
 363.19  3215  5848 2431 
 363.24  3220  5923 2281 
 363.3  3225  5998 1826.25 
 363.35  3230  6073 1862.25 
 363.39  3235  6149 2334.5 
 363.45  3240  6224 2532 
 363.5  3245  6300 2240.75 
 363.55  3250  6375 1775.5 
end
uaIntegration time is 0.2294 seconds per sampledt  4E-08 cy 1dh270619El Arenosillo 37.1 6.73 3.17pr1000dark .8 
 390.04  2900  1280 5.25 
 390.1  2905  1350 4.75 
 390.15  2910  1420 5.75 
 390.2  2915  1490 5.25 
 390.25  2920  1561 4.75 
 390.29  2925  1631 5.5 
 390.34  2930  1702 5.5 
 390.4  2935  1773 5.75 
 390.44  2940  1843 5.75 
 390.5  2945  1914 6.75 
 390.55  2950  1985 5.5 
 390.6  2955  2056 6.5 
 390.66  2960  2127 6.75 
 390.71  2965  2198 5.5 
 390.75  2970  2269 6.5 
 390.8  2975  2340 7.5 
 390.85  2980  2411 7.5 
 390.9  2985  2483 8.5 
 390.95  2990  2554 10 
 391  2995  2626 9.25 
 391.05  3000  2697 10 
 391.09  3005  2769 10.5 
 391.15  3010  2841 14 
 391.21  3015  2912 15.25 
 391.25  3020  2984 17.25 
 391.3  3025  3056 29.5 
 391.35  3030  3128 40 
 391.41  3035  3200 48 
 391.45  3040  3273 51.25 
 391.5  3045  3345 74 
 391.55  3050  3417 123.75 
 391.6  3055  3490 138.75 
 391.64  3060  3562 135 
 391.71  3065  3635 185.25 
 391.75  3070  3707 303.25 
 391.8  3075  3780 422 
 391.85  3080  3853 467.5 
 391.9  3085  3926 570.75 
 391.95  3090  3998 538.25 
 392  3095  4071 726.5 
 392.05  3100  4145 789.75 
 392.1  3105  4218 1330 
 392.14  3110  4291 1695.5 
 392.21  3115  4364 1725.75 
 392.25  3120  4438 1857 
 392.29  3125  4511 2396.5 
 392.35  3130  4585 2624.5 
 392.4  3135  4658 2565.75 
 392.45  3140  4732 3267 
 392.5  3145  4806 3125.5 
 392.55  3150  4880 4050.75 
 392.6  3155  4954 3321.25 
 392.66  3160  5028 3114.75 
 392.7  3165  5102 4483.25 
 392.75  3170  5176 5314 
 392.8  3175  5251 5282.25 
 392.85  3180  5325 4122 
 392.9  3185  5399 5286.5 
 392.95  3190  5474 5929.75 
 393  3195  5549 4748.5 
 393.05  3200  5623 5412.75 
 393.1  3205  5698 6543.75 
 393.16  3210  5773 5655 
 393.2  3215  5848 5248 
 393.25  3220  5923 5224.5 
 393.3  3225  5998 4119.75 
 393.34  3230  6073 4105.25 
 393.4  3235  6149 4738.5 
 393.45  3240  6224 5183 
 393.5  3245  6300 4702 
 393.55  3250  6375 3840 
end
uaIntegration time is 0.2294 seconds per sampledt  4E-08 cy 1dh270619El Arenosillo 37.1 6.73 3.21pr1000dark .95 
 420.04  2900  1280 8.5 
 420.1  2905  1350 9.75 
 420.15  2910  1420 9.75 
 420.19  2915  1490 11.5 
 420.24  2920  1561 10.25 
 420.29  2925  1631 9.5 
 420.34  2930  1702 9 
 420.4  2935  1773 10.75 
 420.44  2940  1843 10.5 
 420.5  2945  1914 12.5 
 420.54  2950  1985 11.25 
 420.59  2955  2056 11.75 
 420.65  2960  2127 11 
 420.69  2965  2198 11.5 
 420.74  2970  2269 12.25 
 420.8  2975  2340 11.75 
 420.85  2980  2411 16.25 
 420.89  2985  2483 13 
 420.94  2990  2554 16 
 420.99  2995  2626 19 
 421.05  3000  2697 22.25 
 421.1  3005  2769 20.75 
 421.15  3010  2841 34.75 
 421.19  3015  2912 42.25 
 421.24  3020  2984 42.75 
 421.29  3025  3056 75.25 
 421.35  3030  3128 136 
 421.39  3035  3200 171.5 
 421.44  3040  3273 185 
 421.5  3045  3345 272.5 
 421.55  3050  3417 436.25 
 421.59  3055  3490 497 
 421.65  3060  3562 499.5 
 421.69  3065  3635 644 
 421.74  3070  3707 1026.25 
 421.8  3075  3780 1339.75 
 421.85  3080  3853 1448 
 421.89  3085  3926 1736.5 
 421.94  3090  3998 1596.75 
 421.99  3095  4071 2043.5 
 422.05  3100  4145 2148 
 422.1  3105  4218 3560 
 422.14  3110  4291 4408 
 422.2  3115  4364 4372.75 
 422.24  3120  4438 4523 
 422.3  3125  4511 5567.25 
 422.34  3130  4585 5954.75 
 422.39  3135  4658 5874.25 
 422.45  3140  4732 7255.5 
 422.49  3145  4806 6538.75 
 422.55  3150  4880 8538.75 
 422.6  3155  4954 6972.5 
 422.64  3160  5028 6293.75 
 422.7  3165  5102 8803 
 422.74  3170  5176 10396.25 
 422.79  3175  5251 10328.25 
 422.84  3180  5325 7869.5 
 422.9  3185  5399 9709.25 
 422.95  3190  5474 10662.25 
 423  3195  5549 8895.25 
 423.04  3200  5623 10054.75 
 423.09  3205  5698 11733.75 
 423.15  3210  5773 9786.25 
 423.19  3215  5848 9073.75 
 423.25  3220  5923 9158.25 
 423.3  3225  5998 7297.5 
 423.35  3230  6073 7095.25 
 423.4  3235  6149 7883.25 
 423.44  3240  6224 8614.25 
 423.49  3245  6300 7952.5 
 423.54  3250  6375 6590 
end
uaIntegration time is 0.2294 seconds per sampledt  4E-08 cy 1dh270619El Arenosillo 37.1 6.73 3.27pr1000dark .85 
 450.04  2900  1280 15.5 
 450.09  2905  1350 16.75 
 450.14  2910  1420 16 
 450.19  2915  1490 14.5 
 450.24  2920  1561 16 
 450.29  2925  1631 18.5 
 450.35  2930  1702 16.5 
 450.39  2935  1773 16.75 
 450.44  2940  1843 18.25 
 450.49  2945  1914 18.25 
 450.54  2950  1985 17.75 
 450.59  2955  2056 17.25 
 450.64  2960  2127 16.75 
 450.69  2965  2198 20.25 
 450.74  2970  2269 21.25 
 450.8  2975  2340 23.25 
 450.84  2980  2411 22.75 
 450.89  2985  2483 26 
 450.94  2990  2554 35 
 450.99  2995  2626 48 
 451.04  3000  2697 47.75 
 451.09  3005  2769 67.75 
 451.14  3010  2841 97.25 
 451.19  3015  2912 129.75 
 451.25  3020  2984 131.25 
 451.29  3025  3056 241.75 
 451.34  3030  3128 421.75 
 451.39  3035  3200 532.5 
 451.44  3040  3273 542 
 451.49  3045  3345 792.25 
 451.54  3050  3417 1178.75 
 451.59  3055  3490 1306.25 
 451.64  3060  3562 1354 
 451.7  3065  3635 1653.25 
 451.74  3070  3707 2515 
 451.79  3075  3780 3145.5 
 451.84  3080  3853 3335.25 
 451.89  3085  3926 3859.75 
 451.94  3090  3998 3472.25 
 451.99  3095  4071 4255.75 
 452.04  3100  4145 4358 
 452.09  3105  4218 7243.5 
 452.15  3110  4291 8598.5 
 452.19  3115  4364 8510.5 
 452.24  3120  4438 8536.25 
 452.29  3125  4511 10255.25 
 452.34  3130  4585 10826.25 
 452.39  3135  4658 10660 
 452.44  3140  4732 12687 
 452.49  3145  4806 11256.25 
 452.54  3150  4880 14372 
 452.6  3155  4954 11760.5 
 452.64  3160  5028 10506 
 452.69  3165  5102 14393.25 
 452.74  3170  5176 17094 
 452.79  3175  5251 16793 
 452.84  3180  5325 12583.25 
 452.89  3185  5399 15527.75 
 452.94  3190  5474 16460.5 
 452.99  3195  5549 13987.25 
 453.05  3200  5623 15959.5 
 453.09  3205  5698 18124.25 
 453.14  3210  5773 14745 
 453.19  3215  5848 13787 
 453.24  3220  5923 14018.5 
 453.29  3225  5998 11082.75 
 453.34  3230  6073 10761.75 
 453.39  3235  6149 11660 
 453.44  3240  6224 12565.25 
 453.49  3245  6300 11743 
 453.54  3250  6375 9881.25 
end
uvIntegration time is 0.2294 seconds per sampledt  4E-08 cy 4dh270619El Arenosillo 37.1 6.73 3.29pr1000dark 3.8 
 454.85  2900  1280 78 
 454.89  2905  1350 69 
 454.93  2910  1420 63 
 454.97  2915  1490 72 
 455.01  2920  1561 62 
 455.05  2925  1631 69 
 455.1  2930  1702 67 
 455.13  2935  1773 71 
 455.17  2940  1843 73 
 455.21  2945  1914 76 
 455.25  2950  1985 73 
 455.29  2955  2056 81 
 455.33  2960  2127 83 
 455.37  2965  2198 84 
 455.42  2970  2269 99 
 455.46  2975  2340 117 
 455.49  2980  2411 122 
 455.53  2985  2483 113 
 455.57  2990  2554 168 
 455.61  2995  2626 197 
 455.65  3000  2697 218 
 455.69  3005  2769 279 
 455.73  3010  2841 450 
 455.78  3015  2912 621 
 455.82  3020  2984 623 
 455.86  3025  3056 1128 
 455.89  3030  3128 1899 
 455.93  3035  3200 2420 
 455.97  3040  3273 2533 
 456.01  3045  3345 3578 
 456.05  3050  3417 5414 
 456.09  3055  3490 5875 
 456.15  3060  3562 6067 
 456.19  3065  3635 7450 
 456.23  3070  3707 11124 
 456.27  3075  3780 13923 
 456.31  3080  3853 14750 
 456.35  3085  3926 17348 
 456.39  3090  3998 15271 
 456.43  3095  4071 18717 
 456.47  3100  4145 19164 
 456.51  3105  4218 31919 
 456.55  3110  4291 37664 
 456.59  3115  4364 36804 
 456.63  3120  4438 36844 
 456.67  3125  4511 44295 
 456.71  3130  4585 46416 
 456.75  3135  4658 45976 
 456.79  3140  4732 54626 
 456.83  3145  4806 48429 
 456.87  3150  4880 61425 
 456.91  3155  4954 50059 
 456.95  3160  5028 44857 
 456.99  3165  5102 61553 
 457.03  3170  5176 72673 
 457.07  3175  5251 71396 
 457.11  3180  5325 53422 
 457.15  3185  5399 65922 
 457.19  3190  5474 69632 
 457.23  3195  5549 59382 
 457.27  3200  5623 67732 
 457.31  3205  5698 76508 
 457.35  3210  5773 62432 
 457.39  3215  5848 58208 
 457.43  3220  5923 58874 
 457.47  3225  5998 46619 
 457.51  3230  6073 45463 
 457.55  3235  6149 49134 
 457.59  3240  6224 52919 
 457.63  3245  6300 49582 
 457.67  3250  6375 41174 
dark 3 
 457.8  3250  6375 41297 
 457.84  3245  6300 49477 
 457.88  3240  6224 52806 
 457.92  3235  6149 49274 
 457.96  3230  6073 45548 
 458.01  3225  5998 46893 
 458.05  3220  5923 59270 
 458.09  3215  5848 58225 
 458.12  3210  5773 62253 
 458.16  3205  5698 77354 
 458.2  3200  5623 68099 
 458.24  3195  5549 59856 
 458.28  3190  5474 70198 
 458.32  3185  5399 66885 
 458.37  3180  5325 54313 
 458.41  3175  5251 72367 
 458.45  3170  5176 74219 
 458.48  3165  5102 62185 
 458.52  3160  5028 45787 
 458.56  3155  4954 51410 
 458.6  3150  4880 63054 
 458.64  3145  4806 49871 
 458.69  3140  4732 55924 
 458.73  3135  4658 47392 
 458.77  3130  4585 47856 
 458.81  3125  4511 45617 
 458.84  3120  4438 38204 
 458.88  3115  4364 38405 
 458.92  3110  4291 39221 
 458.96  3105  4218 33289 
 459  3100  4145 20271 
 459.05  3095  4071 19465 
 459.09  3090  3998 16220 
 459.13  3085  3926 18291 
 459.17  3080  3853 15689 
 459.21  3075  3780 14733 
 459.24  3070  3707 12034 
 459.28  3065  3635 8007 
 459.32  3060  3562 6625 
 459.37  3055  3490 6410 
 459.41  3050  3417 5983 
 459.45  3045  3345 3967 
 459.49  3040  3273 2769 
 459.53  3035  3200 2744 
 459.56  3030  3128 2176 
 459.61  3025  3056 1264 
 459.64  3020  2984 707 
 459.68  3015  2912 721 
 459.73  3010  2841 513 
 459.77  3005  2769 310 
 459.81  3000  2697 263 
 459.85  2995  2626 228 
 459.89  2990  2554 181 
 459.93  2985  2483 124 
 459.96  2980  2411 121 
 460  2975  2340 140 
 460.04  2970  2269 91 
 460.09  2965  2198 92 
 460.13  2960  2127 79 
 460.17  2955  2056 87 
 460.21  2950  1985 74 
 460.25  2945  1914 86 
 460.29  2940  1843 92 
 460.32  2935  1773 75 
 460.36  2930  1702 73 
 460.4  2925  1631 77 
 460.45  2920  1561 73 
 460.49  2915  1490 73 
 460.53  2910  1420 75 
 460.57  2905  1350 82 
 460.61  2900  1280 69 
end
uvIntegration time is 0.2294 seconds per sampledt  4E-08 cy 4dh270619El Arenosillo 37.1 6.73 3.41pr1000dark 5.2 
 479.95  2900  1280 100 
 479.99  2905  1350 99 
 480.04  2910  1420 86 
 480.08  2915  1490 89 
 480.12  2920  1561 87 
 480.16  2925  1631 98 
 480.2  2930  1702 101 
 480.24  2935  1773 94 
 480.29  2940  1843 101 
 480.33  2945  1914 103 
 480.36  2950  1985 135 
 480.4  2955  2056 141 
 480.44  2960  2127 125 
 480.49  2965  2198 132 
 480.53  2970  2269 137 
 480.57  2975  2340 169 
 480.61  2980  2411 188 
 480.65  2985  2483 212 
 480.69  2990  2554 300 
 480.73  2995  2626 430 
 480.77  3000  2697 432 
 480.81  3005  2769 575 
 480.85  3010  2841 983 
 480.89  3015  2912 1368 
 480.94  3020  2984 1265 
 480.98  3025  3056 2409 
 481.02  3030  3128 4011 
 481.06  3035  3200 4998 
 481.1  3040  3273 4945 
 481.13  3045  3345 6979 
 481.18  3050  3417 10028 
 481.22  3055  3490 10674 
 481.26  3060  3562 10926 
 481.3  3065  3635 13147 
 481.34  3070  3707 19101 
 481.39  3075  3780 22931 
 481.43  3080  3853 24438 
 481.47  3085  3926 27975 
 481.51  3090  3998 24615 
 481.55  3095  4071 29014 
 481.59  3100  4145 29235 
 481.63  3105  4218 48648 
 481.67  3110  4291 56985 
 481.71  3115  4364 55164 
 481.76  3120  4438 54242 
 481.8  3125  4511 63409 
 481.84  3130  4585 66701 
 481.88  3135  4658 66473 
 481.92  3140  4732 77418 
 481.96  3145  4806 67227 
 482  3150  4880 85213 
 482.04  3155  4954 69865 
 482.08  3160  5028 61026 
 482.12  3165  5102 83222 
 482.16  3170  5176 98772 
 482.21  3175  5251 96615 
 482.25  3180  5325 71473 
 482.29  3185  5399 87188 
 482.33  3190  5474 91507 
 482.37  3195  5549 78678 
 482.41  3200  5623 89302 
 482.45  3205  5698 100337 
 482.49  3210  5773 80523 
 482.53  3215  5848 75312 
 482.57  3220  5923 77204 
 482.61  3225  5998 61526 
 482.66  3230  6073 58594 
 482.7  3235  6149 63012 
 482.74  3240  6224 67838 
 482.78  3245  6300 63592 
 482.82  3250  6375 53663 
dark 5.4 
 482.95  3250  6375 53652 
 483  3245  6300 63638 
 483.03  3240  6224 67860 
 483.07  3235  6149 63042 
 483.11  3230  6073 59027 
 483.16  3225  5998 61527 
 483.2  3220  5923 77691 
 483.24  3215  5848 75608 
 483.28  3210  5773 80794 
 483.32  3205  5698 101159 
 483.36  3200  5623 90635 
 483.41  3195  5549 79319 
 483.44  3190  5474 92216 
 483.48  3185  5399 88543 
 483.52  3180  5325 72205 
 483.56  3175  5251 97981 
 483.61  3170  5176 100220 
 483.65  3165  5102 84241 
 483.69  3160  5028 61493 
 483.73  3155  4954 70501 
 483.77  3150  4880 86668 
 483.82  3145  4806 68788 
 483.85  3140  4732 78620 
 483.89  3135  4658 68334 
 483.93  3130  4585 68278 
 483.97  3125  4511 65766 
 484.01  3120  4438 55775 
 484.06  3115  4364 56784 
 484.1  3110  4291 58820 
 484.14  3105  4218 50582 
 484.18  3100  4145 30873 
 484.22  3095  4071 30609 
 484.26  3090  3998 25719 
 484.3  3085  3926 29239 
 484.34  3080  3853 25835 
 484.38  3075  3780 24210 
 484.42  3070  3707 20328 
 484.46  3065  3635 13903 
 484.51  3060  3562 11798 
 484.55  3055  3490 11326 
 484.59  3050  3417 10810 
 484.63  3045  3345 7498 
 484.67  3040  3273 5457 
 484.71  3035  3200 5394 
 484.75  3030  3128 4468 
 484.79  3025  3056 2708 
 484.83  3020  2984 1399 
 484.87  3015  2912 1493 
 484.91  3010  2841 1099 
 484.96  3005  2769 688 
 485  3000  2697 497 
 485.04  2995  2626 468 
 485.08  2990  2554 362 
 485.12  2985  2483 232 
 485.16  2980  2411 221 
 485.2  2975  2340 193 
 485.24  2970  2269 156 
 485.28  2965  2198 177 
 485.32  2960  2127 136 
 485.37  2955  2056 120 
 485.41  2950  1985 130 
 485.45  2945  1914 109 
 485.49  2940  1843 137 
 485.53  2935  1773 111 
 485.57  2930  1702 115 
 485.61  2925  1631 105 
 485.65  2920  1561 102 
 485.69  2915  1490 99 
 485.73  2910  1420 101 
 485.77  2905  1350 119 
 485.82  2900  1280 93 
end
uvIntegration time is 0.2294 seconds per sampledt  4E-08 cy 4dh270619El Arenosillo 37.1 6.73 3.5pr1000dark 6.8 
 511.58  2900  1280 141 
 511.62  2905  1350 137 
 511.67  2910  1420 135 
 511.71  2915  1490 132 
 511.75  2920  1561 126 
 511.79  2925  1631 135 
 511.83  2930  1702 139 
 511.87  2935  1773 146 
 511.91  2940  1843 146 
 511.95  2945  1914 158 
 511.99  2950  1985 165 
 512.0301  2955  2056 182 
 512.07  2960  2127 194 
 512.11  2965  2198 207 
 512.16  2970  2269 248 
 512.2  2975  2340 349 
 512.24  2980  2411 407 
 512.2801  2985  2483 434 
 512.32  2990  2554 681 
 512.36  2995  2626 962 
 512.4001  3000  2697 1003 
 512.44  3005  2769 1336 
 512.48  3010  2841 2157 
 512.5201  3015  2912 2930 
 512.56  3020  2984 2762 
 512.61  3025  3056 5135 
 512.6501  3030  3128 8123 
 512.69  3035  3200 9750 
 512.73  3040  3273 9669 
 512.76  3045  3345 13063 
 512.81  3050  3417 18479 
 512.85  3055  3490 18691 
 512.89  3060  3562 19573 
 512.93  3065  3635 22810 
 512.97  3070  3707 32063 
 513.0201  3075  3780 37683 
 513.06  3080  3853 39707 
 513.1  3085  3926 44906 
 513.14  3090  3998 38979 
 513.17  3095  4071 44972 
 513.2101  3100  4145 45057 
 513.26  3105  4218 74147 
 513.3  3110  4291 85187 
 513.3401  3115  4364 81410 
 513.38  3120  4438 78354 
 513.43  3125  4511 91280 
 513.47  3130  4585 94815 
 513.51  3135  4658 95670 
 513.55  3140  4732 107779 
 513.5801  3145  4806 93831 
 513.63  3150  4880 117279 
 513.67  3155  4954 95776 
 513.7101  3160  5028 82883 
 513.75  3165  5102 112019 
 513.79  3170  5176 133078 
 513.8401  3175  5251 129856 
 513.88  3180  5325 95179 
 513.92  3185  5399 114647 
 513.9601  3190  5474 119241 
 514  3195  5549 103697 
 514.04  3200  5623 118559 
 514.0801  3205  5698 130926 
 514.12  3210  5773 103341 
 514.16  3215  5848 97821 
 514.2  3220  5923 100087 
 514.24  3225  5998 79084 
 514.29  3230  6073 75866 
 514.3301  3235  6149 79952 
 514.37  3240  6224 86038 
 514.41  3245  6300 80209 
 514.45  3250  6375 68890 
dark 7.4 
 514.5901  3250  6375 68940 
 514.63  3245  6300 80216 
 514.67  3240  6224 86477 
 514.7  3235  6149 80252 
 514.74  3230  6073 76203 
 514.79  3225  5998 79278 
 514.8301  3220  5923 100123 
 514.87  3215  5848 98676 
 514.91  3210  5773 103141 
 514.95  3205  5698 131714 
 514.99  3200  5623 119213 
 515.04  3195  5549 104889 
 515.0801  3190  5474 119981 
 515.12  3185  5399 116458 
 515.1501  3180  5325 96027 
 515.19  3175  5251 131389 
 515.24  3170  5176 134265 
 515.2801  3165  5102 113153 
 515.32  3160  5028 84507 
 515.36  3155  4954 97040 
 515.4001  3150  4880 118877 
 515.44  3145  4806 95264 
 515.49  3140  4732 109792 
 515.5301  3135  4658 97847 
 515.57  3130  4585 96669 
 515.6  3125  4511 93292 
 515.64  3120  4438 80290 
 515.68  3115  4364 83426 
 515.73  3110  4291 87102 
 515.7701  3105  4218 76240 
 515.81  3100  4145 46511 
 515.85  3095  4071 46500 
 515.89  3090  3998 39829 
 515.93  3085  3926 46490 
 515.97  3080  3853 41290 
 516.01  3075  3780 39386 
 516.05  3070  3707 33772 
 516.0901  3065  3635 23850 
 516.13  3060  3562 20587 
 516.18  3055  3490 19693 
 516.22  3050  3417 19332 
 516.26  3045  3345 13767 
 516.3  3040  3273 10186 
 516.3401  3035  3200 10521 
 516.38  3030  3128 8762 
 516.42  3025  3056 5689 
 516.4601  3020  2984 2978 
 516.5  3015  2912 3231 
 516.54  3010  2841 2381 
 516.5801  3005  2769 1488 
 516.63  3000  2697 1119 
 516.67  2995  2626 1038 
 516.7101  2990  2554 790 
 516.75  2985  2483 471 
 516.8  2980  2411 439 
 516.8401  2975  2340 392 
 516.87  2970  2269 276 
 516.91  2965  2198 212 
 516.95  2960  2127 213 
 517  2955  2056 187 
 517.04  2950  1985 160 
 517.0801  2945  1914 169 
 517.12  2940  1843 151 
 517.16  2935  1773 152 
 517.2  2930  1702 153 
 517.24  2925  1631 143 
 517.2801  2920  1561 134 
 517.32  2915  1490 145 
 517.36  2910  1420 158 
 517.41  2905  1350 158 
 517.45  2900  1280 134 
end
uvIntegration time is 0.2294 seconds per sampledt  4E-08 cy 4dh270619El Arenosillo 37.1 6.73 3.58pr1000dark 9.2 
 540.37  2900  1280 159 
 540.41  2905  1350 167 
 540.46  2910  1420 173 
 540.5  2915  1490 176 
 540.53  2920  1561 176 
 540.57  2925  1631 183 
 540.61  2930  1702 189 
 540.65  2935  1773 190 
 540.7  2940  1843 174 
 540.74  2945  1914 201 
 540.78  2950  1985 220 
 540.82  2955  2056 256 
 540.86  2960  2127 297 
 540.9  2965  2198 303 
 540.94  2970  2269 387 
 540.98  2975  2340 645 
 541.02  2980  2411 717 
 541.06  2985  2483 799 
 541.11  2990  2554 1317 
 541.15  2995  2626 1765 
 541.19  3000  2697 1773 
 541.23  3005  2769 2422 
 541.27  3010  2841 3797 
 541.31  3015  2912 5168 
 541.35  3020  2984 4684 
 541.39  3025  3056 8715 
 541.43  3030  3128 13365 
 541.47  3035  3200 15752 
 541.51  3040  3273 15365 
 541.56  3045  3345 20428 
 541.6  3050  3417 28338 
 541.64  3055  3490 28057 
 541.68  3060  3562 29035 
 541.72  3065  3635 33154 
 541.76  3070  3707 46113 
 541.8  3075  3780 53113 
 541.84  3080  3853 55768 
 541.88  3085  3926 62336 
 541.92  3090  3998 53224 
 541.96  3095  4071 61018 
 542  3100  4145 60205 
 542.05  3105  4218 98370 
 542.09  3110  4291 112016 
 542.13  3115  4364 107096 
 542.17  3120  4438 101713 
 542.2  3125  4511 117349 
 542.25  3130  4585 121052 
 542.29  3135  4658 123154 
 542.33  3140  4732 136694 
 542.37  3145  4806 117474 
 542.41  3150  4880 146844 
 542.45  3155  4954 120707 
 542.5  3160  5028 103742 
 542.54  3165  5102 137896 
 542.58  3170  5176 164392 
 542.61  3175  5251 160103 
 542.65  3180  5325 116807 
 542.7  3185  5399 140326 
 542.74  3190  5474 144524 
 542.78  3195  5549 126832 
 542.82  3200  5623 144871 
 542.86  3205  5698 159481 
 542.91  3210  5773 123423 
 542.95  3215  5848 118280 
 542.99  3220  5923 121450 
 543.02  3225  5998 96199 
 543.07  3230  6073 91876 
 543.11  3235  6149 96286 
 543.15  3240  6224 103275 
 543.19  3245  6300 96995 
 543.23  3250  6375 83339 
dark 10 
 543.37  3250  6375 83409 
 543.41  3245  6300 97270 
 543.45  3240  6224 103997 
 543.49  3235  6149 96386 
 543.52  3230  6073 92229 
 543.57  3225  5998 96767 
 543.61  3220  5923 122098 
 543.65  3215  5848 119363 
 543.69  3210  5773 124293 
 543.73  3205  5698 159722 
 543.78  3200  5623 145988 
 543.82  3195  5549 128368 
 543.85  3190  5474 145952 
 543.89  3185  5399 142326 
 543.93  3180  5325 117945 
 543.98  3175  5251 161938 
 544.02  3170  5176 166756 
 544.06  3165  5102 139989 
 544.1  3160  5028 104168 
 544.14  3155  4954 123027 
 544.18  3150  4880 148829 
 544.22  3145  4806 118861 
 544.26  3140  4732 139169 
 544.3  3135  4658 125169 
 544.34  3130  4585 123624 
 544.39  3125  4511 119829 
 544.43  3120  4438 103908 
 544.47  3115  4364 109204 
 544.51  3110  4291 114579 
 544.55  3105  4218 101276 
 544.59  3100  4145 61903 
 544.63  3095  4071 62412 
 544.67  3090  3998 54565 
 544.71  3085  3926 64450 
 544.75  3080  3853 57407 
 544.79  3075  3780 54757 
 544.84  3070  3707 47776 
 544.88  3065  3635 34385 
 544.92  3060  3562 30018 
 544.96  3055  3490 29160 
 545  3050  3417 29323 
 545.04  3045  3345 21283 
 545.08  3040  3273 15965 
 545.12  3035  3200 16697 
 545.16  3030  3128 14005 
 545.2  3025  3056 9143 
 545.25  3020  2984 4965 
 545.29  3015  2912 5440 
 545.33  3010  2841 4070 
 545.37  3005  2769 2644 
 545.4  3000  2697 1938 
 545.45  2995  2626 1903 
 545.49  2990  2554 1439 
 545.53  2985  2483 841 
 545.57  2980  2411 736 
 545.61  2975  2340 675 
 545.66  2970  2269 438 
 545.7  2965  2198 339 
 545.74  2960  2127 311 
 545.78  2955  2056 293 
 545.82  2950  1985 230 
 545.85  2945  1914 214 
 545.9  2940  1843 197 
 545.94  2935  1773 194 
 545.98  2930  1702 204 
 546.02  2925  1631 189 
 546.06  2920  1561 182 
 546.1  2915  1490 174 
 546.14  2910  1420 172 
 546.18  2905  1350 176 
 546.22  2900  1280 182 
end
uvIntegration time is 0.2294 seconds per sampledt  4E-08 cy 4dh270619El Arenosillo 37.1 6.73 3.64pr1000dark 14.4 
 569.92  2900  1280 205 
 569.96  2905  1350 229 
 570  2910  1420 200 
 570.04  2915  1490 211 
 570.08  2920  1561 216 
 570.12  2925  1631 219 
 570.16  2930  1702 225 
 570.2  2935  1773 236 
 570.24  2940  1843 264 
 570.28  2945  1914 258 
 570.32  2950  1985 302 
 570.36  2955  2056 368 
 570.4  2960  2127 463 
 570.44  2965  2198 531 
 570.48  2970  2269 616 
 570.52  2975  2340 999 
 570.56  2980  2411 1201 
 570.6  2985  2483 1265 
 570.64  2990  2554 2189 
 570.68  2995  2626 2961 
 570.72  3000  2697 2893 
 570.76  3005  2769 3948 
 570.8  3010  2841 5993 
 570.84  3015  2912 7895 
 570.88  3020  2984 7186 
 570.92  3025  3056 12849 
 570.96  3030  3128 19626 
 571  3035  3200 22982 
 571.04  3040  3273 22091 
 571.08  3045  3345 28798 
 571.12  3050  3417 39307 
 571.16  3055  3490 38922 
 571.2  3060  3562 39422 
 571.24  3065  3635 44949 
 571.28  3070  3707 61281 
 571.32  3075  3780 70100 
 571.36  3080  3853 72984 
 571.4  3085  3926 81525 
 571.44  3090  3998 69334 
 571.48  3095  4071 77939 
 571.52  3100  4145 76367 
 571.56  3105  4218 123844 
 571.6  3110  4291 141058 
 571.64  3115  4364 134309 
 571.68  3120  4438 125708 
 571.74  3125  4511 143948 
 571.78  3130  4585 149202 
 571.82  3135  4658 150648 
 571.85  3140  4732 167713 
 571.89  3145  4806 141673 
 571.93  3150  4880 176911 
 571.97  3155  4954 147460 
 572.02  3160  5028 123066 
 572.06  3165  5102 164398 
 572.1  3170  5176 194729 
 572.14  3175  5251 192132 
 572.18  3180  5325 139308 
 572.22  3185  5399 165160 
 572.25  3190  5474 170372 
 572.29  3195  5549 149379 
 572.33  3200  5623 170914 
 572.38  3205  5698 186115 
 572.42  3210  5773 143970 
 572.46  3215  5848 136961 
 572.5  3220  5923 142130 
 572.54  3225  5998 112618 
 572.57  3230  6073 106486 
 572.61  3235  6149 111294 
 572.65  3240  6224 119387 
 572.69  3245  6300 112721 
 572.74  3250  6375 96717 
dark 13.4 
 572.87  3250  6375 96876 
 572.91  3245  6300 112788 
 572.95  3240  6224 119889 
 572.99  3235  6149 111267 
 573.03  3230  6073 107338 
 573.07  3225  5998 113267 
 573.11  3220  5923 143149 
 573.15  3215  5848 137643 
 573.19  3210  5773 145681 
 573.23  3205  5698 187250 
 573.27  3200  5623 171581 
 573.31  3195  5549 150235 
 573.35  3190  5474 172425 
 573.39  3185  5399 166790 
 573.43  3180  5325 140491 
 573.47  3175  5251 194811 
 573.51  3170  5176 197144 
 573.55  3165  5102 165950 
 573.59  3160  5028 124602 
 573.63  3155  4954 147946 
 573.67  3150  4880 179272 
 573.71  3145  4806 143093 
 573.75  3140  4732 169211 
 573.79  3135  4658 152671 
 573.83  3130  4585 151089 
 573.87  3125  4511 146637 
 573.91  3120  4438 127609 
 573.95  3115  4364 136773 
 573.99  3110  4291 144036 
 574.03  3105  4218 127062 
 574.07  3100  4145 78138 
 574.11  3095  4071 79184 
 574.15  3090  3998 70869 
 574.19  3085  3926 83710 
 574.23  3080  3853 75235 
 574.27  3075  3780 72022 
 574.31  3070  3707 63175 
 574.35  3065  3635 46664 
 574.39  3060  3562 40743 
 574.43  3055  3490 40211 
 574.47  3050  3417 40626 
 574.51  3045  3345 30114 
 574.55  3040  3273 22981 
 574.59  3035  3200 23956 
 574.63  3030  3128 20549 
 574.67  3025  3056 13652 
 574.71  3020  2984 7469 
 574.75  3015  2912 8285 
 574.79  3010  2841 6458 
 574.83  3005  2769 4215 
 574.87  3000  2697 3117 
 574.91  2995  2626 3042 
 574.95  2990  2554 2324 
 574.99  2985  2483 1364 
 575.03  2980  2411 1279 
 575.07  2975  2340 1101 
 575.11  2970  2269 653 
 575.15  2965  2198 531 
 575.19  2960  2127 491 
 575.23  2955  2056 398 
 575.28  2950  1985 321 
 575.31  2945  1914 284 
 575.35  2940  1843 255 
 575.39  2935  1773 254 
 575.43  2930  1702 257 
 575.47  2925  1631 223 
 575.51  2920  1561 226 
 575.55  2915  1490 220 
 575.59  2910  1420 258 
 575.63  2905  1350 209 
 575.67  2900  1280 217 
end
uaIntegration time is 0.2294 seconds per sampledt  4E-08 cy 1dh270619El Arenosillo 37.1 6.73 3.68pr1000dark 4 
 600.04  2900  1280 67.25 
 600.1  2905  1350 60.5 
 600.15  2910  1420 66.5 
 600.2  2915  1490 68.5 
 600.25  2920  1561 71.5 
 600.3  2925  1631 79.25 
 600.35  2930  1702 76.5 
 600.4  2935  1773 74.25 
 600.45  2940  1843 78.25 
 600.49  2945  1914 85.5 
 600.54  2950  1985 94.5 
 600.6  2955  2056 132.5 
 600.64  2960  2127 167.5 
 600.7  2965  2198 190.5 
 600.75  2970  2269 231.5 
 600.8  2975  2340 405.5 
 600.85  2980  2411 466.75 
 600.9  2985  2483 481.5 
 600.95  2990  2554 838.25 
 601  2995  2626 1101.5 
 601.04  3000  2697 1086.25 
 601.09  3005  2769 1445.75 
 601.14  3010  2841 2218 
 601.19  3015  2912 2865.5 
 601.25  3020  2984 2541.75 
 601.3  3025  3056 4483.5 
 601.34  3030  3128 6763.25 
 601.4  3035  3200 7850.75 
 601.45  3040  3273 7433.25 
 601.5  3045  3345 9681.75 
 601.55  3050  3417 12928.75 
 601.6  3055  3490 12765 
 601.64  3060  3562 12743.25 
 601.69  3065  3635 14627.5 
 601.75  3070  3707 19543.5 
 601.82  3075  3780 22089 
 601.86  3080  3853 23018 
 601.9  3085  3926 25472 
 601.94  3090  3998 21646.25 
 602  3095  4071 23784.5 
 602.05  3100  4145 23372 
 602.1  3105  4218 37730.5 
 602.15  3110  4291 42844.25 
 602.2  3115  4364 40780.75 
 602.25  3120  4438 37651.75 
 602.3  3125  4511 42914 
 602.35  3130  4585 44073.25 
 602.39  3135  4658 44510.25 
 602.45  3140  4732 49506.75 
 602.5  3145  4806 41182.75 
 602.55  3150  4880 51898.5 
 602.6  3155  4954 43473.75 
 602.64  3160  5028 36047.25 
 602.7  3165  5102 47992 
 602.75  3170  5176 56843 
 602.8  3175  5251 55741 
 602.84  3180  5325 40516.25 
 602.9  3185  5399 47704 
 602.94  3190  5474 49579.75 
 603.01  3195  5549 43269.25 
 603.05  3200  5623 49163.75 
 603.09  3205  5698 53367.25 
 603.15  3210  5773 41171.5 
 603.2  3215  5848 39220 
 603.25  3220  5923 41036.5 
 603.3  3225  5998 32825.5 
 603.35  3230  6073 30373.75 
 603.4  3235  6149 31676 
 603.45  3240  6224 34123.75 
 603.5  3245  6300 32276.25 
 603.54  3250  6375 27732 
end
uaIntegration time is 0.2294 seconds per sampledt  4E-08 cy 1dh270619El Arenosillo 37.1 6.73 3.7pr1000dark 4.15 
 630.04  2900  1280 72.25 
 630.09  2905  1350 67 
 630.15  2910  1420 71.5 
 630.2  2915  1490 72 
 630.24  2920  1561 74.25 
 630.3  2925  1631 74.75 
 630.34  2930  1702 81.5 
 630.4  2935  1773 93 
 630.44  2940  1843 99 
 630.49  2945  1914 108.75 
 630.54  2950  1985 130 
 630.59  2955  2056 169.75 
 630.65  2960  2127 232.5 
 630.69  2965  2198 245.75 
 630.74  2970  2269 305.5 
 630.8  2975  2340 560.25 
 630.85  2980  2411 640 
 630.9  2985  2483 657.75 
 630.95  2990  2554 1130.25 
 630.99  2995  2626 1478 
 631.04  3000  2697 1451.5 
 631.09  3005  2769 1870 
 631.14  3010  2841 2831.25 
 631.19  3015  2912 3688.25 
 631.24  3020  2984 3137.25 
 631.29  3025  3056 5589 
 631.35  3030  3128 8297.75 
 631.4  3035  3200 9758 
 631.45  3040  3273 9136.5 
 631.49  3045  3345 11926.75 
 631.54  3050  3417 15481 
 631.59  3055  3490 15196.5 
 631.64  3060  3562 15182.75 
 631.7  3065  3635 17226.75 
 631.74  3070  3707 22762.25 
 631.79  3075  3780 25775.25 
 631.86  3080  3853 26755.75 
 631.9  3085  3926 29630 
 631.95  3090  3998 25049 
 632  3095  4071 27436 
 632.04  3100  4145 26600.75 
 632.1  3105  4218 42323.25 
 632.14  3110  4291 48783.75 
 632.2  3115  4364 46602.25 
 632.24  3120  4438 42641.75 
 632.29  3125  4511 48670.75 
 632.34  3130  4585 49891 
 632.4  3135  4658 50282.25 
 632.45  3140  4732 56103 
 632.5  3145  4806 46125 
 632.55  3150  4880 58000 
 632.6  3155  4954 49086.5 
 632.65  3160  5028 40123.25 
 632.69  3165  5102 53383.5 
 632.74  3170  5176 63143.75 
 632.79  3175  5251 62208.75 
 632.84  3180  5325 44969.75 
 632.9  3185  5399 52155 
 632.95  3190  5474 55286 
 632.99  3195  5549 47488.75 
 633.05  3200  5623 54303.75 
 633.1  3205  5698 59067.25 
 633.15  3210  5773 45666.5 
 633.2  3215  5848 43066.25 
 633.24  3220  5923 45641 
 633.29  3225  5998 36948.25 
 633.34  3230  6073 33182.25 
 633.39  3235  6149 34962.25 
 633.45  3240  6224 37408.75 
 633.5  3245  6300 35477.75 
 633.55  3250  6375 30525.75 
end
uaIntegration time is 0.2294 seconds per sampledt  4E-08 cy 1dh270619El Arenosillo 37.1 6.73 3.72pr1000dark 4.6 
 660.04  2900  1280 76.25 
 660.1  2905  1350 76.75 
 660.15  2910  1420 79.75 
 660.2  2915  1490 80.75 
 660.25  2920  1561 86.5 
 660.3  2925  1631 88.25 
 660.35  2930  1702 91.75 
 660.4  2935  1773 105 
 660.44  2940  1843 113 
 660.5  2945  1914 127.75 
 660.55  2950  1985 154.25 
 660.59  2955  2056 215 
 660.65  2960  2127 300.75 
 660.7  2965  2198 312.5 
 660.75  2970  2269 397.75 
 660.8  2975  2340 723.75 
 660.85  2980  2411 855 
 660.91  2985  2483 809 
 660.95  2990  2554 1445.5 
 661  2995  2626 1839.75 
 661.05  3000  2697 1799 
 661.09  3005  2769 2343.5 
 661.15  3010  2841 3460 
 661.2  3015  2912 4448.5 
 661.25  3020  2984 3769.5 
 661.3  3025  3056 6521.25 
 661.35  3030  3128 9670.5 
 661.4  3035  3200 11492.75 
 661.45  3040  3273 10728 
 661.5  3045  3345 13895.75 
 661.55  3050  3417 17849.75 
 661.6  3055  3490 17632.5 
 661.65  3060  3562 17163.5 
 661.7  3065  3635 19728 
 661.75  3070  3707 25410.75 
 661.8  3075  3780 28852.5 
 661.85  3080  3853 30146.25 
 661.9  3085  3926 33304 
 661.95  3090  3998 28040.25 
 662  3095  4071 30438.5 
 662.05  3100  4145 29488.5 
 662.1  3105  4218 46877.75 
 662.15  3110  4291 53845.25 
 662.2  3115  4364 51245.5 
 662.25  3120  4438 46685.25 
 662.3  3125  4511 52890.75 
 662.35  3130  4585 54484.5 
 662.4  3135  4658 54778 
 662.45  3140  4732 61430.5 
 662.5  3145  4806 50129.5 
 662.55  3150  4880 63029 
 662.6  3155  4954 53220.25 
 662.66  3160  5028 43623.75 
 662.69  3165  5102 57526.75 
 662.75  3170  5176 68158.25 
 662.8  3175  5251 68033 
 662.85  3180  5325 49134.25 
 662.9  3185  5399 55876.5 
 662.95  3190  5474 59573.5 
 663  3195  5549 51122.75 
 663.05  3200  5623 58648.25 
 663.1  3205  5698 63464.75 
 663.16  3210  5773 49435.5 
 663.19  3215  5848 46006.25 
 663.25  3220  5923 49422.75 
 663.3  3225  5998 39184.75 
 663.35  3230  6073 35965.75 
 663.4  3235  6149 37445.25 
 663.45  3240  6224 40239 
 663.5  3245  6300 38287.5 
 663.55  3250  6375 32698 
end
uvIntegration time is 0.2294 seconds per sampledt  4E-08 cy 4dh270619El Arenosillo 37.1 6.73 3.74pr1000dark 19.2 
 690.63  2900  1280 319 
 690.67  2905  1350 313 
 690.71  2910  1420 334 
 690.75  2915  1490 377 
 690.79  2920  1561 374 
 690.83  2925  1631 378 
 690.87  2930  1702 434 
 690.91  2935  1773 449 
 690.95  2940  1843 515 
 690.99  2945  1914 643 
 691.03  2950  1985 753 
 691.07  2955  2056 1050 
 691.11  2960  2127 1430 
 691.15  2965  2198 1535 
 691.19  2970  2269 1890 
 691.23  2975  2340 3460 
 691.27  2980  2411 3957 
 691.31  2985  2483 3853 
 691.35  2990  2554 6725 
 691.39  2995  2626 8514 
 691.43  3000  2697 8362 
 691.47  3005  2769 10882 
 691.51  3010  2841 15785 
 691.55  3015  2912 20359 
 691.59  3020  2984 17073 
 691.63  3025  3056 29454 
 691.67  3030  3128 43937 
 691.71  3035  3200 51652 
 691.75  3040  3273 48150 
 691.79  3045  3345 61302 
 691.83  3050  3417 79240 
 691.87  3055  3490 78332 
 691.91  3060  3562 75121 
 691.95  3065  3635 86365 
 691.99  3070  3707 111343 
 692.03  3075  3780 126279 
 692.07  3080  3853 131489 
 692.11  3085  3926 145131 
 692.15  3090  3998 122352 
 692.19  3095  4071 131680 
 692.23  3100  4145 126434 
 692.27  3105  4218 200425 
 692.31  3110  4291 231723 
 692.35  3115  4364 219482 
 692.39  3120  4438 200938 
 692.43  3125  4511 227719 
 692.47  3130  4585 233534 
 692.51  3135  4658 234209 
 692.55  3140  4732 262476 
 692.59  3145  4806 212451 
 692.63  3150  4880 267572 
 692.67  3155  4954 229029 
 692.71  3160  5028 185996 
 692.75  3165  5102 242758 
 692.79  3170  5176 288727 
 692.83  3175  5251 287304 
 692.87  3180  5325 208178 
 692.91  3185  5399 233968 
 692.95  3190  5474 251693 
 692.99  3195  5549 216841 
 693.03  3200  5623 248936 
 693.07  3205  5698 267799 
 693.11  3210  5773 207268 
 693.15  3215  5848 193177 
 693.19  3220  5923 207312 
 693.23  3225  5998 166017 
 693.27  3230  6073 150318 
 693.31  3235  6149 157331 
 693.35  3240  6224 168340 
 693.39  3245  6300 159672 
 693.43  3250  6375 137386 
dark 17.2 
 693.57  3250  6375 137824 
 693.6  3245  6300 160350 
 693.64  3240  6224 168462 
 693.68  3235  6149 157211 
 693.72  3230  6073 151175 
 693.76  3225  5998 165486 
 693.81  3220  5923 206586 
 693.85  3215  5848 193598 
 693.89  3210  5773 207216 
 693.93  3205  5698 267905 
 693.96  3200  5623 248391 
 694  3195  5549 217174 
 694.04  3190  5474 252628 
 694.08  3185  5399 236392 
 694.12  3180  5325 207884 
 694.17  3175  5251 287339 
 694.21  3170  5176 289498 
 694.25  3165  5102 243523 
 694.29  3160  5028 185767 
 694.33  3155  4954 227593 
 694.36  3150  4880 268488 
 694.4  3145  4806 212720 
 694.44  3140  4732 264081 
 694.48  3135  4658 235713 
 694.53  3130  4585 234937 
 694.57  3125  4511 228996 
 694.61  3120  4438 201831 
 694.65  3115  4364 221228 
 694.69  3110  4291 233354 
 694.72  3105  4218 203680 
 694.76  3100  4145 128053 
 694.8  3095  4071 132864 
 694.84  3090  3998 123167 
 694.89  3085  3926 146177 
 694.93  3080  3853 132699 
 694.97  3075  3780 127931 
 695.01  3070  3707 113969 
 695.05  3065  3635 87515 
 695.08  3060  3562 76478 
 695.12  3055  3490 79070 
 695.16  3050  3417 80911 
 695.21  3045  3345 62683 
 695.25  3040  3273 49068 
 695.29  3035  3200 52429 
 695.33  3030  3128 44766 
 695.37  3025  3056 30224 
 695.41  3020  2984 17505 
 695.45  3015  2912 20592 
 695.48  3010  2841 16259 
 695.52  3005  2769 11167 
 695.57  3000  2697 8448 
 695.61  2995  2626 8772 
 695.65  2990  2554 6897 
 695.69  2985  2483 3908 
 695.73  2980  2411 4053 
 695.77  2975  2340 3512 
 695.8  2970  2269 1915 
 695.84  2965  2198 1587 
 695.88  2960  2127 1492 
 695.93  2955  2056 1082 
 695.97  2950  1985 747 
 696.01  2945  1914 579 
 696.05  2940  1843 539 
 696.09  2935  1773 487 
 696.13  2930  1702 422 
 696.17  2925  1631 384 
 696.2  2920  1561 360 
 696.24  2915  1490 367 
 696.29  2910  1420 340 
 696.33  2905  1350 335 
 696.37  2900  1280 327 
end
uaIntegration time is 0.2294 seconds per sampledt  4E-08 cy 1dh270619El Arenosillo 37.1 6.73 3.76pr1000dark 5.55 
 720.04  2900  1280 87 
 720.09  2905  1350 88.75 
 720.15  2910  1420 86 
 720.19  2915  1490 93 
 720.24  2920  1561 94.75 
 720.29  2925  1631 99 
 720.34  2930  1702 102.25 
 720.4  2935  1773 122.25 
 720.45  2940  1843 139.25 
 720.49  2945  1914 166 
 720.55  2950  1985 208.25 
 720.6  2955  2056 286.25 
 720.65  2960  2127 396 
 720.69  2965  2198 431.5 
 720.75  2970  2269 520.5 
 720.79  2975  2340 937.75 
 720.84  2980  2411 1093.25 
 720.89  2985  2483 1017.75 
 720.94  2990  2554 1817.5 
 720.99  2995  2626 2322 
 721.05  3000  2697 2249 
 721.1  3005  2769 2950.25 
 721.15  3010  2841 4281 
 721.2  3015  2912 5473.5 
 721.24  3020  2984 4578.75 
 721.3  3025  3056 7729.75 
 721.34  3030  3128 11633.75 
 721.39  3035  3200 13717 
 721.45  3040  3273 12810.5 
 721.49  3045  3345 16289.5 
 721.54  3050  3417 20792.5 
 721.6  3055  3490 20745.25 
 721.65  3060  3562 19703.5 
 721.7  3065  3635 22735.5 
 721.74  3070  3707 29213.75 
 721.79  3075  3780 32894.25 
 721.85  3080  3853 34253 
 721.9  3085  3926 37839 
 721.94  3090  3998 32010.5 
 721.99  3095  4071 34230.25 
 722.04  3100  4145 32786 
 722.09  3105  4218 51375 
 722.15  3110  4291 60068.75 
 722.2  3115  4364 56947 
 722.25  3120  4438 51936.75 
 722.29  3125  4511 58857.25 
 722.35  3130  4585 60255.5 
 722.4  3135  4658 60424.5 
 722.45  3140  4732 68172.25 
 722.49  3145  4806 54798.5 
 722.54  3150  4880 68972.5 
 722.59  3155  4954 59406.25 
 722.65  3160  5028 47679.25 
 722.69  3165  5102 62661.75 
 722.75  3170  5176 74209.75 
 722.8  3175  5251 74485.5 
 722.85  3180  5325 53816 
 722.9  3185  5399 60259 
 722.94  3190  5474 64912.5 
 723  3195  5549 55600.25 
 723.04  3200  5623 64070.75 
 723.09  3205  5698 68956.75 
 723.14  3210  5773 53501.75 
 723.2  3215  5848 49382.5 
 723.24  3220  5923 53264.25 
 723.3  3225  5998 43194.25 
 723.35  3230  6073 38590.5 
 723.4  3235  6149 40451 
 723.45  3240  6224 43435.75 
 723.49  3245  6300 41311.75 
 723.54  3250  6375 35383 
end
uaIntegration time is 0.2294 seconds per sampledt  4E-08 cy 1dh270619El Arenosillo 37.1 6.73 3.76pr1000dark 4.9 
 750.04  2900  1280 85.5 
 750.1  2905  1350 86.25 
 750.15  2910  1420 92.75 
 750.2  2915  1490 92.25 
 750.25  2920  1561 103.75 
 750.3  2925  1631 104.5 
 750.35  2930  1702 110 
 750.41  2935  1773 126 
 750.44  2940  1843 141.25 
 750.5  2945  1914 162.25 
 750.54  2950  1985 204.25 
 750.59  2955  2056 300.25 
 750.65  2960  2127 409.25 
 750.7  2965  2198 442.25 
 750.75  2970  2269 534.25 
 750.8  2975  2340 973.5 
 750.85  2980  2411 1144.5 
 750.9  2985  2483 1060 
 750.95  2990  2554 1891 
 751  2995  2626 2403.5 
 751.05  3000  2697 2272.5 
 751.09  3005  2769 3012 
 751.15  3010  2841 4318 
 751.2  3015  2912 5550.25 
 751.25  3020  2984 4665.75 
 751.3  3025  3056 7888.75 
 751.35  3030  3128 12066.25 
 751.4  3035  3200 13973 
 751.45  3040  3273 13033.5 
 751.49  3045  3345 16622.75 
 751.55  3050  3417 21182.75 
 751.6  3055  3490 21141.5 
 751.65  3060  3562 20071.25 
 751.7  3065  3635 23142 
 751.75  3070  3707 29792 
 751.8  3075  3780 33600.5 
 751.85  3080  3853 34786.75 
 751.9  3085  3926 38341.25 
 751.95  3090  3998 32493.25 
 752  3095  4071 34718.25 
 752.05  3100  4145 33316.5 
 752.1  3105  4218 51930.25 
 752.14  3110  4291 60978 
 752.2  3115  4364 57771.25 
 752.25  3120  4438 52887.5 
 752.3  3125  4511 59695.5 
 752.35  3130  4585 61269.75 
 752.4  3135  4658 61313.5 
 752.45  3140  4732 68690.75 
 752.5  3145  4806 55788 
 752.53  3150  4880 70033.75 
 752.6  3155  4954 58701.25 
 752.65  3160  5028 48407.75 
 752.7  3165  5102 63689.5 
 752.75  3170  5176 75413.25 
 752.8  3175  5251 75121 
 752.85  3180  5325 54401.25 
 752.9  3185  5399 61633.75 
 752.95  3190  5474 65325.25 
 753  3195  5549 56663.25 
 753.05  3200  5623 64924.5 
 753.1  3205  5698 69964.75 
 753.15  3210  5773 54418.75 
 753.2  3215  5848 50098 
 753.25  3220  5923 54223.25 
 753.3  3225  5998 43043.5 
 753.35  3230  6073 39200.75 
 753.4  3235  6149 40746.5 
 753.45  3240  6224 43740 
 753.5  3245  6300 41580 
 753.55  3250  6375 35791.75 
end
uaIntegration time is 0.2294 seconds per sampledt  4E-08 cy 1dh270619El Arenosillo 37.1 6.73 3.74pr1000dark 4.85 
 780.05  2900  1280 95.75 
 780.1  2905  1350 87.5 
 780.16  2910  1420 93.5 
 780.21  2915  1490 97.75 
 780.26  2920  1561 102.25 
 780.31  2925  1631 100.25 
 780.36  2930  1702 115.5 
 780.41  2935  1773 129 
 780.45  2940  1843 143.5 
 780.5  2945  1914 172.75 
 780.56  2950  1985 207.75 
 780.6  2955  2056 287.75 
 780.66  2960  2127 411 
 780.7  2965  2198 439 
 780.76  2970  2269 527.75 
 780.81  2975  2340 971.5 
 780.86  2980  2411 1131.25 
 780.91  2985  2483 1069.25 
 780.97  2990  2554 1885.5 
 781.01  2995  2626 2423.25 
 781.06  3000  2697 2315 
 781.1  3005  2769 3030.75 
 781.16  3010  2841 4326.25 
 781.2  3015  2912 5484.75 
 781.26  3020  2984 4592.25 
 781.31  3025  3056 7517.5 
 781.36  3030  3128 11445 
 781.41  3035  3200 13148.25 
 781.46  3040  3273 12571.5 
 781.51  3045  3345 14634.25 
 781.56  3050  3417 18240.25 
 781.61  3055  3490 18326 
 781.66  3060  3562 18038.5 
 781.7  3065  3635 19558.75 
 781.75  3070  3707 25301.5 
 781.81  3075  3780 29679 
 781.85  3080  3853 32760.5 
 781.91  3085  3926 32847.5 
 781.96  3090  3998 25781.75 
 782.01  3095  4071 27487 
 782.06  3100  4145 26163.5 
 782.11  3105  4218 44663.25 
 782.15  3110  4291 53293.25 
 782.21  3115  4364 49780.25 
 782.26  3120  4438 44160.75 
 782.31  3125  4511 49080.25 
 782.36  3130  4585 48446.75 
 782.41  3135  4658 48408.5 
 782.46  3140  4732 54806.5 
 782.51  3145  4806 44326.75 
 782.56  3150  4880 55354 
 782.61  3155  4954 45030.5 
 782.66  3160  5028 36810.75 
 782.7  3165  5102 47741.25 
 782.76  3170  5176 57202.5 
 782.8  3175  5251 57268.5 
 782.85  3180  5325 41805.5 
 782.91  3185  5399 46987.25 
 782.96  3190  5474 51068.25 
 783.01  3195  5549 46225.25 
 783.06  3200  5623 52816.5 
 783.11  3205  5698 57900 
 783.16  3210  5773 46489 
 783.2  3215  5848 43432.25 
 783.26  3220  5923 46011.25 
 783.31  3225  5998 36890.75 
 783.36  3230  6073 35035.25 
 783.41  3235  6149 35891.5 
 783.45  3240  6224 36658 
 783.51  3245  6300 34415.75 
 783.56  3250  6375 29815.25 
end
uaIntegration time is 0.2294 seconds per sampledt  4E-08 cy 1dh270619El Arenosillo 37.1 6.73 3.72pr1000dark 4.65 
 810.04  2900  1280 82 
 810.1  2905  1350 81 
 810.15  2910  1420 81.75 
 810.2  2915  1490 94.25 
 810.25  2920  1561 90.25 
 810.3  2925  1631 97.75 
 810.34  2930  1702 99.25 
 810.4  2935  1773 113 
 810.44  2940  1843 121.5 
 810.5  2945  1914 143.5 
 810.55  2950  1985 181.5 
 810.6  2955  2056 248.5 
 810.65  2960  2127 345.5 
 810.7  2965  2198 362 
 810.75  2970  2269 439.75 
 810.8  2975  2340 804.25 
 810.85  2980  2411 940.25 
 810.91  2985  2483 918.75 
 810.95  2990  2554 1614.25 
 811  2995  2626 2060 
 811.04  3000  2697 1961 
 811.1  3005  2769 2560.25 
 811.15  3010  2841 3784.25 
 811.2  3015  2912 4867.5 
 811.25  3020  2984 4088 
 811.31  3025  3056 7250.75 
 811.35  3030  3128 10707.25 
 811.4  3035  3200 12425 
 811.45  3040  3273 11672.5 
 811.49  3045  3345 14898 
 811.55  3050  3417 19070 
 811.61  3055  3490 18830.75 
 811.65  3060  3562 18265.5 
 811.7  3065  3635 20881.25 
 811.75  3070  3707 27356.5 
 811.8  3075  3780 30655.25 
 811.85  3080  3853 31671.25 
 811.9  3085  3926 34975.25 
 811.95  3090  3998 29427.75 
 812  3095  4071 31723.75 
 812.06  3100  4145 30532 
 812.09  3105  4218 48447 
 812.15  3110  4291 56084.75 
 812.2  3115  4364 52992.75 
 812.25  3120  4438 48630 
 812.3  3125  4511 55271.5 
 812.35  3130  4585 56494.5 
 812.4  3135  4658 56783.5 
 812.45  3140  4732 63459 
 812.5  3145  4806 51847.5 
 812.54  3150  4880 65181 
 812.6  3155  4954 54509.25 
 812.65  3160  5028 45146.75 
 812.7  3165  5102 59560.75 
 812.75  3170  5176 70487.25 
 812.8  3175  5251 70316 
 812.84  3180  5325 50564 
 812.9  3185  5399 58191 
 812.95  3190  5474 60531.75 
 813  3195  5549 53167.75 
 813.05  3200  5623 60592 
 813.1  3205  5698 65146 
 813.16  3210  5773 51294 
 813.2  3215  5848 46999 
 813.25  3220  5923 50435.5 
 813.3  3225  5998 40071.25 
 813.36  3230  6073 36739.75 
 813.4  3235  6149 38227.25 
 813.45  3240  6224 40992.25 
 813.5  3245  6300 38943.5 
 813.55  3250  6375 33360.75 
end
uaIntegration time is 0.2294 seconds per sampledt  4E-08 cy 1dh270619El Arenosillo 37.1 6.73 3.72pr1000dark 4.05 
 840.04  2900  1280 76.75 
 840.09  2905  1350 72.75 
 840.14  2910  1420 79 
 840.19  2915  1490 76.25 
 840.24  2920  1561 80.75 
 840.29  2925  1631 83 
 840.34  2930  1702 96.75 
 840.39  2935  1773 96.5 
 840.44  2940  1843 107.75 
 840.49  2945  1914 127.5 
 840.54  2950  1985 145.25 
 840.59  2955  2056 207.75 
 840.64  2960  2127 295.5 
 840.69  2965  2198 301.5 
 840.74  2970  2269 362.5 
 840.8  2975  2340 677 
 840.84  2980  2411 788 
 840.89  2985  2483 755 
 840.94  2990  2554 1359 
 840.99  2995  2626 1749 
 841.04  3000  2697 1665.5 
 841.09  3005  2769 2212 
 841.14  3010  2841 3198 
 841.19  3015  2912 4239.5 
 841.24  3020  2984 3605.75 
 841.29  3025  3056 6359 
 841.34  3030  3128 9419.25 
 841.39  3035  3200 10949 
 841.44  3040  3273 10297.25 
 841.49  3045  3345 13301.25 
 841.54  3050  3417 17106.25 
 841.59  3055  3490 17142 
 841.65  3060  3562 16522.25 
 841.69  3065  3635 18922.25 
 841.74  3070  3707 24867 
 841.79  3075  3780 27968.25 
 841.84  3080  3853 29044.25 
 841.89  3085  3926 32181.75 
 841.94  3090  3998 27313.25 
 841.99  3095  4071 29245.25 
 842.04  3100  4145 28487 
 842.1  3105  4218 45812 
 842.14  3110  4291 52201.75 
 842.19  3115  4364 49125.75 
 842.24  3120  4438 45372 
 842.29  3125  4511 51537.25 
 842.34  3130  4585 52807.25 
 842.39  3135  4658 53148.5 
 842.44  3140  4732 59358.75 
 842.5  3145  4806 48538 
 842.54  3150  4880 61104.75 
 842.59  3155  4954 51133.5 
 842.64  3160  5028 42529.25 
 842.69  3165  5102 55819.75 
 842.74  3170  5176 65775.5 
 842.79  3175  5251 66019.75 
 842.84  3180  5325 47625.5 
 842.91  3185  5399 54215.5 
 842.95  3190  5474 57175.5 
 843  3195  5549 49976.5 
 843.04  3200  5623 56992.25 
 843.09  3205  5698 61662.75 
 843.14  3210  5773 48140 
 843.19  3215  5848 44537 
 843.24  3220  5923 47543.5 
 843.29  3225  5998 37437.25 
 843.34  3230  6073 34776 
 843.39  3235  6149 36180 
 843.45  3240  6224 38742 
 843.49  3245  6300 37044 
 843.54  3250  6375 31623 
end
