ufIntegration time is 0.2294 seconds per sampledt  4E-08 cy 4dh220619El Arenosillo 37.1 6.73 2.94pr1000dark 1.6 
 299.48  2900  1280 3 
 299.51  2905  1350 2 
 299.55  2910  1420 3 
 299.58  2915  1490 1 
 299.62  2920  1561 2 
 299.65  2925  1631 2 
 299.69  2930  1702 2 
 299.72  2935  1773 3 
 299.76  2940  1843 2 
 299.79  2945  1914 1 
 299.83  2950  1985 2 
 299.86  2955  2056 2 
 299.9  2960  2127 0 
 299.93  2965  2198 1 
 299.97  2970  2269 2 
 300  2975  2340 1 
 300.04  2980  2411 4 
 300.07  2985  2483 3 
 300.11  2990  2554 3 
 300.14  2995  2626 2 
 300.18  3000  2697 2 
 300.21  3005  2769 4 
 300.25  3010  2841 2 
 300.28  3015  2912 3 
 300.32  3020  2984 5 
 300.35  3025  3056 5 
 300.39  3030  3128 9 
 300.42  3035  3200 5 
 300.46  3040  3273 9 
 300.49  3045  3345 9 
 300.53  3050  3417 11 
 300.56  3055  3490 10 
 300.6  3060  3562 13 
 300.63  3065  3635 12 
 300.67  3070  3707 21 
 300.7  3075  3780 25 
 300.74  3080  3853 25 
 300.77  3085  3926 27 
 300.81  3090  3998 23 
 300.84  3095  4071 31 
 300.88  3100  4145 27 
 300.91  3105  4218 54 
 300.95  3110  4291 58 
 300.98  3115  4364 65 
 301.02  3120  4438 58 
 301.05  3125  4511 75 
 301.09  3130  4585 84 
 301.12  3135  4658 82 
 301.16  3140  4732 104 
 301.19  3145  4806 91 
 301.23  3150  4880 148 
 301.26  3155  4954 94 
 301.3  3160  5028 88 
 301.33  3165  5102 130 
 301.37  3170  5176 155 
 301.4  3175  5251 157 
 301.44  3180  5325 116 
 301.47  3185  5399 159 
 301.5  3190  5474 188 
 301.54  3195  5549 147 
 301.58  3200  5623 165 
 301.61  3205  5698 212 
 301.64  3210  5773 198 
 301.68  3215  5848 204 
 301.72  3220  5923 168 
 301.75  3225  5998 150 
 301.78  3230  6073 156 
 301.82  3235  6149 209 
 301.85  3240  6224 281 
 301.89  3245  6300 202 
 301.92  3250  6375 161 
end
uaIntegration time is 0.2294 seconds per sampledt  4E-08 cy 1dh220619El Arenosillo 37.1 6.73 3.27pr1000dark .8 
 480.02  2900  1280 22.25 
 480.07  2905  1350 22.25 
 480.12  2910  1420 24.75 
 480.17  2915  1490 24 
 480.22  2920  1561 24.25 
 480.27  2925  1631 26.25 
 480.32  2930  1702 28 
 480.37  2935  1773 24.75 
 480.42  2940  1843 35.25 
 480.47  2945  1914 30.5 
 480.52  2950  1985 29.75 
 480.57  2955  2056 29 
 480.62  2960  2127 33.25 
 480.67  2965  2198 34 
 480.72  2970  2269 40 
 480.77  2975  2340 41.25 
 480.82  2980  2411 43.5 
 480.87  2985  2483 47.75 
 480.92  2990  2554 68.75 
 480.97  2995  2626 89.5 
 481.02  3000  2697 97 
 481.07  3005  2769 135.25 
 481.12  3010  2841 228.25 
 481.17  3015  2912 303.25 
 481.22  3020  2984 300.25 
 481.27  3025  3056 557 
 481.32  3030  3128 906.25 
 481.37  3035  3200 1148.5 
 481.42  3040  3273 1171.5 
 481.47  3045  3345 1664.75 
 481.52  3050  3417 2454.25 
 481.57  3055  3490 2534.75 
 481.62  3060  3562 2663.25 
 481.67  3065  3635 3199.5 
 481.72  3070  3707 4653.75 
 481.77  3075  3780 5650.75 
 481.82  3080  3853 6126.25 
 481.87  3085  3926 6984.75 
 481.92  3090  3998 6181.25 
 481.97  3095  4071 7346.75 
 482.02  3100  4145 7466.75 
 482.07  3105  4218 12294.5 
 482.12  3110  4291 14425.75 
 482.17  3115  4364 14123.5 
 482.22  3120  4438 13867.5 
 482.27  3125  4511 16430.25 
 482.32  3130  4585 17117.75 
 482.37  3135  4658 17305.5 
 482.42  3140  4732 20057.25 
 482.47  3145  4806 17506.75 
 482.52  3150  4880 22258.75 
 482.57  3155  4954 18340.5 
 482.62  3160  5028 15882.5 
 482.67  3165  5102 21823.75 
 482.72  3170  5176 25926.5 
 482.77  3175  5251 25218.75 
 482.82  3180  5325 18815.25 
 482.87  3185  5399 22964.75 
 482.92  3190  5474 24596.25 
 482.97  3195  5549 20577.75 
 483.02  3200  5623 23517.25 
 483.07  3205  5698 26603.75 
 483.12  3210  5773 21153 
 483.17  3215  5848 19981.25 
 483.22  3220  5923 20488.75 
 483.27  3225  5998 16641.5 
 483.32  3230  6073 15427.25 
 483.37  3235  6149 16754 
 483.42  3240  6224 17990 
 483.47  3245  6300 16915.75 
 483.52  3250  6375 14226.25 
end
uaIntegration time is 0.2294 seconds per sampledt  4E-08 cy 1dh220619El Arenosillo 37.1 6.73 3.62pr1000dark 3.05 
 600.02  2900  1280 69.5 
 600.07  2905  1350 62 
 600.12  2910  1420 71.25 
 600.17  2915  1490 61.75 
 600.22  2920  1561 66 
 600.27  2925  1631 69.75 
 600.32  2930  1702 69.5 
 600.37  2935  1773 82 
 600.42  2940  1843 76.25 
 600.47  2945  1914 89.5 
 600.52  2950  1985 106.75 
 600.57  2955  2056 116.25 
 600.62  2960  2127 146 
 600.67  2965  2198 168.75 
 600.72  2970  2269 198.25 
 600.77  2975  2340 343 
 600.82  2980  2411 395.5 
 600.87  2985  2483 403.75 
 600.92  2990  2554 709.75 
 600.97  2995  2626 944.5 
 601.02  3000  2697 961.5 
 601.07  3005  2769 1279.75 
 601.12  3010  2841 1975.25 
 601.17  3015  2912 2583.5 
 601.22  3020  2984 2252 
 601.27  3025  3056 4017.75 
 601.32  3030  3128 6165 
 601.37  3035  3200 7398.75 
 601.42  3040  3273 7022 
 601.47  3045  3345 9210.5 
 601.52  3050  3417 12274.5 
 601.57  3055  3490 12265.5 
 601.62  3060  3562 12220.25 
 601.67  3065  3635 14088 
 601.72  3070  3707 18906.75 
 601.77  3075  3780 21605.25 
 601.82  3080  3853 22557.25 
 601.87  3085  3926 25180.75 
 601.92  3090  3998 21439.25 
 601.97  3095  4071 23625 
 602.02  3100  4145 23129.75 
 602.07  3105  4218 37190.75 
 602.12  3110  4291 43009.75 
 602.17  3115  4364 41273 
 602.22  3120  4438 38157.75 
 602.27  3125  4511 43743.25 
 602.32  3130  4585 45109.5 
 602.37  3135  4658 45482.75 
 602.42  3140  4732 50835.25 
 602.47  3145  4806 42562.75 
 602.52  3150  4880 53369.75 
 602.57  3155  4954 44740.25 
 602.62  3160  5028 37203.25 
 602.67  3165  5102 49447 
 602.72  3170  5176 58963.75 
 602.77  3175  5251 57807.75 
 602.82  3180  5325 42063.5 
 602.87  3185  5399 48779.5 
 602.92  3190  5474 52185 
 602.97  3195  5549 44568.5 
 603.02  3200  5623 51101.5 
 603.07  3205  5698 55854.5 
 603.12  3210  5773 43334.5 
 603.17  3215  5848 40834.75 
 603.22  3220  5923 43043.75 
 603.27  3225  5998 34811 
 603.32  3230  6073 31429.5 
 603.37  3235  6149 33302.75 
 603.42  3240  6224 35678.25 
 603.47  3245  6300 33832.75 
 603.52  3250  6375 28959.5 
end
uaIntegration time is 0.2294 seconds per sampledt  4E-08 cy 1dh220619El Arenosillo 37.1 6.73 3.62pr1000dark 2.7 
 605.02  2900  1280 63 
 605.07  2905  1350 67 
 605.12  2910  1420 62.75 
 605.17  2915  1490 70.25 
 605.22  2920  1561 74.25 
 605.27  2925  1631 68 
 605.32  2930  1702 70.5 
 605.37  2935  1773 77 
 605.42  2940  1843 80.25 
 605.47  2945  1914 86.5 
 605.52  2950  1985 99 
 605.57  2955  2056 118.5 
 605.62  2960  2127 158 
 605.67  2965  2198 174.75 
 605.72  2970  2269 210.75 
 605.77  2975  2340 362 
 605.82  2980  2411 418.75 
 605.87  2985  2483 442.5 
 605.92  2990  2554 765.5 
 605.97  2995  2626 1011.5 
 606.02  3000  2697 1014.75 
 606.07  3005  2769 1351.25 
 606.12  3010  2841 2077.25 
 606.17  3015  2912 2703 
 606.22  3020  2984 2378.75 
 606.27  3025  3056 4194 
 606.32  3030  3128 6358.25 
 606.37  3035  3200 7635.25 
 606.42  3040  3273 7290.5 
 606.47  3045  3345 9612.25 
 606.52  3050  3417 12792 
 606.57  3055  3490 12785.75 
 606.62  3060  3562 12470 
 606.67  3065  3635 14555.75 
 606.72  3070  3707 19309.75 
 606.77  3075  3780 22182.75 
 606.82  3080  3853 23236.75 
 606.87  3085  3926 25959 
 606.92  3090  3998 22118.75 
 606.97  3095  4071 24476.75 
 607.02  3100  4145 23702.75 
 607.07  3105  4218 37872 
 607.12  3110  4291 44297.75 
 607.17  3115  4364 42165.75 
 607.22  3120  4438 39192.25 
 607.27  3125  4511 44955.75 
 607.32  3130  4585 46199.25 
 607.37  3135  4658 46421.5 
 607.42  3140  4732 52318.75 
 607.47  3145  4806 43131.75 
 607.52  3150  4880 54550 
 607.57  3155  4954 46137.75 
 607.62  3160  5028 38069.5 
 607.67  3165  5102 50548.5 
 607.72  3170  5176 59919.75 
 607.77  3175  5251 59546.25 
 607.82  3180  5325 43169.25 
 607.87  3185  5399 49638.75 
 607.92  3190  5474 53063.75 
 607.97  3195  5549 45457 
 608.02  3200  5623 52061 
 608.07  3205  5698 56857.25 
 608.12  3210  5773 44147.75 
 608.17  3215  5848 41422.5 
 608.22  3220  5923 43839.5 
 608.27  3225  5998 35090 
 608.32  3230  6073 32245.5 
 608.37  3235  6149 33811 
 608.42  3240  6224 36282.5 
 608.47  3245  6300 34551.5 
 608.52  3250  6375 29479.25 
end
uaIntegration time is 0.2294 seconds per sampledt  4E-08 cy 1dh220619El Arenosillo 37.1 6.73 3.68pr1000dark 3.8 
 661.02  2900  1280 73.5 
 661.07  2905  1350 75.75 
 661.12  2910  1420 78.5 
 661.17  2915  1490 80.5 
 661.22  2920  1561 81.25 
 661.27  2925  1631 79.5 
 661.32  2930  1702 97 
 661.37  2935  1773 99 
 661.42  2940  1843 103.25 
 661.47  2945  1914 112.25 
 661.52  2950  1985 141.25 
 661.57  2955  2056 190 
 661.62  2960  2127 257.5 
 661.67  2965  2198 276.75 
 661.72  2970  2269 342.5 
 661.77  2975  2340 605 
 661.82  2980  2411 726.25 
 661.87  2985  2483 695.5 
 661.92  2990  2554 1235.5 
 661.97  2995  2626 1609.5 
 662.02  3000  2697 1583.25 
 662.07  3005  2769 2104.75 
 662.12  3010  2841 3146.75 
 662.17  3015  2912 4106.25 
 662.22  3020  2984 3473.5 
 662.27  3025  3056 6031 
 662.32  3030  3128 9149.75 
 662.37  3035  3200 10843.75 
 662.42  3040  3273 10170.25 
 662.47  3045  3345 13102.5 
 662.52  3050  3417 17120.75 
 662.57  3055  3490 17050.25 
 662.62  3060  3562 16481.25 
 662.67  3065  3635 19200 
 662.72  3070  3707 24992.5 
 662.77  3075  3780 28560.25 
 662.82  3080  3853 29852.5 
 662.87  3085  3926 33080 
 662.92  3090  3998 28127.75 
 662.97  3095  4071 30440 
 663.02  3100  4145 29308 
 663.07  3105  4218 46186.75 
 663.12  3110  4291 54214.5 
 663.17  3115  4364 51523.75 
 663.22  3120  4438 47379 
 663.27  3125  4511 53996.75 
 663.32  3130  4585 55250.75 
 663.37  3135  4658 55211 
 663.42  3140  4732 62316 
 663.47  3145  4806 50744.75 
 663.52  3150  4880 64100.5 
 663.57  3155  4954 54604 
 663.62  3160  5028 44255.5 
 663.67  3165  5102 58335 
 663.72  3170  5176 69365.75 
 663.77  3175  5251 69354.5 
 663.82  3180  5325 50171.75 
 663.87  3185  5399 56880.5 
 663.92  3190  5474 60997.25 
 663.97  3195  5549 52305.75 
 664.02  3200  5623 60236.25 
 664.07  3205  5698 65108.75 
 664.12  3210  5773 50764 
 664.17  3215  5848 47089 
 664.22  3220  5923 50565 
 664.27  3225  5998 40526.5 
 664.32  3230  6073 36839.75 
 664.37  3235  6149 38500.5 
 664.42  3240  6224 41316.25 
 664.47  3245  6300 39280.75 
 664.52  3250  6375 33604.25 
end
ufIntegration time is 0.2294 seconds per sampledt  4E-08 cy 4dh220619El Arenosillo 37.1 6.73 3.7pr1000dark 17 
 719.5  2900  1280 335 
 719.53  2905  1350 354 
 719.56  2910  1420 347 
 719.6  2915  1490 360 
 719.64  2920  1561 369 
 719.67  2925  1631 381 
 719.7  2930  1702 419 
 719.74  2935  1773 468 
 719.77  2940  1843 517 
 719.81  2945  1914 587 
 719.84  2950  1985 655 
 719.88  2955  2056 964 
 719.91  2960  2127 1362 
 719.95  2965  2198 1476 
 719.98  2970  2269 1797 
 720.02  2975  2340 3270 
 720.05  2980  2411 3758 
 720.09  2985  2483 3715 
 720.12  2990  2554 6446 
 720.16  2995  2626 8220 
 720.19  3000  2697 7956 
 720.23  3005  2769 10565 
 720.26  3010  2841 15583 
 720.3  3015  2912 20042 
 720.33  3020  2984 17058 
 720.37  3025  3056 29260 
 720.4  3030  3128 43822 
 720.44  3035  3200 51625 
 720.47  3040  3273 48197 
 720.51  3045  3345 62299 
 720.54  3050  3417 80494 
 720.58  3055  3490 79940 
 720.61  3060  3562 76665 
 720.65  3065  3635 88423 
 720.68  3070  3707 113940 
 720.72  3075  3780 129528 
 720.75  3080  3853 135215 
 720.79  3085  3926 148745 
 720.82  3090  3998 126199 
 720.86  3095  4071 136510 
 720.89  3100  4145 130690 
 720.93  3105  4218 205815 
 720.96  3110  4291 240752 
 721  3115  4364 228642 
 721.03  3120  4438 209783 
 721.07  3125  4511 237937 
 721.1  3130  4585 243448 
 721.14  3135  4658 244632 
 721.17  3140  4732 274571 
 721.21  3145  4806 222231 
 721.24  3150  4880 280341 
 721.28  3155  4954 238980 
 721.31  3160  5028 195056 
 721.35  3165  5102 255183 
 721.38  3170  5176 303554 
 721.42  3175  5251 302348 
 721.45  3180  5325 218698 
 721.49  3185  5399 245973 
 721.52  3190  5474 266278 
 721.56  3195  5549 228025 
 721.59  3200  5623 261551 
 721.63  3205  5698 282628 
 721.66  3210  5773 218903 
 721.7  3215  5848 204690 
 721.73  3220  5923 219086 
 721.77  3225  5998 175340 
 721.8  3230  6073 158552 
 721.84  3235  6149 165671 
 721.87  3240  6224 177303 
 721.91  3245  6300 168053 
 721.94  3250  6375 143614 
end
ufIntegration time is 0.2294 seconds per sampledt  4E-08 cy 4dh220619El Arenosillo 37.1 6.73 3.74pr1000dark 18.8 
 767.44  2900  1280 327 
 767.47  2905  1350 363 
 767.51  2910  1420 339 
 767.54  2915  1490 369 
 767.58  2920  1561 368 
 767.61  2925  1631 388 
 767.65  2930  1702 424 
 767.68  2935  1773 457 
 767.72  2940  1843 484 
 767.75  2945  1914 571 
 767.79  2950  1985 701 
 767.82  2955  2056 953 
 767.86  2960  2127 1324 
 767.89  2965  2198 1397 
 767.93  2970  2269 1710 
 767.96  2975  2340 3136 
 768  2980  2411 3703 
 768.03  2985  2483 3511 
 768.07  2990  2554 6224 
 768.1  2995  2626 8009 
 768.14  3000  2697 7715 
 768.17  3005  2769 10314 
 768.21  3010  2841 15112 
 768.24  3015  2912 19461 
 768.28  3020  2984 16302 
 768.31  3025  3056 27958 
 768.35  3030  3128 43115 
 768.38  3035  3200 50459 
 768.42  3040  3273 47431 
 768.45  3045  3345 60650 
 768.49  3050  3417 78624 
 768.52  3055  3490 78150 
 768.56  3060  3562 75518 
 768.59  3065  3635 86019 
 768.63  3070  3707 111648 
 768.66  3075  3780 124871 
 768.7  3080  3853 129276 
 768.73  3085  3926 142670 
 768.77  3090  3998 120409 
 768.8  3095  4071 130744 
 768.84  3100  4145 126263 
 768.87  3105  4218 199268 
 768.91  3110  4291 232896 
 768.94  3115  4364 220842 
 768.98  3120  4438 203192 
 769.01  3125  4511 231022 
 769.05  3130  4585 237739 
 769.08  3135  4658 237372 
 769.12  3140  4732 267273 
 769.15  3145  4806 215991 
 769.19  3150  4880 271894 
 769.22  3155  4954 228691 
 769.26  3160  5028 189847 
 769.29  3165  5102 250615 
 769.33  3170  5176 297179 
 769.36  3175  5251 296663 
 769.4  3180  5325 214768 
 769.43  3185  5399 243496 
 769.47  3190  5474 257301 
 769.5  3195  5549 223297 
 769.54  3200  5623 254641 
 769.57  3205  5698 273929 
 769.61  3210  5773 212542 
 769.64  3215  5848 197610 
 769.67  3220  5923 211595 
 769.71  3225  5998 167494 
 769.74  3230  6073 152778 
 769.78  3235  6149 159214 
 769.82  3240  6224 171086 
 769.85  3245  6300 162367 
 769.88  3250  6375 139753 
end
ufIntegration time is 0.2294 seconds per sampledt  4E-08 cy 4dh220619El Arenosillo 37.1 6.73 3.74pr1000dark 18.6 
 825.07  2900  1280 314 
 825.1  2905  1350 321 
 825.14  2910  1420 321 
 825.17  2915  1490 362 
 825.21  2920  1561 363 
 825.24  2925  1631 382 
 825.28  2930  1702 363 
 825.31  2935  1773 410 
 825.35  2940  1843 445 
 825.38  2945  1914 492 
 825.42  2950  1985 606 
 825.45  2955  2056 814 
 825.49  2960  2127 1108 
 825.52  2965  2198 1207 
 825.56  2970  2269 1413 
 825.59  2975  2340 2616 
 825.63  2980  2411 2995 
 825.66  2985  2483 2908 
 825.7  2990  2554 5177 
 825.73  2995  2626 6771 
 825.77  3000  2697 6573 
 825.8  3005  2769 8891 
 825.84  3010  2841 13196 
 825.87  3015  2912 16804 
 825.91  3020  2984 14298 
 825.94  3025  3056 24613 
 825.98  3030  3128 38456 
 826.01  3035  3200 44720 
 826.05  3040  3273 42133 
 826.08  3045  3345 54603 
 826.12  3050  3417 71313 
 826.15  3055  3490 71114 
 826.19  3060  3562 68652 
 826.22  3065  3635 78829 
 826.26  3070  3707 103261 
 826.29  3075  3780 117572 
 826.33  3080  3853 122068 
 826.36  3085  3926 135479 
 826.4  3090  3998 114603 
 826.43  3095  4071 124537 
 826.47  3100  4145 119868 
 826.5  3105  4218 189348 
 826.54  3110  4291 221560 
 826.57  3115  4364 210952 
 826.61  3120  4438 194042 
 826.64  3125  4511 220077 
 826.68  3130  4585 226700 
 826.71  3135  4658 226645 
 826.75  3140  4732 255202 
 826.78  3145  4806 208669 
 826.82  3150  4880 262547 
 826.85  3155  4954 218908 
 826.89  3160  5028 182322 
 826.92  3165  5102 240507 
 826.96  3170  5176 285442 
 826.99  3175  5251 283110 
 827.03  3180  5325 206935 
 827.06  3185  5399 234283 
 827.1  3190  5474 247849 
 827.13  3195  5549 215533 
 827.17  3200  5623 246572 
 827.2  3205  5698 265140 
 827.24  3210  5773 208247 
 827.27  3215  5848 192934 
 827.31  3220  5923 205985 
 827.34  3225  5998 164437 
 827.38  3230  6073 150791 
 827.41  3235  6149 157213 
 827.44  3240  6224 168892 
 827.48  3245  6300 159764 
 827.52  3250  6375 136974 
end
ufIntegration time is 0.2294 seconds per sampledt  4E-08 cy 4dh220619El Arenosillo 37.1 6.73 3.74pr1000dark 18.8 
 879.71  2900  1280 268 
 879.74  2905  1350 279 
 879.78  2910  1420 276 
 879.81  2915  1490 308 
 879.85  2920  1561 289 
 879.88  2925  1631 294 
 879.92  2930  1702 315 
 879.95  2935  1773 331 
 879.99  2940  1843 349 
 880.02  2945  1914 380 
 880.06  2950  1985 419 
 880.09  2955  2056 553 
 880.13  2960  2127 679 
 880.16  2965  2198 782 
 880.2  2970  2269 979 
 880.23  2975  2340 1609 
 880.27  2980  2411 1886 
 880.3  2985  2483 1850 
 880.34  2990  2554 3348 
 880.37  2995  2626 4428 
 880.41  3000  2697 4356 
 880.44  3005  2769 5976 
 880.48  3010  2841 8875 
 880.51  3015  2912 11685 
 880.55  3020  2984 10020 
 880.58  3025  3056 17486 
 880.62  3030  3128 28001 
 880.65  3035  3200 32771 
 880.69  3040  3273 31147 
 880.72  3045  3345 40917 
 880.76  3050  3417 53998 
 880.79  3055  3490 54601 
 880.83  3060  3562 53040 
 880.86  3065  3635 61283 
 880.9  3070  3707 81444 
 880.93  3075  3780 93498 
 880.97  3080  3853 97563 
 881  3085  3926 108763 
 881.04  3090  3998 92441 
 881.07  3095  4071 101570 
 881.11  3100  4145 98810 
 881.14  3105  4218 156492 
 881.18  3110  4291 184171 
 881.21  3115  4364 175252 
 881.25  3120  4438 162678 
 881.28  3125  4511 185698 
 881.32  3130  4585 191503 
 881.35  3135  4658 191116 
 881.39  3140  4732 217297 
 881.42  3145  4806 178734 
 881.46  3150  4880 224854 
 881.49  3155  4954 187349 
 881.53  3160  5028 156272 
 881.56  3165  5102 208441 
 881.6  3170  5176 246064 
 881.63  3175  5251 243664 
 881.67  3180  5325 178589 
 881.7  3185  5399 203696 
 881.74  3190  5474 216484 
 881.77  3195  5549 188156 
 881.81  3200  5623 214022 
 881.84  3205  5698 233441 
 881.87  3210  5773 183577 
 881.91  3215  5848 169567 
 881.95  3220  5923 180176 
 881.98  3225  5998 143651 
 882.02  3230  6073 132546 
 882.05  3235  6149 138411 
 882.09  3240  6224 148887 
 882.12  3245  6300 140713 
 882.16  3250  6375 120560 
end
ufIntegration time is 0.2294 seconds per sampledt  4E-08 cy 4dh220619El Arenosillo 37.1 6.73 3.72pr1000dark 19.6 
 937.2  2900  1280 195 
 937.24  2905  1350 203 
 937.27  2910  1420 208 
 937.31  2915  1490 227 
 937.34  2920  1561 220 
 937.38  2925  1631 212 
 937.41  2930  1702 211 
 937.45  2935  1773 218 
 937.48  2940  1843 246 
 937.52  2945  1914 245 
 937.55  2950  1985 278 
 937.59  2955  2056 279 
 937.62  2960  2127 355 
 937.66  2965  2198 404 
 937.69  2970  2269 429 
 937.73  2975  2340 691 
 937.76  2980  2411 815 
 937.8  2985  2483 876 
 937.83  2990  2554 1465 
 937.87  2995  2626 1968 
 937.9  3000  2697 2017 
 937.94  3005  2769 2783 
 937.97  3010  2841 4239 
 938.01  3015  2912 5729 
 938.04  3020  2984 5030 
 938.08  3025  3056 8944 
 938.11  3030  3128 14731 
 938.15  3035  3200 17722 
 938.18  3040  3273 17108 
 938.22  3045  3345 23024 
 938.25  3050  3417 31679 
 938.29  3055  3490 32199 
 938.32  3060  3562 31758 
 938.36  3065  3635 37204 
 938.39  3070  3707 50713 
 938.43  3075  3780 59249 
 938.46  3080  3853 62369 
 938.5  3085  3926 69975 
 938.53  3090  3998 60383 
 938.57  3095  4071 68057 
 938.6  3100  4145 66557 
 938.64  3105  4218 106573 
 938.67  3110  4291 126188 
 938.71  3115  4364 120934 
 938.74  3120  4438 113972 
 938.78  3125  4511 131713 
 938.81  3130  4585 136714 
 938.85  3135  4658 136187 
 938.88  3140  4732 156957 
 938.92  3145  4806 130821 
 938.95  3150  4880 165555 
 938.99  3155  4954 136699 
 939.02  3160  5028 116084 
 939.06  3165  5102 155080 
 939.09  3170  5176 184044 
 939.13  3175  5251 182409 
 939.16  3180  5325 134189 
 939.2  3185  5399 154992 
 939.23  3190  5474 164941 
 939.27  3195  5549 142077 
 939.3  3200  5623 162392 
 939.34  3205  5698 178591 
 939.37  3210  5773 140751 
 939.41  3215  5848 130146 
 939.44  3220  5923 137863 
 939.48  3225  5998 109809 
 939.51  3230  6073 101702 
 939.55  3235  6149 107270 
 939.58  3240  6224 115542 
 939.62  3245  6300 109055 
 939.65  3250  6375 93010 
end
ufIntegration time is 0.2294 seconds per sampledt  4E-08 cy 4dh220619El Arenosillo 37.1 6.73 3.66pr1000dark 16.2 
 994.36  2900  1280 158 
 994.39  2905  1350 162 
 994.43  2910  1420 131 
 994.46  2915  1490 158 
 994.5  2920  1561 136 
 994.53  2925  1631 172 
 994.57  2930  1702 151 
 994.6  2935  1773 164 
 994.64  2940  1843 155 
 994.67  2945  1914 162 
 994.71  2950  1985 177 
 994.74  2955  2056 173 
 994.78  2960  2127 165 
 994.81  2965  2198 178 
 994.85  2970  2269 196 
 994.88  2975  2340 256 
 994.92  2980  2411 294 
 994.95  2985  2483 316 
 994.99  2990  2554 461 
 995.02  2995  2626 643 
 995.06  3000  2697 687 
 995.09  3005  2769 925 
 995.13  3010  2841 1452 
 995.16  3015  2912 1996 
 995.2  3020  2984 1843 
 995.23  3025  3056 3417 
 995.27  3030  3128 5719 
 995.3  3035  3200 7124 
 995.34  3040  3273 7087 
 995.37  3045  3345 9852 
 995.4  3050  3417 14233 
 995.44  3055  3490 14955 
 995.48  3060  3562 14937 
 995.51  3065  3635 18010 
 995.55  3070  3707 25711 
 995.58  3075  3780 31033 
 995.61  3080  3853 32752 
 995.65  3085  3926 37502 
 995.69  3090  3998 32853 
 995.72  3095  4071 38527 
 995.75  3100  4145 38421 
 995.79  3105  4218 62312 
 995.82  3110  4291 74290 
 995.86  3115  4364 71872 
 995.89  3120  4438 69940 
 995.93  3125  4511 82489 
 995.96  3130  4585 85593 
 996  3135  4658 85440 
 996.03  3140  4732 99398 
 996.07  3145  4806 85009 
 996.1  3150  4880 108396 
 996.14  3155  4954 89334 
 996.17  3160  5028 77341 
 996.21  3165  5102 104642 
 996.24  3170  5176 124049 
 996.28  3175  5251 122921 
 996.31  3180  5325 91067 
 996.35  3185  5399 107451 
 996.38  3190  5474 115098 
 996.42  3195  5549 98640 
 996.45  3200  5623 112114 
 996.49  3205  5698 125583 
 996.52  3210  5773 100935 
 996.56  3215  5848 93121 
 996.59  3220  5923 97133 
 996.63  3225  5998 77781 
 996.66  3230  6073 72568 
 996.7  3235  6149 77995 
 996.73  3240  6224 83829 
 996.77  3245  6300 79086 
 996.8  3250  6375 66632 
end
ufIntegration time is 0.2294 seconds per sampledt  4E-08 cy 4dh220619El Arenosillo 37.1 6.73 3.31pr1000dark 6.6 
 1164.86  2900  1280 11 
 1164.9  2905  1350 9 
 1164.93  2910  1420 8 
 1164.97  2915  1490 8 
 1165  2920  1561 10 
 1165.04  2925  1631 11 
 1165.07  2930  1702 7 
 1165.11  2935  1773 10 
 1165.14  2940  1843 8 
 1165.18  2945  1914 10 
 1165.21  2950  1985 8 
 1165.25  2955  2056 10 
 1165.28  2960  2127 9 
 1165.32  2965  2198 10 
 1165.35  2970  2269 9 
 1165.39  2975  2340 9 
 1165.42  2980  2411 10 
 1165.46  2985  2483 11 
 1165.49  2990  2554 11 
 1165.53  2995  2626 14 
 1165.56  3000  2697 9 
 1165.6  3005  2769 13 
 1165.63  3010  2841 14 
 1165.67  3015  2912 17 
 1165.7  3020  2984 13 
 1165.74  3025  3056 23 
 1165.77  3030  3128 32 
 1165.81  3035  3200 32 
 1165.84  3040  3273 36 
 1165.88  3045  3345 48 
 1165.91  3050  3417 63 
 1165.95  3055  3490 53 
 1165.98  3060  3562 66 
 1166.02  3065  3635 75 
 1166.05  3070  3707 108 
 1166.09  3075  3780 123 
 1166.12  3080  3853 133 
 1166.16  3085  3926 153 
 1166.19  3090  3998 150 
 1166.23  3095  4071 165 
 1166.26  3100  4145 178 
 1166.3  3105  4218 297 
 1166.33  3110  4291 352 
 1166.37  3115  4364 347 
 1166.4  3120  4438 413 
 1166.44  3125  4511 529 
 1166.47  3130  4585 536 
 1166.51  3135  4658 545 
 1166.54  3140  4732 710 
 1166.58  3145  4806 713 
 1166.61  3150  4880 958 
 1166.65  3155  4954 755 
 1166.68  3160  5028 781 
 1166.72  3165  5102 1247 
 1166.75  3170  5176 1410 
 1166.79  3175  5251 1354 
 1166.82  3180  5325 1201 
 1166.86  3185  5399 1818 
 1166.89  3190  5474 2061 
 1166.93  3195  5549 1520 
 1166.96  3200  5623 1746 
 1167  3205  5698 2476 
 1167.03  3210  5773 2425 
 1167.07  3215  5848 2351 
 1167.1  3220  5923 1969 
 1167.14  3225  5998 1584 
 1167.17  3230  6073 1835 
 1167.21  3235  6149 2520 
 1167.24  3240  6224 2855 
 1167.28  3245  6300 2437 
 1167.31  3250  6375 1681 
end
