ufIntegration time is 0.2294 seconds per sampledt  4E-08 cy 4dh190619El Arenosillo 37.1 6.73 3.03pr1000dark 2 
 298.31  2900  1280 1 
 298.35  2905  1350 3 
 298.38  2910  1420 4 
 298.42  2915  1490 2 
 298.45  2920  1561 2 
 298.48  2925  1631 3 
 298.52  2930  1702 3 
 298.55  2935  1773 1 
 298.59  2940  1843 2 
 298.62  2945  1914 4 
 298.66  2950  1985 2 
 298.69  2955  2056 2 
 298.73  2960  2127 3 
 298.76  2965  2198 2 
 298.8  2970  2269 0 
 298.83  2975  2340 1 
 298.87  2980  2411 3 
 298.9  2985  2483 3 
 298.94  2990  2554 3 
 298.97  2995  2626 3 
 299.01  3000  2697 3 
 299.04  3005  2769 3 
 299.08  3010  2841 3 
 299.11  3015  2912 4 
 299.15  3020  2984 3 
 299.18  3025  3056 5 
 299.22  3030  3128 6 
 299.25  3035  3200 7 
 299.29  3040  3273 6 
 299.32  3045  3345 9 
 299.36  3050  3417 10 
 299.39  3055  3490 11 
 299.43  3060  3562 13 
 299.46  3065  3635 14 
 299.5  3070  3707 16 
 299.53  3075  3780 23 
 299.57  3080  3853 22 
 299.6  3085  3926 28 
 299.64  3090  3998 20 
 299.67  3095  4071 28 
 299.71  3100  4145 28 
 299.74  3105  4218 43 
 299.78  3110  4291 53 
 299.81  3115  4364 50 
 299.85  3120  4438 52 
 299.88  3125  4511 67 
 299.92  3130  4585 60 
 299.95  3135  4658 67 
 299.99  3140  4732 78 
 300.02  3145  4806 87 
 300.06  3150  4880 102 
 300.09  3155  4954 75 
 300.13  3160  5028 83 
 300.16  3165  5102 112 
 300.2  3170  5176 118 
 300.23  3175  5251 141 
 300.27  3180  5325 103 
 300.3  3185  5399 150 
 300.34  3190  5474 147 
 300.37  3195  5549 118 
 300.41  3200  5623 164 
 300.44  3205  5698 162 
 300.48  3210  5773 158 
 300.51  3215  5848 170 
 300.55  3220  5923 153 
 300.58  3225  5998 105 
 300.62  3230  6073 148 
 300.65  3235  6149 172 
 300.69  3240  6224 179 
 300.72  3245  6300 149 
 300.76  3250  6375 134 
end
uaIntegration time is 0.2294 seconds per sampledt  4E-08 cy 1dh190619El Arenosillo 37.1 6.73 3.33pr1000dark 1.3 
 480.02  2900  1280 24 
 480.07  2905  1350 24 
 480.12  2910  1420 24.5 
 480.17  2915  1490 35 
 480.22  2920  1561 27.25 
 480.27  2925  1631 25.5 
 480.32  2930  1702 31 
 480.37  2935  1773 31.5 
 480.42  2940  1843 35.25 
 480.47  2945  1914 29 
 480.52  2950  1985 27.5 
 480.57  2955  2056 34.5 
 480.62  2960  2127 32.75 
 480.67  2965  2198 34.5 
 480.72  2970  2269 37.25 
 480.77  2975  2340 43.75 
 480.82  2980  2411 48.5 
 480.87  2985  2483 60.75 
 480.92  2990  2554 78.25 
 480.97  2995  2626 100.75 
 481.02  3000  2697 110.25 
 481.07  3005  2769 151.25 
 481.12  3010  2841 250 
 481.17  3015  2912 339 
 481.22  3020  2984 321.75 
 481.27  3025  3056 630 
 481.32  3030  3128 1015.25 
 481.37  3035  3200 1251.25 
 481.42  3040  3273 1286.5 
 481.47  3045  3345 1796 
 481.52  3050  3417 2642.25 
 481.57  3055  3490 2767 
 481.62  3060  3562 2868.75 
 481.67  3065  3635 3459.5 
 481.72  3070  3707 5058.5 
 481.77  3075  3780 6085.25 
 481.82  3080  3853 6477.5 
 481.87  3085  3926 7465.25 
 481.92  3090  3998 6618 
 481.97  3095  4071 7797.5 
 482.02  3100  4145 7966.5 
 482.07  3105  4218 13216.25 
 482.12  3110  4291 15354.25 
 482.17  3115  4364 14874 
 482.22  3120  4438 14685.5 
 482.27  3125  4511 17301.75 
 482.32  3130  4585 18242.25 
 482.37  3135  4658 18158.25 
 482.42  3140  4732 21153 
 482.47  3145  4806 18550.25 
 482.52  3150  4880 23353.5 
 482.57  3155  4954 18962.25 
 482.62  3160  5028 16966.5 
 482.67  3165  5102 22874.75 
 482.72  3170  5176 27109.75 
 482.77  3175  5251 26708.75 
 482.82  3180  5325 19700 
 482.87  3185  5399 24217.5 
 482.92  3190  5474 25090.25 
 482.97  3195  5549 21670 
 483.02  3200  5623 24792 
 483.07  3205  5698 27630.25 
 483.12  3210  5773 22227.75 
 483.17  3215  5848 20844 
 483.22  3220  5923 21341 
 483.27  3225  5998 16859.5 
 483.32  3230  6073 16157.75 
 483.37  3235  6149 17403.25 
 483.42  3240  6224 18732 
 483.47  3245  6300 17420.75 
 483.52  3250  6375 14766.25 
end
uaIntegration time is 0.2294 seconds per sampledt  4E-08 cy 1dh190619El Arenosillo 37.1 6.73 3.49pr1000dark 1.55 
 540.02  2900  1280 42.25 
 540.07  2905  1350 44.75 
 540.12  2910  1420 46 
 540.17  2915  1490 46.5 
 540.22  2920  1561 47.25 
 540.27  2925  1631 48.25 
 540.32  2930  1702 47.75 
 540.37  2935  1773 48.5 
 540.42  2940  1843 52 
 540.47  2945  1914 53.75 
 540.52  2950  1985 57.75 
 540.57  2955  2056 70.5 
 540.62  2960  2127 79 
 540.67  2965  2198 80.5 
 540.72  2970  2269 97 
 540.77  2975  2340 143.5 
 540.82  2980  2411 172.5 
 540.87  2985  2483 200.25 
 540.92  2990  2554 323.5 
 540.97  2995  2626 434.25 
 541.02  3000  2697 435.25 
 541.07  3005  2769 614.75 
 541.12  3010  2841 950.5 
 541.17  3015  2912 1271.25 
 541.22  3020  2984 1169 
 541.27  3025  3056 2161.75 
 541.32  3030  3128 3385 
 541.37  3035  3200 3991.5 
 541.42  3040  3273 3915 
 541.47  3045  3345 5316 
 541.52  3050  3417 7299 
 541.57  3055  3490 7346.25 
 541.62  3060  3562 7515.75 
 541.67  3065  3635 8615.25 
 541.72  3070  3707 12093.75 
 541.77  3075  3780 13986.75 
 541.82  3080  3853 14743.5 
 541.87  3085  3926 16639.25 
 541.92  3090  3998 14321 
 541.97  3095  4071 16091.5 
 542.02  3100  4145 16094.25 
 542.07  3105  4218 26242.25 
 542.12  3110  4291 30120.25 
 542.17  3115  4364 28708.75 
 542.22  3120  4438 27577.5 
 542.27  3125  4511 31796.75 
 542.32  3130  4585 32874.75 
 542.37  3135  4658 32965.5 
 542.42  3140  4732 37413 
 542.47  3145  4806 31933.5 
 542.52  3150  4880 39871 
 542.57  3155  4954 32574 
 542.62  3160  5028 28545.25 
 542.67  3165  5102 37941.5 
 542.72  3170  5176 44717.25 
 542.77  3175  5251 44087.75 
 542.82  3180  5325 32241 
 542.87  3185  5399 38475.75 
 542.92  3190  5474 39677.5 
 542.97  3195  5549 34674 
 543.02  3200  5623 39618.5 
 543.07  3205  5698 43539 
 543.12  3210  5773 34291 
 543.17  3215  5848 32290.75 
 543.22  3220  5923 33513.25 
 543.27  3225  5998 26468.75 
 543.32  3230  6073 25144.75 
 543.37  3235  6149 26326.25 
 543.42  3240  6224 28396.5 
 543.47  3245  6300 26490.25 
 543.52  3250  6375 22713.25 
end
uaIntegration time is 0.2294 seconds per sampledt  4E-08 cy 1dh190619El Arenosillo 37.1 6.73 3.56pr1000dark 2.45 
 600.02  2900  1280 63.5 
 600.07  2905  1350 69.25 
 600.12  2910  1420 67.5 
 600.17  2915  1490 65 
 600.22  2920  1561 70.25 
 600.27  2925  1631 71.5 
 600.32  2930  1702 72.5 
 600.37  2935  1773 78.5 
 600.42  2940  1843 83.25 
 600.47  2945  1914 88.25 
 600.52  2950  1985 102.75 
 600.57  2955  2056 129.25 
 600.62  2960  2127 162.25 
 600.67  2965  2198 179.75 
 600.72  2970  2269 211.75 
 600.77  2975  2340 382.25 
 600.82  2980  2411 449.5 
 600.87  2985  2483 457.75 
 600.92  2990  2554 808.5 
 600.97  2995  2626 1059.75 
 601.02  3000  2697 1052.75 
 601.07  3005  2769 1407.75 
 601.12  3010  2841 2120 
 601.17  3015  2912 2794.25 
 601.22  3020  2984 2469 
 601.27  3025  3056 4485.75 
 601.32  3030  3128 6747.5 
 601.37  3035  3200 7875.75 
 601.42  3040  3273 7566.75 
 601.47  3045  3345 9837.75 
 601.52  3050  3417 13014.25 
 601.57  3055  3490 12945 
 601.62  3060  3562 12939.5 
 601.67  3065  3635 14781.5 
 601.72  3070  3707 19959.5 
 601.77  3075  3780 22635 
 601.82  3080  3853 23601.5 
 601.87  3085  3926 26327 
 601.92  3090  3998 22503.75 
 601.97  3095  4071 24670.25 
 602.02  3100  4145 24168.5 
 602.07  3105  4218 39080.75 
 602.12  3110  4291 44588 
 602.17  3115  4364 42291.5 
 602.22  3120  4438 39652 
 602.27  3125  4511 45223.25 
 602.32  3130  4585 46643.5 
 602.37  3135  4658 46499.75 
 602.42  3140  4732 52458.25 
 602.47  3145  4806 43753 
 602.52  3150  4880 54804.5 
 602.57  3155  4954 45112.75 
 602.62  3160  5028 38593 
 602.67  3165  5102 50923 
 602.72  3170  5176 60224.75 
 602.77  3175  5251 59730.75 
 602.82  3180  5325 43309.25 
 602.87  3185  5399 50750.25 
 602.92  3190  5474 52524.25 
 602.97  3195  5549 45981 
 603.02  3200  5623 52490.75 
 603.07  3205  5698 57029.5 
 603.12  3210  5773 44648 
 603.17  3215  5848 41707 
 603.22  3220  5923 43864.75 
 603.27  3225  5998 34774 
 603.32  3230  6073 32553.25 
 603.37  3235  6149 33853 
 603.42  3240  6224 36519 
 603.47  3245  6300 34414.75 
 603.52  3250  6375 29555 
end
uaIntegration time is 0.2294 seconds per sampledt  4E-08 cy 1dh190619El Arenosillo 37.1 6.73 3.62pr1000dark 2.85 
 660.02  2900  1280 75.5 
 660.07  2905  1350 82.25 
 660.12  2910  1420 81.5 
 660.17  2915  1490 82 
 660.22  2920  1561 86.25 
 660.27  2925  1631 92.75 
 660.32  2930  1702 93.25 
 660.37  2935  1773 102 
 660.42  2940  1843 111.75 
 660.47  2945  1914 128 
 660.52  2950  1985 158.5 
 660.57  2955  2056 207.75 
 660.62  2960  2127 291 
 660.67  2965  2198 314.5 
 660.72  2970  2269 376.25 
 660.77  2975  2340 705.5 
 660.82  2980  2411 795.5 
 660.87  2985  2483 785.5 
 660.92  2990  2554 1430 
 660.97  2995  2626 1834.5 
 661.02  3000  2697 1746.25 
 661.07  3005  2769 2360.75 
 661.12  3010  2841 3447.75 
 661.17  3015  2912 3947.75 
 661.22  3020  2984 3521.25 
 661.27  3025  3056 6752.25 
 661.32  3030  3128 10161 
 661.37  3035  3200 11652.25 
 661.42  3040  3273 11003.25 
 661.47  3045  3345 14101.25 
 661.52  3050  3417 18160.25 
 661.57  3055  3490 18070.5 
 661.62  3060  3562 17676.5 
 661.67  3065  3635 19535.75 
 661.72  3070  3707 26890.5 
 661.77  3075  3780 30093.25 
 661.82  3080  3853 31382.25 
 661.87  3085  3926 34603.25 
 661.92  3090  3998 29431.75 
 661.97  3095  4071 31668.5 
 662.02  3100  4145 30822.25 
 662.07  3105  4218 49412.25 
 662.12  3110  4291 56398.25 
 662.17  3115  4364 53196.25 
 662.22  3120  4438 49383.75 
 662.27  3125  4511 56034 
 662.32  3130  4585 57550 
 662.37  3135  4658 57280.25 
 662.42  3140  4732 64360.25 
 662.47  3145  4806 52933.75 
 662.52  3150  4880 66540.75 
 662.57  3155  4954 55086.75 
 662.62  3160  5028 46601.25 
 662.67  3165  5102 61441.25 
 662.72  3170  5176 72227.5 
 662.77  3175  5251 72397.75 
 662.82  3180  5325 50460.75 
 662.87  3185  5399 59413.25 
 662.92  3190  5474 58113.5 
 662.97  3195  5549 51305.5 
 663.02  3200  5623 53302.75 
 663.07  3205  5698 67156.25 
 663.12  3210  5773 51153.75 
 663.17  3215  5848 47644.5 
 663.22  3220  5923 52057 
 663.27  3225  5998 41098.25 
 663.32  3230  6073 38145 
 663.37  3235  6149 39640.25 
 663.42  3240  6224 42757.5 
 663.47  3245  6300 40332 
 663.52  3250  6375 34477.75 
end
uaIntegration time is 0.2294 seconds per sampledt  4E-08 cy 1dh190619El Arenosillo 37.1 6.73 3.64pr1000dark 3.7 
 720.02  2900  1280 89.75 
 720.07  2905  1350 86.5 
 720.12  2910  1420 89.5 
 720.17  2915  1490 89.25 
 720.22  2920  1561 97.5 
 720.27  2925  1631 103 
 720.32  2930  1702 110.5 
 720.37  2935  1773 124.5 
 720.42  2940  1843 133.75 
 720.47  2945  1914 155.25 
 720.52  2950  1985 193.25 
 720.57  2955  2056 267.5 
 720.62  2960  2127 367.25 
 720.67  2965  2198 384.5 
 720.72  2970  2269 476 
 720.77  2975  2340 891.5 
 720.82  2980  2411 1018 
 720.87  2985  2483 989.25 
 720.92  2990  2554 1746.75 
 720.97  2995  2626 2228.25 
 721.02  3000  2697 2142.5 
 721.07  3005  2769 2839 
 721.12  3010  2841 4140.75 
 721.17  3015  2912 5272.25 
 721.22  3020  2984 4486.25 
 721.27  3025  3056 7946.5 
 721.32  3030  3128 11764.75 
 721.37  3035  3200 13430.25 
 721.42  3040  3273 12657.25 
 721.47  3045  3345 16326.75 
 721.52  3050  3417 20726.5 
 721.57  3055  3490 20561.25 
 721.62  3060  3562 19912.25 
 721.67  3065  3635 22816.75 
 721.72  3070  3707 30015.25 
 721.77  3075  3780 33366.25 
 721.82  3080  3853 34572.5 
 721.87  3085  3926 38222 
 721.92  3090  3998 32276 
 721.97  3095  4071 34641 
 722.02  3100  4145 33602.75 
 722.07  3105  4218 53820 
 722.12  3110  4291 61292 
 722.17  3115  4364 57802.25 
 722.22  3120  4438 53289.25 
 722.27  3125  4511 60447.5 
 722.32  3130  4585 61848.75 
 722.37  3135  4658 61984 
 722.42  3140  4732 69085.5 
 722.47  3145  4806 56647.5 
 722.52  3150  4880 70833.5 
 722.57  3155  4954 58750.25 
 722.62  3160  5028 49404.5 
 722.67  3165  5102 64826.25 
 722.72  3170  5176 76564 
 722.77  3175  5251 76391.5 
 722.82  3180  5325 54887 
 722.87  3185  5399 63535.5 
 722.92  3190  5474 65742.25 
 722.97  3195  5549 57821 
 723.02  3200  5623 65874 
 723.07  3205  5698 71014.75 
 723.12  3210  5773 55212 
 723.17  3215  5848 51362.75 
 723.22  3220  5923 54831 
 723.27  3225  5998 43348.5 
 723.32  3230  6073 40064 
 723.37  3235  6149 41761.75 
 723.42  3240  6224 44702 
 723.47  3245  6300 42367 
 723.52  3250  6375 36411.5 
end
uaIntegration time is 0.2294 seconds per sampledt  4E-08 cy 1dh190619El Arenosillo 37.1 6.73 3.64pr1000dark 3.4 
 780.02  2900  1280 82.25 
 780.07  2905  1350 87.5 
 780.12  2910  1420 88 
 780.17  2915  1490 87 
 780.22  2920  1561 105.25 
 780.27  2925  1631 96.5 
 780.32  2930  1702 108.75 
 780.37  2935  1773 122 
 780.42  2940  1843 131 
 780.47  2945  1914 150 
 780.52  2950  1985 188.5 
 780.57  2955  2056 260.25 
 780.62  2960  2127 368 
 780.67  2965  2198 379.75 
 780.72  2970  2269 468.25 
 780.77  2975  2340 866.5 
 780.82  2980  2411 997.75 
 780.87  2985  2483 971.5 
 780.92  2990  2554 1729.75 
 780.97  2995  2626 2178 
 781.02  3000  2697 2077 
 781.07  3005  2769 2774.75 
 781.12  3010  2841 4069.75 
 781.17  3015  2912 5190.25 
 781.22  3020  2984 4375.5 
 781.27  3025  3056 7838.5 
 781.32  3030  3128 11612 
 781.37  3035  3200 13208.75 
 781.42  3040  3273 12483.25 
 781.47  3045  3345 16038 
 781.52  3050  3417 20437 
 781.57  3055  3490 20354 
 781.62  3060  3562 19591.5 
 781.67  3065  3635 22428.5 
 781.72  3070  3707 29673 
 781.77  3075  3780 33065.75 
 781.82  3080  3853 34185.75 
 781.87  3085  3926 37702.5 
 781.92  3090  3998 31890.5 
 781.97  3095  4071 34241.5 
 782.02  3100  4145 33227 
 782.07  3105  4218 53135.25 
 782.12  3110  4291 60662.75 
 782.17  3115  4364 57187.25 
 782.22  3120  4438 52741.75 
 782.27  3125  4511 59704.75 
 782.32  3130  4585 61169.75 
 782.37  3135  4658 61408.75 
 782.42  3140  4732 68453.5 
 782.47  3145  4806 56059.25 
 782.52  3150  4880 70440 
 782.57  3155  4954 58367.5 
 782.62  3160  5028 49068.75 
 782.67  3165  5102 64564.5 
 782.72  3170  5176 75790.75 
 782.77  3175  5251 75734.25 
 782.82  3180  5325 54344.25 
 782.87  3185  5399 62381.75 
 782.92  3190  5474 65018.75 
 782.97  3195  5549 57407.25 
 783.02  3200  5623 65243.5 
 783.07  3205  5698 70309 
 783.12  3210  5773 54504.75 
 783.17  3215  5848 50867 
 783.22  3220  5923 54462 
 783.27  3225  5998 43143.25 
 783.32  3230  6073 39738 
 783.37  3235  6149 41309.5 
 783.42  3240  6224 44261.5 
 783.47  3245  6300 42054.25 
 783.52  3250  6375 36051.75 
end
uaIntegration time is 0.2294 seconds per sampledt  4E-08 cy 1dh190619El Arenosillo 37.1 6.73 3.64pr1000dark 3.55 
 840.02  2900  1280 76.25 
 840.07  2905  1350 72 
 840.12  2910  1420 76.5 
 840.17  2915  1490 81.5 
 840.22  2920  1561 79.5 
 840.27  2925  1631 81.5 
 840.32  2930  1702 90.5 
 840.37  2935  1773 95.75 
 840.42  2940  1843 101.25 
 840.47  2945  1914 120.25 
 840.52  2950  1985 140 
 840.57  2955  2056 189.25 
 840.62  2960  2127 256.5 
 840.67  2965  2198 267.25 
 840.72  2970  2269 337 
 840.77  2975  2340 602 
 840.82  2980  2411 707.25 
 840.87  2985  2483 711.25 
 840.92  2990  2554 1243 
 840.97  2995  2626 1602.75 
 841.02  3000  2697 1548.75 
 841.07  3005  2769 2080.25 
 841.12  3010  2841 3053.5 
 841.17  3015  2912 3978.75 
 841.22  3020  2984 3400 
 841.27  3025  3056 6124.25 
 841.32  3030  3128 9134.25 
 841.37  3035  3200 10519.25 
 841.42  3040  3273 10030 
 841.47  3045  3345 12918.5 
 841.52  3050  3417 16776 
 841.57  3055  3490 16684.5 
 841.62  3060  3562 16378.25 
 841.67  3065  3635 18752.75 
 841.72  3070  3707 24843.75 
 841.77  3075  3780 27934.75 
 841.82  3080  3853 29133 
 841.87  3085  3926 32302.25 
 841.92  3090  3998 27392.5 
 841.97  3095  4071 29511.5 
 842.02  3100  4145 28816.5 
 842.07  3105  4218 46209 
 842.12  3110  4291 52937 
 842.17  3115  4364 49856 
 842.22  3120  4438 46368.75 
 842.27  3125  4511 52622.5 
 842.32  3130  4585 53894.5 
 842.37  3135  4658 53997.25 
 842.42  3140  4732 60541.75 
 842.47  3145  4806 49970 
 842.52  3150  4880 62731 
 842.57  3155  4954 51986 
 842.62  3160  5028 43765.25 
 842.67  3165  5102 57814 
 842.72  3170  5176 68112.5 
 842.77  3175  5251 63440 
 842.82  3180  5325 48644.75 
 842.87  3185  5399 56456.75 
 842.92  3190  5474 58652 
 842.97  3195  5549 51497 
 843.02  3200  5623 58705.5 
 843.07  3205  5698 63615.5 
 843.12  3210  5773 49556.75 
 843.17  3215  5848 46197.75 
 843.22  3220  5923 49243 
 843.27  3225  5998 38682.5 
 843.32  3230  6073 35841.5 
 843.37  3235  6149 37560 
 843.42  3240  6224 40210.5 
 843.47  3245  6300 38086.5 
 843.52  3250  6375 32544.75 
end
uaIntegration time is 0.2294 seconds per sampledt  4E-08 cy 1dh190619El Arenosillo 37.1 6.73 3.64pr1000dark 3.8 
 855.09  2900  1280 77.5 
 855.15  2905  1350 68.5 
 855.2  2910  1420 72 
 855.25  2915  1490 77.75 
 855.3  2920  1561 78.25 
 855.35  2925  1631 83 
 855.4  2930  1702 86.5 
 855.45  2935  1773 92.25 
 855.5  2940  1843 102.5 
 855.55  2945  1914 106 
 855.6  2950  1985 130.5 
 855.65  2955  2056 171.75 
 855.7  2960  2127 232.75 
 855.75  2965  2198 246.5 
 855.8  2970  2269 293.5 
 855.85  2975  2340 534.5 
 855.9  2980  2411 616.5 
 855.95  2985  2483 613.25 
 856  2990  2554 1099.25 
 856.05  2995  2626 1441.5 
 856.1  3000  2697 1370.75 
 856.15  3005  2769 1882.5 
 856.2  3010  2841 2771.25 
 856.25  3015  2912 3640.75 
 856.3  3020  2984 3061.75 
 856.35  3025  3056 5603.5 
 856.4  3030  3128 8435 
 856.45  3035  3200 9731.75 
 856.5  3040  3273 9270.5 
 856.55  3045  3345 11982.25 
 856.6  3050  3417 15625.5 
 856.65  3055  3490 15392.75 
 856.7  3060  3562 15348 
 856.75  3065  3635 17461.25 
 856.8  3070  3707 23436.25 
 856.85  3075  3780 26401.5 
 856.9  3080  3853 27479.75 
 856.95  3085  3926 30464.25 
 857  3090  3998 25872.5 
 857.05  3095  4071 27673.5 
 857.1  3100  4145 27160.25 
 857.15  3105  4218 43862.75 
 857.2  3110  4291 50187 
 857.25  3115  4364 47472.5 
 857.3  3120  4438 44093.5 
 857.35  3125  4511 50192.5 
 857.4  3130  4585 51246 
 857.45  3135  4658 51423.25 
 857.5  3140  4732 57612.25 
 857.55  3145  4806 47943.5 
 857.6  3150  4880 60256 
 857.65  3155  4954 49385.75 
 857.7  3160  5028 41891.25 
 857.75  3165  5102 55438.5 
 857.8  3170  5176 65190.75 
 857.85  3175  5251 65248 
 857.9  3180  5325 46868 
 857.95  3185  5399 54512.75 
 858  3190  5474 56580 
 858.05  3195  5549 49584 
 858.1  3200  5623 56715.75 
 858.15  3205  5698 61336 
 858.2  3210  5773 47777.75 
 858.25  3215  5848 44215.5 
 858.3  3220  5923 47409.75 
 858.35  3225  5998 37293 
 858.4  3230  6073 34637 
 858.45  3235  6149 36201.75 
 858.5  3240  6224 38821.75 
 858.55  3245  6300 36816 
 858.6  3250  6375 31482 
end
uaIntegration time is 0.2294 seconds per sampledt  4E-08 cy 1dh190619El Arenosillo 37.1 6.73 3.64pr1000dark 3.3 
 901.02  2900  1280 57.25 
 901.07  2905  1350 64 
 901.12  2910  1420 61.25 
 901.17  2915  1490 66.75 
 901.22  2920  1561 63 
 901.27  2925  1631 66.25 
 901.32  2930  1702 72 
 901.37  2935  1773 69.75 
 901.42  2940  1843 74.5 
 901.47  2945  1914 81.25 
 901.52  2950  1985 93.75 
 901.57  2955  2056 110.75 
 901.62  2960  2127 139.5 
 901.67  2965  2198 152.5 
 901.72  2970  2269 181.5 
 901.77  2975  2340 321.5 
 901.82  2980  2411 359.75 
 901.87  2985  2483 376.5 
 901.92  2990  2554 657 
 901.97  2995  2626 878 
 902.02  3000  2697 869.75 
 902.07  3005  2769 1167.25 
 902.12  3010  2841 1796 
 902.17  3015  2912 2359 
 902.22  3020  2984 2076 
 902.27  3025  3056 3762.75 
 902.32  3030  3128 5786.25 
 902.37  3035  3200 6753.75 
 902.42  3040  3273 6486.75 
 902.47  3045  3345 8603.5 
 902.52  3050  3417 11319.25 
 902.57  3055  3490 11424.25 
 902.62  3060  3562 11273 
 902.67  3065  3635 13008.5 
 902.72  3070  3707 17660.25 
 902.77  3075  3780 20117.25 
 902.82  3080  3853 21037.75 
 902.87  3085  3926 23516.5 
 902.92  3090  3998 20125.25 
 902.97  3095  4071 22150.25 
 903.02  3100  4145 21610 
 903.07  3105  4218 34884.75 
 903.12  3110  4291 40263.25 
 903.17  3115  4364 38206.25 
 903.22  3120  4438 35893 
 903.27  3125  4511 41147 
 903.32  3130  4585 42367.25 
 903.37  3135  4658 42386 
 903.42  3140  4732 48167.25 
 903.47  3145  4806 39876.75 
 903.52  3150  4880 50235 
 903.57  3155  4954 41421 
 903.62  3160  5028 35246 
 903.67  3165  5102 46911.75 
 903.72  3170  5176 55315.25 
 903.77  3175  5251 54606.75 
 903.82  3180  5325 39595.25 
 903.87  3185  5399 46720.75 
 903.92  3190  5474 48294.25 
 903.97  3195  5549 42262.5 
 904.02  3200  5623 48042 
 904.07  3205  5698 52415 
 904.12  3210  5773 40848.25 
 904.17  3215  5848 38090.75 
 904.22  3220  5923 40486.25 
 904.27  3225  5998 31811 
 904.32  3230  6073 29770 
 904.37  3235  6149 31166 
 904.42  3240  6224 33561 
 904.47  3245  6300 31617.25 
 904.52  3250  6375 27086.25 
end
uaIntegration time is 0.2294 seconds per sampledt  4E-08 cy 1dh190619El Arenosillo 37.1 6.73 3.58pr1000dark 3.15 
 960.02  2900  1280 41.5 
 960.07  2905  1350 39.75 
 960.12  2910  1420 44 
 960.17  2915  1490 41 
 960.22  2920  1561 41.25 
 960.27  2925  1631 43.25 
 960.32  2930  1702 42.25 
 960.37  2935  1773 42.5 
 960.42  2940  1843 43.5 
 960.47  2945  1914 44 
 960.52  2950  1985 48.5 
 960.57  2955  2056 57.5 
 960.62  2960  2127 61.75 
 960.67  2965  2198 72.75 
 960.72  2970  2269 77.75 
 960.77  2975  2340 121.75 
 960.82  2980  2411 134.25 
 960.87  2985  2483 162.25 
 960.92  2990  2554 247.5 
 960.97  2995  2626 324.5 
 961.02  3000  2697 339.25 
 961.07  3005  2769 484 
 961.12  3010  2841 731.25 
 961.17  3015  2912 1006.5 
 961.22  3020  2984 909.5 
 961.27  3025  3056 1731.25 
 961.32  3030  3128 2709 
 961.37  3035  3200 3252.75 
 961.42  3040  3273 2794.75 
 961.47  3045  3345 4118.75 
 961.52  3050  3417 5720.25 
 961.57  3055  3490 5403.75 
 961.62  3060  3562 5836.25 
 961.67  3065  3635 6846.5 
 961.72  3070  3707 9510.75 
 961.77  3075  3780 11933.25 
 961.82  3080  3853 12536 
 961.87  3085  3926 14370 
 961.92  3090  3998 11948.25 
 961.97  3095  4071 13695.25 
 962.02  3100  4145 13839.25 
 962.07  3105  4218 22414.25 
 962.12  3110  4291 26096.75 
 962.17  3115  4364 24211.5 
 962.22  3120  4438 22808.5 
 962.27  3125  4511 25302.25 
 962.32  3130  4585 24002.25 
 962.37  3135  4658 24271.75 
 962.42  3140  4732 27188.75 
 962.47  3145  4806 24457.25 
 962.52  3150  4880 34068.75 
 962.57  3155  4954 29439 
 962.62  3160  5028 25225.5 
 962.67  3165  5102 33921.75 
 962.72  3170  5176 39887.5 
 962.77  3175  5251 39226.75 
 962.82  3180  5325 28597.75 
 962.87  3185  5399 34176.25 
 962.92  3190  5474 35520.25 
 962.97  3195  5549 30729.75 
 963.02  3200  5623 35043.5 
 963.07  3205  5698 38571.75 
 963.12  3210  5773 30327.5 
 963.17  3215  5848 28493.5 
 963.22  3220  5923 29800.75 
 963.27  3225  5998 23573.5 
 963.32  3230  6073 22170.5 
 963.37  3235  6149 23607.5 
 963.42  3240  6224 24888 
 963.47  3245  6300 23902.5 
 963.52  3250  6375 19963 
end
uaIntegration time is 0.2294 seconds per sampledt  4E-08 cy 1dh190619El Arenosillo 37.1 6.73 3.54pr1000dark 2.65 
 1020.02  2900  1280 23.5 
 1020.07  2905  1350 23 
 1020.12  2910  1420 28.5 
 1020.17  2915  1490 22 
 1020.22  2920  1561 25 
 1020.27  2925  1631 29 
 1020.32  2930  1702 24.25 
 1020.37  2935  1773 29.75 
 1020.42  2940  1843 27.5 
 1020.47  2945  1914 31.25 
 1020.52  2950  1985 33.5 
 1020.57  2955  2056 25.25 
 1020.62  2960  2127 26.5 
 1020.67  2965  2198 30.5 
 1020.72  2970  2269 36.25 
 1020.77  2975  2340 41.25 
 1020.82  2980  2411 43.75 
 1020.87  2985  2483 42 
 1020.92  2990  2554 61 
 1020.97  2995  2626 80.5 
 1021.02  3000  2697 86.25 
 1021.07  3005  2769 112 
 1021.12  3010  2841 185 
 1021.17  3015  2912 240 
 1021.22  3020  2984 233.5 
 1021.27  3025  3056 446.5 
 1021.32  3030  3128 727.75 
 1021.37  3035  3200 919.25 
 1021.42  3040  3273 937.25 
 1021.47  3045  3345 1327.75 
 1021.52  3050  3417 1929.5 
 1021.57  3055  3490 2064.25 
 1021.62  3060  3562 2054.25 
 1021.67  3065  3635 2617.5 
 1021.72  3070  3707 3908.75 
 1021.77  3075  3780 4566.75 
 1021.82  3080  3853 5073.25 
 1021.87  3085  3926 5817.5 
 1021.92  3090  3998 5146.75 
 1021.97  3095  4071 6210 
 1022.02  3100  4145 6304.5 
 1022.07  3105  4218 10421.5 
 1022.12  3110  4291 12401.5 
 1022.17  3115  4364 12080.75 
 1022.22  3120  4438 11990 
 1022.27  3125  4511 14260 
 1022.32  3130  4585 14869.25 
 1022.37  3135  4658 14862.75 
 1022.42  3140  4732 17439.25 
 1022.47  3145  4806 15149.25 
 1022.52  3150  4880 19285 
 1022.57  3155  4954 15688.75 
 1022.62  3160  5028 13979.75 
 1022.67  3165  5102 19098.75 
 1022.72  3170  5176 22681.5 
 1022.77  3175  5251 22175 
 1022.82  3180  5325 16539.5 
 1022.87  3185  5399 20159.75 
 1022.92  3190  5474 21034.25 
 1022.97  3195  5549 17573.25 
 1023.02  3200  5623 20001.5 
 1023.07  3205  5698 23027.25 
 1023.12  3210  5773 18793.5 
 1023.17  3215  5848 17402.5 
 1023.22  3220  5923 18040.75 
 1023.27  3225  5998 14262 
 1023.32  3230  6073 13582.5 
 1023.37  3235  6149 14799 
 1023.42  3240  6224 15967.25 
 1023.47  3245  6300 14860.75 
 1023.52  3250  6375 12468 
end
uaIntegration time is 0.2294 seconds per sampledt  4E-08 cy 1dh190619El Arenosillo 37.1 6.73 3.52pr1000dark 2.85 
 1030.02  2900  1280 22 
 1030.07  2905  1350 21.25 
 1030.12  2910  1420 24.25 
 1030.17  2915  1490 21 
 1030.22  2920  1561 23.75 
 1030.27  2925  1631 20.75 
 1030.32  2930  1702 21 
 1030.37  2935  1773 20 
 1030.42  2940  1843 22.25 
 1030.47  2945  1914 22.25 
 1030.52  2950  1985 23.5 
 1030.57  2955  2056 24.75 
 1030.62  2960  2127 24.25 
 1030.67  2965  2198 23.5 
 1030.72  2970  2269 25.75 
 1030.77  2975  2340 38.25 
 1030.82  2980  2411 39 
 1030.87  2985  2483 41.75 
 1030.92  2990  2554 43.5 
 1030.97  2995  2626 59.5 
 1031.02  3000  2697 74.5 
 1031.07  3005  2769 85 
 1031.12  3010  2841 131.5 
 1031.17  3015  2912 185.75 
 1031.22  3020  2984 171.5 
 1031.27  3025  3056 331 
 1031.32  3030  3128 558 
 1031.37  3035  3200 689 
 1031.42  3040  3273 721 
 1031.47  3045  3345 1044.75 
 1031.52  3050  3417 1532.75 
 1031.57  3055  3490 1661.25 
 1031.62  3060  3562 1721.25 
 1031.67  3065  3635 2085.75 
 1031.72  3070  3707 3124.75 
 1031.77  3075  3780 3909.25 
 1031.82  3080  3853 4159.5 
 1031.87  3085  3926 4825.25 
 1031.92  3090  3998 4304.75 
 1031.97  3095  4071 5039 
 1032.02  3100  4145 5363.75 
 1032.07  3105  4218 8242.25 
 1032.12  3110  4291 9638.75 
 1032.17  3115  4364 10266.5 
 1032.22  3120  4438 10316.25 
 1032.27  3125  4511 12245.25 
 1032.32  3130  4585 12764.75 
 1032.37  3135  4658 12782.5 
 1032.42  3140  4732 15062.75 
 1032.47  3145  4806 13303.25 
 1032.52  3150  4880 16947.5 
 1032.57  3155  4954 13753 
 1032.62  3160  5028 12365.75 
 1032.67  3165  5102 16912 
 1032.72  3170  5176 20083.5 
 1032.77  3175  5251 19611.75 
 1032.82  3180  5325 14548.5 
 1032.87  3185  5399 17342 
 1032.92  3190  5474 18122.25 
 1032.97  3195  5549 15543.75 
 1033.02  3200  5623 17501.75 
 1033.07  3205  5698 19774 
 1033.12  3210  5773 16561 
 1033.17  3215  5848 15711.75 
 1033.22  3220  5923 16214.5 
 1033.27  3225  5998 12804.75 
 1033.32  3230  6073 11963.25 
 1033.37  3235  6149 13068 
 1033.42  3240  6224 14367 
 1033.47  3245  6300 13352.25 
 1033.52  3250  6375 11198.75 
end
ufIntegration time is 0.2294 seconds per sampledt  4E-08 cy 4dh190619El Arenosillo 37.1 6.73 3.27pr1000dark 6 
 1174.4  2900  1280 6 
 1174.43  2905  1350 6 
 1174.46  2910  1420 5 
 1174.5  2915  1490 6 
 1174.54  2920  1561 7 
 1174.57  2925  1631 8 
 1174.6  2930  1702 6 
 1174.64  2935  1773 9 
 1174.67  2940  1843 8 
 1174.71  2945  1914 6 
 1174.75  2950  1985 8 
 1174.78  2955  2056 7 
 1174.81  2960  2127 7 
 1174.85  2965  2198 6 
 1174.89  2970  2269 8 
 1174.92  2975  2340 8 
 1174.95  2980  2411 7 
 1174.99  2985  2483 6 
 1175.02  2990  2554 8 
 1175.06  2995  2626 8 
 1175.09  3000  2697 9 
 1175.13  3005  2769 8 
 1175.16  3010  2841 10 
 1175.2  3015  2912 15 
 1175.23  3020  2984 12 
 1175.27  3025  3056 15 
 1175.3  3030  3128 19 
 1175.34  3035  3200 28 
 1175.37  3040  3273 29 
 1175.41  3045  3345 35 
 1175.44  3050  3417 47 
 1175.48  3055  3490 48 
 1175.51  3060  3562 47 
 1175.55  3065  3635 55 
 1175.58  3070  3707 70 
 1175.62  3075  3780 83 
 1175.65  3080  3853 93 
 1175.69  3085  3926 129 
 1175.72  3090  3998 108 
 1175.76  3095  4071 114 
 1175.79  3100  4145 144 
 1175.83  3105  4218 194 
 1175.86  3110  4291 246 
 1175.9  3115  4364 234 
 1175.93  3120  4438 280 
 1175.97  3125  4511 300 
 1176  3130  4585 320 
 1176.04  3135  4658 313 
 1176.07  3140  4732 394 
 1176.11  3145  4806 414 
 1176.14  3150  4880 516 
 1176.18  3155  4954 404 
 1176.21  3160  5028 400 
 1176.25  3165  5102 608 
 1176.28  3170  5176 700 
 1176.32  3175  5251 708 
 1176.35  3180  5325 560 
 1176.39  3185  5399 884 
 1176.42  3190  5474 1017 
 1176.46  3195  5549 744 
 1176.49  3200  5623 844 
 1176.53  3205  5698 1202 
 1176.56  3210  5773 1222 
 1176.6  3215  5848 1163 
 1176.63  3220  5923 962 
 1176.67  3225  5998 750 
 1176.7  3230  6073 917 
 1176.74  3235  6149 1320 
 1176.77  3240  6224 1465 
 1176.81  3245  6300 1181 
 1176.84  3250  6375 867 
end
