uxIntegration time is 0.2294 seconds per sampledt  3.1E-08 cy 1dh200619El Arenosillo 37.1 6.73 2.750537pr1000dark .95 
 302.27  2865  124 .5 
 302.3  2870  189 0 
 302.33  2875  254 .75 
 302.37  2880  319 .25 
 302.4  2885  384 .25 
 302.43  2890  449 0 
 302.46  2895  514 .5 
 302.49  2900  579 1 
 302.53  2905  645 1 
 302.56  2910  710 .75 
 302.59  2915  776 0 
 302.62  2920  841 .5 
 302.65  2925  907 .25 
 302.68  2930  973 1.75 
 302.72  2935  1039 .25 
 302.75  2940  1105 .5 
 302.78  2945  1171 .25 
 302.81  2950  1237 2 
 302.84  2955  1303 .25 
 302.87  2960  1370 .25 
 302.91  2965  1436 .25 
 302.94  2970  1502 .75 
 302.97  2975  1569 1.5 
 303  2980  1636 1 
 303.03  2985  1703 .5 
 303.07  2990  1769 1.25 
 303.1  2995  1836 .75 
 303.12  3000  1903 1 
 303.15  3005  1970 .5 
 303.17  3010  2038 2 
 303.2  3015  2105 2.5 
 303.22  3020  2172 1.5 
 303.25  3025  2240 3 
 303.27  3030  2307 3 
 303.29  3035  2375 3.5 
 303.32  3040  2443 3.5 
 303.34  3045  2511 5.5 
 303.36  3050  2579 6.5 
 303.39  3055  2647 7.5 
 303.41  3060  2715 6 
 303.44  3065  2783 9.5 
 303.46  3070  2851 14.5 
 303.49  3075  2920 18.5 
 303.51  3080  2988 17 
 303.54  3085  3057 17.5 
 303.56  3090  3126 18 
 303.58  3095  3194 21.5 
 303.61  3100  3263 25.5 
 303.63  3105  3332 36.5 
 303.66  3110  3401 45 
 303.68  3115  3471 51 
 303.71  3120  3540 47.5 
 303.73  3125  3609 62 
 303.76  3130  3679 69 
 303.78  3135  3748 72 
 303.81  3140  3818 81 
 303.83  3145  3888 76 
 303.85  3150  3958 106 
 303.88  3155  4028 91 
 303.9  3160  4098 82.5 
 303.93  3165  4168 122.5 
 303.95  3170  4238 156.5 
 303.98  3175  4309 161.5 
 304  3180  4379 134 
 304.03  3185  4450 184.5 
 304.05  3190  4521 227.5 
 304.08  3195  4592 178 
 304.1  3200  4663 221 
 304.12  3205  4734 287.5 
 304.15  3210  4805 318.5 
 304.17  3215  4876 317 
 304.2  3220  4947 304.5 
 304.22  3225  5019 247 
 304.25  3230  5090 287.5 
 304.27  3235  5162 463.5 
 304.3  3240  5234 570 
 304.32  3245  5306 517.5 
 304.35  3250  5378 403.5 
 304.37  3255  5450 542.5 
 304.4  3260  5522 828.5 
 304.42  3265  5595 1014 
 304.45  3270  5667 1008.5 
 304.47  3275  5740 848 
 304.5  3280  5813 665 
 304.52  3285  5885 839 
 304.54  3290  5958 1257.5 
 304.57  3295  6031 1597 
 304.59  3300  6105 1542 
 304.62  3305  6178 1067 
 304.64  3310  6251 1006.5 
 304.67  3315  6325 1122.5 
 304.69  3320  6399 1481.5 
 304.72  3325  6472 1599.5 
 304.74  3330  6546 1542 
 304.77  3335  6620 1335.5 
 304.79  3340  6694 1213 
 304.82  3345  6769 1637.5 
 304.84  3350  6843 1715.5 
 304.87  3355  6918 2078 
 304.89  3360  6992 1487 
 304.92  3365  7067 1547.5 
 304.94  3370  7142 1261 
 304.97  3375  7217 1434 
 304.99  3380  7292 1607 
 305.02  3385  7367 1878.5 
 305.04  3390  7443 2032.5 
 305.07  3395  7518 1892 
 305.09  3400  7594 2175.5 
 305.12  3405  7670 1922 
 305.14  3410  7746 2018 
 305.17  3415  7822 1916.5 
 305.19  3420  7898 2296 
 305.22  3425  7974 2170 
 305.24  3430  8051 2354.5 
 305.27  3435  8127 2167 
 305.29  3440  8204 1592.5 
 305.32  3445  8281 1496 
 305.34  3450  8358 2106 
 305.37  3455  8435 2257.5 
 305.39  3460  8512 1965 
 305.42  3465  8590 2194.5 
 305.44  3470  8667 2319 
 305.47  3475  8745 1913 
 305.49  3480  8823 2183.5 
 305.52  3485  8901 2173 
 305.54  3490  8979 2072.5 
 305.57  3495  9057 2044 
 305.59  3500  9135 2465.5 
 305.72  3505  7350 2616 
 305.74  3510  7429 2398 
 305.77  3515  7509 2114.5 
 305.79  3520  7589 2511.5 
 305.82  3525  7669 1912 
 305.84  3530  7749 2348.5 
 305.87  3535  7829 2516 
 305.89  3540  7910 2718 
 305.92  3545  7990 2695.5 
 305.94  3550  8071 2750 
 305.97  3555  8152 2450.5 
 305.99  3560  8233 2510.5 
 306.02  3565  8314 2306.5 
 306.04  3570  8396 1809.5 
 306.07  3575  8477 2186.5 
 306.09  3580  8559 1850 
 306.12  3585  8641 1523 
 306.14  3590  8723 2024.5 
 306.17  3595  8805 2643 
 306.19  3600  8887 2849.5 
 306.22  3605  8970 2303 
 306.24  3610  9053 2060 
 306.27  3615  9135 2428.5 
 306.3  3620  9219 2016.5 
 306.32  3625  9302 2735 
 306.35  3630  9385 2526 
end
uaIntegration time is 0.2294 seconds per sampledt  3.1E-08 cy 1dh200619El Arenosillo 37.1 6.73 3.018777pr1000dark .65 
 481.04  2865  124 .5 
 481.07  2870  189 .5 
 481.13  2875  254 .5 
 481.19  2880  319 .75 
 481.22  2885  384 1 
 481.29  2890  449 1 
 481.32  2895  514 .5 
 481.39  2900  579 1 
 481.42  2905  645 .75 
 481.49  2910  710 1 
 481.52  2915  776 .25 
 481.59  2920  841 2 
 481.64  2925  907 1 
 481.67  2930  973 .5 
 481.74  2935  1039 .75 
 481.77  2940  1105 1.5 
 481.84  2945  1171 1 
 481.89  2950  1237 1 
 481.92  2955  1303 2.5 
 481.98  2960  1370 5 
 482.04  2965  1436 6 
 482.07  2970  1502 9.75 
 482.14  2975  1569 26 
 482.17  2980  1636 33.75 
 482.24  2985  1703 40.5 
 482.27  2990  1769 87.5 
 482.34  2995  1836 135 
 482.37  3000  1903 153.25 
 482.44  3005  1970 234.25 
 482.47  3010  2038 421.5 
 482.54  3015  2105 625 
 482.57  3020  2172 585.5 
 482.64  3025  2240 1184.75 
 482.67  3030  2307 2045.75 
 482.73  3035  2375 2569.75 
 482.79  3040  2443 2575.75 
 482.82  3045  2511 3596 
 482.89  3050  2579 5397.75 
 482.92  3055  2647 5852 
 482.99  3060  2715 5851.75 
 483.02  3065  2783 7227.25 
 483.09  3070  2851 10475.25 
 483.12  3075  2920 12861 
 483.19  3080  2988 13827 
 483.22  3085  3057 15876 
 483.29  3090  3126 14256.5 
 483.34  3095  3194 16760.5 
 483.37  3100  3263 17360.25 
 483.44  3105  3332 27951.5 
 483.47  3110  3401 34047.5 
 483.54  3115  3471 33593.5 
 483.57  3120  3540 33331.75 
 483.64  3125  3609 39890 
 483.67  3130  3679 42464.75 
 483.74  3135  3748 43303.25 
 483.77  3140  3818 51216.75 
 483.84  3145  3888 46035.25 
 483.87  3150  3958 58949 
 483.94  3155  4028 50932.75 
 483.97  3160  4098 44407.25 
 484.04  3165  4168 62060.75 
 484.08  3170  4238 75944.5 
 484.14  3175  4309 78705.25 
 484.17  3180  4379 61627.25 
 484.24  3185  4450 74573.75 
 484.27  3190  4521 85233.25 
 484.34  3195  4592 74351.5 
 484.39  3200  4663 88377.75 
 484.42  3205  4734 104053.5 
 484.49  3210  4805 91535 
 484.52  3215  4876 87746.75 
 484.59  3220  4947 97582.25 
 484.62  3225  5019 84200.5 
 484.69  3230  5090 81780.25 
 484.72  3235  5162 96498.25 
 484.79  3240  5234 110794.5 
 484.82  3245  5306 114548.3 
 484.89  3250  5378 104719 
 484.94  3255  5450 128169.5 
 484.98  3260  5522 151132.5 
 485.04  3265  5595 149806.8 
 485.09  3270  5667 151104.8 
 485.12  3275  5740 145321.8 
 485.19  3280  5813 134871.3 
 485.22  3285  5885 136084.3 
 485.28  3290  5958 156038 
 485.34  3295  6031 177111 
 485.37  3300  6105 179796.8 
 485.44  3305  6178 151785.3 
 485.47  3310  6251 152217 
 485.54  3315  6325 152052 
 485.59  3320  6399 161562.5 
 485.62  3325  6472 158349.3 
 485.69  3330  6546 158924 
 485.73  3335  6620 148987 
 485.79  3340  6694 148872.5 
 485.82  3345  6769 168611.2 
 485.89  3350  6843 158693 
 485.92  3355  6918 179141 
 485.99  3360  6992 131084.3 
 486.02  3365  7067 150746 
 486.09  3370  7142 128027.3 
 486.12  3375  7217 152576.3 
 486.19  3380  7292 151851.3 
 486.22  3385  7367 163533 
 486.29  3390  7443 167876.2 
 486.32  3395  7518 158832 
 486.39  3400  7594 189363.2 
 486.43  3405  7670 173785 
 486.49  3410  7746 166590.5 
 486.52  3415  7822 153853.3 
 486.59  3420  7898 181253 
 486.62  3425  7974 168863 
 486.68  3430  8051 184188.5 
 486.74  3435  8127 174216.2 
 486.77  3440  8204 136631.3 
 486.84  3445  8281 129454.5 
 486.87  3450  8358 170005.8 
 486.94  3455  8435 176051 
 486.97  3460  8512 151699 
 487.04  3465  8590 168819.5 
 487.09  3470  8667 179342.8 
 487.14  3475  8745 148633 
 487.17  3480  8823 166080.5 
 487.24  3485  8901 166649.3 
 487.28  3490  8979 154629.5 
 487.34  3495  9057 153325.3 
 487.37  3500  9135 183103 
 487.52  3505  7350 191569.5 
 487.71  3510  7429 175954 
 487.74  3515  7509 161831.3 
 487.81  3520  7589 182577.5 
 487.84  3525  7669 139840 
 487.9  3530  7749 172681.2 
 487.94  3535  7829 183489.8 
 488.01  3540  7910 192098 
 488.04  3545  7990 193493.2 
 488.11  3550  8071 195330.8 
 488.14  3555  8152 176200 
 488.21  3560  8233 182344 
 488.24  3565  8314 165495.5 
 488.3  3570  8396 132975.5 
 488.35  3575  8477 160640.3 
 488.41  3580  8559 133452.3 
 488.44  3585  8641 111228 
 488.5  3590  8723 147077 
 488.56  3595  8805 186961.5 
 488.59  3600  8887 199844.5 
 488.66  3605  8970 162265.3 
 488.69  3610  9053 146405.8 
 488.75  3615  9135 169939.2 
 488.79  3620  9219 141850.8 
 488.85  3625  9302 192673.5 
 488.89  3630  9385 175310 
end
uaIntegration time is 0.2294 seconds per sampledt  3.1E-08 cy 1dh200619El Arenosillo 37.1 6.73 3.072425pr1000dark 4.3 
 540.04  2865  124 3 
 540.07  2870  189 3 
 540.13  2875  254 3.5 
 540.19  2880  319 3 
 540.22  2885  384 3.25 
 540.29  2890  449 3 
 540.34  2895  514 2.75 
 540.37  2900  579 2 
 540.44  2905  645 2.25 
 540.47  2910  710 2.25 
 540.54  2915  776 2.75 
 540.57  2920  841 4.25 
 540.64  2925  907 2.5 
 540.67  2930  973 3.25 
 540.74  2935  1039 3.25 
 540.77  2940  1105 5.25 
 540.84  2945  1171 6.75 
 540.87  2950  1237 12.5 
 540.94  2955  1303 23.5 
 540.97  2960  1370 42.75 
 541.04  2965  1436 51 
 541.07  2970  1502 70.5 
 541.14  2975  1569 174.5 
 541.17  2980  1636 241 
 541.24  2985  1703 250.25 
 541.29  2990  1769 497 
 541.32  2995  1836 740.25 
 541.39  3000  1903 778 
 541.42  3005  1970 1064.75 
 541.49  3010  2038 1793.25 
 541.54  3015  2105 2483.25 
 541.57  3020  2172 2221.25 
 541.64  3025  2240 4218.75 
 541.69  3030  2307 6802 
 541.72  3035  2375 8182.25 
 541.79  3040  2443 8020 
 541.84  3045  2511 10713.75 
 541.87  3050  2579 14972.5 
 541.94  3055  2647 15446.5 
 541.99  3060  2715 15296.5 
 542.02  3065  2783 18007.5 
 542.09  3070  2851 24790 
 542.12  3075  2920 29321.75 
 542.19  3080  2988 30989.75 
 542.24  3085  3057 34864.75 
 542.28  3090  3126 30585.25 
 542.34  3095  3194 34409.75 
 542.37  3100  3263 34729.5 
 542.44  3105  3332 55582.25 
 542.47  3110  3401 66075 
 542.54  3115  3471 64216.5 
 542.59  3120  3540 61818.5 
 542.62  3125  3609 72195.5 
 542.69  3130  3679 75906 
 542.72  3135  3748 77496 
 542.79  3140  3818 89798.5 
 542.82  3145  3888 78165 
 542.89  3150  3958 99434 
 542.92  3155  4028 86123.75 
 542.99  3160  4098 73956 
 543.02  3165  4168 101035.3 
 543.09  3170  4238 123010 
 543.12  3175  4309 127803.5 
 543.19  3180  4379 99225 
 543.22  3185  4450 117169.3 
 543.29  3190  4521 132038.3 
 543.32  3195  4592 116958.5 
 543.39  3200  4663 138699.3 
 543.43  3205  4734 160036.8 
 543.49  3210  4805 138275.5 
 543.52  3215  4876 132559.3 
 543.59  3220  4947 149106.3 
 543.62  3225  5019 129010.3 
 543.69  3230  5090 123902.3 
 543.72  3235  5162 142715 
 543.79  3240  5234 162657.8 
 543.82  3245  5306 169052.5 
 543.89  3250  5378 155837.8 
 543.92  3255  5450 188951 
 543.98  3260  5522 218205 
 544.04  3265  5595 214454.8 
 544.07  3270  5667 216434 
 544.14  3275  5740 209373 
 544.17  3280  5813 196332.8 
 544.24  3285  5885 196014.8 
 544.29  3290  5958 221749.5 
 544.32  3295  6031 248202 
 544.39  3300  6105 252663.5 
 544.42  3305  6178 215844 
 544.49  3310  6251 217132.5 
 544.52  3315  6325 216345.8 
 544.59  3320  6399 227960.5 
 544.62  3325  6472 223207.2 
 544.69  3330  6546 224115.5 
 544.74  3335  6620 211354.2 
 544.78  3340  6694 212244.8 
 544.84  3345  6769 236709 
 544.87  3350  6843 222741.8 
 544.94  3355  6918 250303.5 
 544.97  3360  6992 185135.8 
 545.04  3365  7067 213522.5 
 545.07  3370  7142 181995 
 545.14  3375  7217 215770.5 
 545.17  3380  7292 213846.5 
 545.24  3385  7367 229848.2 
 545.27  3390  7443 234200.8 
 545.34  3395  7518 222271.8 
 545.37  3400  7594 262469.5 
 545.44  3405  7670 242706.5 
 545.49  3410  7746 232769 
 545.53  3415  7822 215710.5 
 545.59  3420  7898 251483.2 
 545.63  3425  7974 235818.2 
 545.69  3430  8051 255957.2 
 545.72  3435  8127 243125 
 545.79  3440  8204 192508.8 
 545.82  3445  8281 182501.2 
 545.89  3450  8358 237472.2 
 545.92  3455  8435 245026.2 
 545.99  3460  8512 212186 
 546.02  3465  8590 234668.8 
 546.09  3470  8667 248161.8 
 546.12  3475  8745 207466.2 
 546.19  3480  8823 231497.5 
 546.22  3485  8901 231622.8 
 546.29  3490  8979 216200 
 546.32  3495  9057 214345 
 546.39  3500  9135 253990.2 
 546.52  3505  7350 263375 
 546.71  3510  7429 243181.5 
 546.74  3515  7509 224166.2 
 546.81  3520  7589 251541.2 
 546.84  3525  7669 194756.8 
 546.9  3530  7749 238776.8 
 546.94  3535  7829 252676.8 
 547  3540  7910 263343.5 
 547.06  3545  7990 265511.5 
 547.09  3550  8071 268314.3 
 547.16  3555  8152 243214.5 
 547.19  3560  8233 250213 
 547.26  3565  8314 228338.2 
 547.29  3570  8396 185548.2 
 547.36  3575  8477 222741 
 547.39  3580  8559 186521.8 
 547.45  3585  8641 155746.5 
 547.49  3590  8723 207075.5 
 547.56  3595  8805 257359 
 547.59  3600  8887 272007.5 
 547.66  3605  8970 224261.5 
 547.69  3610  9053 203141 
 547.75  3615  9135 233782.2 
 547.81  3620  9219 196234 
 547.84  3625  9302 261423.5 
 547.9  3630  9385 240967.8 
end
uaIntegration time is 0.2294 seconds per sampledt  3.1E-08 cy 1dh200619El Arenosillo 37.1 6.73 3.126073pr1000dark 7.6 
 600.04  2865  124 5 
 600.07  2870  189 4.75 
 600.14  2875  254 4.25 
 600.17  2880  319 3.5 
 600.24  2885  384 4 
 600.29  2890  449 4.75 
 600.32  2895  514 3.75 
 600.39  2900  579 3.25 
 600.42  2905  645 3.75 
 600.49  2910  710 3.5 
 600.54  2915  776 4 
 600.57  2920  841 4.75 
 600.64  2925  907 6 
 600.67  2930  973 8 
 600.74  2935  1039 13.5 
 600.79  2940  1105 20.5 
 600.82  2945  1171 31 
 600.89  2950  1237 49.5 
 600.92  2955  1303 97 
 600.99  2960  1370 170 
 601.02  2965  1436 210.75 
 601.09  2970  1502 265.25 
 601.14  2975  1569 598 
 601.17  2980  1636 771.75 
 601.24  2985  1703 770.25 
 601.27  2990  1769 1437.5 
 601.34  2995  1836 2024 
 601.39  3000  1903 2019.25 
 601.42  3005  1970 2694 
 601.49  3010  2038 4242.75 
 601.52  3015  2105 5703 
 601.59  3020  2172 4924 
 601.62  3025  2240 8847.25 
 601.69  3030  2307 13914.25 
 601.72  3035  2375 16473.25 
 601.79  3040  2443 15659 
 601.84  3045  2511 20520.25 
 601.87  3050  2579 27317.75 
 601.94  3055  2647 27762.5 
 601.97  3060  2715 26958.25 
 602.04  3065  2783 31597.25 
 602.07  3070  2851 41973.5 
 602.14  3075  2920 48330.75 
 602.17  3080  2988 50802.25 
 602.24  3085  3057 56553.25 
 602.27  3090  3126 49173.25 
 602.34  3095  3194 53760.25 
 602.39  3100  3263 53624.25 
 602.42  3105  3332 84176 
 602.49  3110  3401 99813.25 
 602.52  3115  3471 96256.5 
 602.59  3120  3540 91283.25 
 602.63  3125  3609 104872.8 
 602.69  3130  3679 109661.3 
 602.72  3135  3748 112063.3 
 602.79  3140  3818 128162.3 
 602.82  3145  3888 109854.5 
 602.89  3150  3958 139115.3 
 602.92  3155  4028 121664.5 
 602.99  3160  4098 103109.8 
 603.02  3165  4168 138769.3 
 603.09  3170  4238 168052.8 
 603.12  3175  4309 174943.5 
 603.19  3180  4379 135689.8 
 603.22  3185  4450 156475.3 
 603.29  3190  4521 176264 
 603.32  3195  4592 157123.5 
 603.39  3200  4663 185568 
 603.42  3205  4734 211156 
 603.49  3210  4805 182036.5 
 603.54  3215  4876 173873 
 603.57  3220  4947 196779.2 
 603.64  3225  5019 171412.5 
 603.67  3230  5090 163056.5 
 603.74  3235  5162 185935 
 603.77  3240  5234 210190.2 
 603.84  3245  5306 218782.5 
 603.87  3250  5378 203173.5 
 603.94  3255  5450 242784.2 
 603.97  3260  5522 277151.3 
 604.04  3265  5595 271274 
 604.09  3270  5667 273846.8 
 604.13  3275  5740 266485.5 
 604.19  3280  5813 251619.8 
 604.22  3285  5885 250142.2 
 604.29  3290  5958 277551.5 
 604.34  3295  6031 309070.3 
 604.37  3300  6105 313660.8 
 604.44  3305  6178 272859.3 
 604.47  3310  6251 273810.5 
 604.54  3315  6325 272431.8 
 604.57  3320  6399 284937.8 
 604.64  3325  6472 278335 
 604.69  3330  6546 279578.8 
 604.72  3335  6620 265661.3 
 604.79  3340  6694 265753 
 604.82  3345  6769 294238 
 604.89  3350  6843 277613.3 
 604.92  3355  6918 308586.8 
 604.99  3360  6992 232650.5 
 605.02  3365  7067 265697.3 
 605.09  3370  7142 229515 
 605.12  3375  7217 268763 
 605.19  3380  7292 267129.5 
 605.22  3385  7367 284122 
 605.29  3390  7443 289665 
 605.33  3395  7518 275084.8 
 605.39  3400  7594 321330.5 
 605.43  3405  7670 298978.8 
 605.49  3410  7746 287260.8 
 605.52  3415  7822 267195.8 
 605.59  3420  7898 308585.3 
 605.62  3425  7974 290317.8 
 605.69  3430  8051 313379.3 
 605.72  3435  8127 298906.3 
 605.79  3440  8204 241769 
 605.82  3445  8281 226926.2 
 605.89  3450  8358 291450 
 605.92  3455  8435 299983.5 
 605.99  3460  8512 263025.5 
 606.03  3465  8590 287867 
 606.09  3470  8667 304452.8 
 606.12  3475  8745 257747.5 
 606.19  3480  8823 284835.8 
 606.22  3485  8901 284857 
 606.29  3490  8979 267401.5 
 606.34  3495  9057 264607.8 
 606.37  3500  9135 307358.5 
 606.52  3505  7350 320376.8 
 606.7  3510  7429 297385.5 
 606.75  3515  7509 276373 
 606.81  3520  7589 307257.5 
 606.84  3525  7669 242207.2 
 606.9  3530  7749 292006.8 
 606.96  3535  7829 308328.5 
 606.99  3540  7910 320345.5 
 607.06  3545  7990 322242.3 
 607.09  3550  8071 325446.5 
 607.15  3555  8152 297414 
 607.19  3560  8233 305522.8 
 607.25  3565  8314 281280.5 
 607.29  3570  8396 230191 
 607.35  3575  8477 273211.5 
 607.41  3580  8559 231505.8 
 607.44  3585  8641 194423.2 
 607.5  3590  8723 251634.8 
 607.54  3595  8805 311119.5 
 607.61  3600  8887 329104.8 
 607.64  3605  8970 275759.8 
 607.71  3610  9053 249704 
 607.74  3615  9135 286085.5 
 607.81  3620  9219 242225.5 
 607.84  3625  9302 318029 
 607.91  3630  9385 294150.3 
end
uaIntegration time is 0.2294 seconds per sampledt  3.1E-08 cy 1dh200619El Arenosillo 37.1 6.73 3.233369pr1000dark .95 
 720.04  2865  124 .75 
 720.07  2870  189 1.25 
 720.14  2875  254 1 
 720.19  2880  319 1.75 
 720.22  2885  384 1 
 720.29  2890  449 .75 
 720.32  2895  514 .75 
 720.39  2900  579 1.5 
 720.42  2905  645 2 
 720.49  2910  710 2.25 
 720.52  2915  776 5.5 
 720.59  2920  841 11.5 
 720.64  2925  907 12.25 
 720.67  2930  973 29 
 720.74  2935  1039 47.75 
 720.79  2940  1105 76.5 
 720.82  2945  1171 108.5 
 720.89  2950  1237 187.5 
 720.92  2955  1303 346.5 
 720.99  2960  1370 576.5 
 721.02  2965  1436 623.75 
 721.09  2970  1502 775.5 
 721.12  2975  1569 1676 
 721.19  2980  1636 1950.25 
 721.22  2985  1703 1930.25 
 721.29  2990  1769 3508.25 
 721.32  2995  1836 4537.25 
 721.38  3000  1903 4414 
 721.44  3005  1970 5776.75 
 721.47  3010  2038 8809.25 
 721.53  3015  2105 11127.25 
 721.59  3020  2172 9494 
 721.64  3025  2240 16841.25 
 721.68  3030  2307 25163.25 
 721.74  3035  2375 28855.5 
 721.77  3040  2443 27261.75 
 721.84  3045  2511 34641.5 
 721.87  3050  2579 44874.25 
 721.94  3055  2647 44349 
 721.97  3060  2715 43300.75 
 722.04  3065  2783 49643.5 
 722.07  3070  2851 64826 
 722.14  3075  2920 72536.5 
 722.17  3080  2988 75625.25 
 722.24  3085  3057 83404.25 
 722.29  3090  3126 71290.25 
 722.32  3095  3194 76891 
 722.39  3100  3263 75829 
 722.43  3105  3332 118647.8 
 722.49  3110  3401 138149.8 
 722.52  3115  3471 132205.8 
 722.59  3120  3540 124169.8 
 722.63  3125  3609 141195.5 
 722.69  3130  3679 146620.8 
 722.72  3135  3748 149951 
 722.79  3140  3818 168533 
 722.82  3145  3888 144046.3 
 722.89  3150  3958 180703.5 
 722.92  3155  4028 157615 
 722.99  3160  4098 134110.5 
 723.02  3165  4168 178067.2 
 723.09  3170  4238 214003.8 
 723.12  3175  4309 221227.2 
 723.19  3180  4379 171526 
 723.24  3185  4450 198260.5 
 723.27  3190  4521 218371.8 
 723.34  3195  4592 198039.2 
 723.37  3200  4663 232346.5 
 723.44  3205  4734 260167.5 
 723.47  3210  4805 222428.5 
 723.54  3215  4876 215059.5 
 723.57  3220  4947 242013.5 
 723.64  3225  5019 211192.8 
 723.67  3230  5090 201779.8 
 723.73  3235  5162 226805.8 
 723.79  3240  5234 254752 
 723.82  3245  5306 264292.8 
 723.89  3250  5378 247506 
 723.92  3255  5450 293428 
 723.99  3260  5522 328987 
 724.02  3265  5595 321650.8 
 724.09  3270  5667 324075.8 
 724.13  3275  5740 316520.5 
 724.19  3280  5813 301202 
 724.24  3285  5885 297950 
 724.27  3290  5958 329477.8 
 724.34  3295  6031 360652 
 724.37  3300  6105 365881 
 724.44  3305  6178 321216.8 
 724.47  3310  6251 324028.8 
 724.54  3315  6325 322267 
 724.57  3320  6399 334326 
 724.64  3325  6472 327896.8 
 724.67  3330  6546 328347.5 
 724.74  3335  6620 312897.8 
 724.77  3340  6694 314746.3 
 724.84  3345  6769 344023.8 
 724.87  3350  6843 326225.5 
 724.94  3355  6918 358841 
 724.97  3360  6992 274067.3 
 725.04  3365  7067 313455.5 
 725.07  3370  7142 271666 
 725.14  3375  7217 318540.5 
 725.18  3380  7292 313030 
 725.24  3385  7367 332944.3 
 725.27  3390  7443 337221.5 
 725.34  3395  7518 322926.3 
 725.37  3400  7594 372235.5 
 725.44  3405  7670 346996.8 
 725.49  3410  7746 334865.3 
 725.54  3415  7822 312970 
 725.57  3420  7898 357747 
 725.64  3425  7974 337517.3 
 725.67  3430  8051 362054 
 725.74  3435  8127 346592.8 
 725.77  3440  8204 281635.8 
 725.84  3445  8281 270756.5 
 725.87  3450  8358 339551.5 
 725.94  3455  8435 348051.3 
 725.97  3460  8512 307187.3 
 726.04  3465  8590 336029 
 726.07  3470  8667 352079.5 
 726.14  3475  8745 300371.8 
 726.17  3480  8823 331226.8 
 726.24  3485  8901 331454.8 
 726.29  3490  8979 311125 
 726.32  3495  9057 308952.5 
 726.39  3500  9135 357152.3 
 726.52  3505  7350 368139.3 
 726.71  3510  7429 343663.3 
 726.74  3515  7509 322341.3 
 726.8  3520  7589 354154 
 726.86  3525  7669 283288.5 
 726.89  3530  7749 339009 
 726.96  3535  7829 355600.3 
 726.99  3540  7910 367767 
 727.06  3545  7990 370225.8 
 727.09  3550  8071 372955.8 
 727.16  3555  8152 342899.5 
 727.19  3560  8233 352936.8 
 727.26  3565  8314 324251.8 
 727.29  3570  8396 269474.8 
 727.35  3575  8477 318447.3 
 727.39  3580  8559 269808.5 
 727.45  3585  8641 229107.8 
 727.49  3590  8723 296873.8 
 727.56  3595  8805 358931.8 
 727.59  3600  8887 376593.8 
 727.65  3605  8970 318478 
 727.69  3610  9053 292766.8 
 727.75  3615  9135 330739 
 727.81  3620  9219 283932.8 
 727.84  3625  9302 365814.5 
 727.91  3630  9385 337538.3 
end
uaIntegration time is 0.2294 seconds per sampledt  3.1E-08 cy 1dh200619El Arenosillo 37.1 6.73 3.233369pr1000dark 6.3 
 780.04  2865  124 4.5 
 780.07  2870  189 2.25 
 780.14  2875  254 3 
 780.17  2880  319 3 
 780.24  2885  384 2.5 
 780.27  2890  449 2.5 
 780.34  2895  514 2.75 
 780.37  2900  579 3.75 
 780.44  2905  645 2.25 
 780.47  2910  710 5.5 
 780.54  2915  776 7 
 780.59  2920  841 11.5 
 780.64  2925  907 13.75 
 780.69  2930  973 27.75 
 780.72  2935  1039 47.75 
 780.79  2940  1105 68.75 
 780.82  2945  1171 107 
 780.89  2950  1237 174.75 
 780.94  2955  1303 323.5 
 780.97  2960  1370 546.25 
 781.04  2965  1436 608.75 
 781.07  2970  1502 741 
 781.14  2975  1569 1567 
 781.17  2980  1636 1945.5 
 781.24  2985  1703 1839.75 
 781.27  2990  1769 3356.25 
 781.34  2995  1836 4390.75 
 781.37  3000  1903 4343.5 
 781.44  3005  1970 5507.5 
 781.49  3010  2038 8539 
 781.52  3015  2105 11012.5 
 781.59  3020  2172 9269.75 
 781.62  3025  2240 16357.5 
 781.69  3030  2307 24643.25 
 781.74  3035  2375 28421.25 
 781.77  3040  2443 26849 
 781.84  3045  2511 34047 
 781.89  3050  2579 44255.5 
 781.92  3055  2647 44231 
 781.99  3060  2715 42469.5 
 782.02  3065  2783 48904 
 782.09  3070  2851 63421.5 
 782.12  3075  2920 71700.25 
 782.19  3080  2988 74816 
 782.22  3085  3057 82398.75 
 782.29  3090  3126 70956.75 
 782.32  3095  3194 75943 
 782.39  3100  3263 74947 
 782.43  3105  3332 116531.5 
 782.49  3110  3401 136763.8 
 782.52  3115  3471 131292.5 
 782.59  3120  3540 122741.5 
 782.64  3125  3609 139405.3 
 782.67  3130  3679 145117.8 
 782.74  3135  3748 148285 
 782.77  3140  3818 167745.3 
 782.84  3145  3888 142095.5 
 782.89  3150  3958 178492.8 
 782.94  3155  4028 156708.8 
 782.99  3160  4098 132252 
 783.04  3165  4168 175681.8 
 783.07  3170  4238 211299.5 
 783.14  3175  4309 220042.5 
 783.19  3180  4379 170450 
 783.24  3185  4450 194884.5 
 783.27  3190  4521 217512.2 
 783.34  3195  4592 195273.8 
 783.37  3200  4663 229838.2 
 783.44  3205  4734 257819.5 
 783.47  3210  4805 221645.8 
 783.54  3215  4876 211909 
 783.59  3220  4947 240184.2 
 783.62  3225  5019 210149 
 783.69  3230  5090 199059.5 
 783.72  3235  5162 224246 
 783.79  3240  5234 251967.2 
 783.82  3245  5306 262527.8 
 783.89  3250  5378 245103.2 
 783.94  3255  5450 289740 
 783.98  3260  5522 326310.3 
 784.04  3265  5595 318552.3 
 784.07  3270  5667 321512.5 
 784.14  3275  5740 313875 
 784.17  3280  5813 298397.8 
 784.24  3285  5885 295661.8 
 784.29  3290  5958 325367 
 784.32  3295  6031 358200.8 
 784.39  3300  6105 363357 
 784.42  3305  6178 319424.5 
 784.49  3310  6251 321036.5 
 784.54  3315  6325 319293 
 784.59  3320  6399 331731.8 
 784.62  3325  6472 324214.3 
 784.69  3330  6546 325666.5 
 784.74  3335  6620 310755 
 784.77  3340  6694 311625.3 
 784.84  3345  6769 341544.3 
 784.89  3350  6843 323102 
 784.92  3355  6918 356138.5 
 784.99  3360  6992 273472.5 
 785.03  3365  7067 310267.5 
 785.09  3370  7142 269726.3 
 785.13  3375  7217 313717.5 
 785.19  3380  7292 310820.8 
 785.22  3385  7367 329580.5 
 785.29  3390  7443 334704 
 785.32  3395  7518 319723 
 785.39  3400  7594 368767.3 
 785.42  3405  7670 345268.3 
 785.49  3410  7746 332084.5 
 785.52  3415  7822 309913.8 
 785.59  3420  7898 354447.3 
 785.64  3425  7974 334873.5 
 785.68  3430  8051 359287 
 785.74  3435  8127 343816.8 
 785.78  3440  8204 281391.8 
 785.84  3445  8281 265239 
 785.88  3450  8358 335836.5 
 785.94  3455  8435 345145.8 
 785.97  3460  8512 304730.3 
 786.04  3465  8590 331789 
 786.07  3470  8667 348663 
 786.14  3475  8745 297910.5 
 786.17  3480  8823 327806.3 
 786.24  3485  8901 327940.5 
 786.29  3490  8979 308686.5 
 786.32  3495  9057 305286.3 
 786.39  3500  9135 352422.3 
 786.52  3505  7350 364961 
 786.71  3510  7429 340823.8 
 786.74  3515  7509 317946.3 
 786.8  3520  7589 351048.5 
 786.84  3525  7669 279992.8 
 786.91  3530  7749 334847.5 
 786.94  3535  7829 352282.3 
 787  3540  7910 364108.3 
 787.06  3545  7990 366576.5 
 787.09  3550  8071 369623.3 
 787.16  3555  8152 339881.8 
 787.19  3560  8233 349144.5 
 787.25  3565  8314 322690.3 
 787.29  3570  8396 266368.8 
 787.35  3575  8477 314556.8 
 787.39  3580  8559 267650.5 
 787.46  3585  8641 225824.5 
 787.49  3590  8723 292628.3 
 787.56  3595  8805 354542.3 
 787.59  3600  8887 372372.8 
 787.66  3605  8970 315633 
 787.69  3610  9053 288019 
 787.76  3615  9135 327617.5 
 787.79  3620  9219 280303.8 
 787.86  3625  9302 359015 
 787.89  3630  9385 335139.5 
end
uaIntegration time is 0.2294 seconds per sampledt  3.1E-08 cy 1dh200619El Arenosillo 37.1 6.73 3.287017pr1000dark 9.8 
 840.04  2865  124 4.25 
 840.07  2870  189 4.75 
 840.14  2875  254 4.25 
 840.17  2880  319 3.5 
 840.24  2885  384 3 
 840.27  2890  449 4 
 840.34  2895  514 5.75 
 840.37  2900  579 3.75 
 840.44  2905  645 4 
 840.47  2910  710 5.5 
 840.54  2915  776 5.75 
 840.59  2920  841 8.75 
 840.62  2925  907 8.75 
 840.69  2930  973 17.5 
 840.74  2935  1039 32.75 
 840.77  2940  1105 46.25 
 840.83  2945  1171 67.5 
 840.89  2950  1237 118.25 
 840.92  2955  1303 217 
 840.99  2960  1370 372.75 
 841.02  2965  1436 413.25 
 841.09  2970  1502 516.75 
 841.12  2975  1569 1132.75 
 841.19  2980  1636 1387.5 
 841.22  2985  1703 1356.5 
 841.29  2990  1769 2548 
 841.32  2995  1836 3328 
 841.39  3000  1903 3295.75 
 841.42  3005  1970 4344.5 
 841.49  3010  2038 6690 
 841.54  3015  2105 8647.25 
 841.57  3020  2172 7502.75 
 841.64  3025  2240 13336.75 
 841.69  3030  2307 20108 
 841.72  3035  2375 23352.25 
 841.79  3040  2443 22036.5 
 841.82  3045  2511 28412.25 
 841.89  3050  2579 37119.5 
 841.92  3055  2647 37288 
 841.99  3060  2715 35992.25 
 842.02  3065  2783 41518.5 
 842.09  3070  2851 54310 
 842.12  3075  2920 61729 
 842.19  3080  2988 64588 
 842.22  3085  3057 71444 
 842.29  3090  3126 61695.75 
 842.32  3095  3194 66647 
 842.39  3100  3263 65989 
 842.43  3105  3332 102683.5 
 842.49  3110  3401 121224.5 
 842.54  3115  3471 116384.8 
 842.57  3120  3540 109412 
 842.64  3125  3609 125043 
 842.67  3130  3679 130102 
 842.74  3135  3748 132978 
 842.78  3140  3818 150965.8 
 842.84  3145  3888 128449.8 
 842.87  3150  3958 161730.5 
 842.94  3155  4028 141337.3 
 842.99  3160  4098 119454.8 
 843.02  3165  4168 159769.3 
 843.09  3170  4238 193031.8 
 843.12  3175  4309 200513.8 
 843.18  3180  4379 155437.3 
 843.24  3185  4450 178818.5 
 843.27  3190  4521 199376.5 
 843.34  3195  4592 179183.5 
 843.37  3200  4663 210500.8 
 843.44  3205  4734 237254.2 
 843.47  3210  4805 203518.8 
 843.54  3215  4876 194520.5 
 843.57  3220  4947 220636.5 
 843.64  3225  5019 192418.5 
 843.67  3230  5090 182836.2 
 843.74  3235  5162 206902.5 
 843.77  3240  5234 233199.5 
 843.84  3245  5306 242660.5 
 843.88  3250  5378 226566 
 843.94  3255  5450 269684.5 
 843.97  3260  5522 304459.5 
 844.04  3265  5595 297840.5 
 844.07  3270  5667 300370.3 
 844.14  3275  5740 292962.5 
 844.19  3280  5813 278007.8 
 844.22  3285  5885 275595 
 844.29  3290  5958 305114 
 844.32  3295  6031 336369.8 
 844.39  3300  6105 341240.3 
 844.44  3305  6178 298221.3 
 844.47  3310  6251 300010.3 
 844.54  3315  6325 298334 
 844.57  3320  6399 310708.8 
 844.64  3325  6472 303972.8 
 844.67  3330  6546 304977 
 844.74  3335  6620 290200.5 
 844.77  3340  6694 290977.5 
 844.84  3345  6769 320338.8 
 844.89  3350  6843 302708.3 
 844.92  3355  6918 334295 
 844.99  3360  6992 254027.5 
 845.02  3365  7067 289517.5 
 845.09  3370  7142 250557.2 
 845.12  3375  7217 293392 
 845.19  3380  7292 290246.3 
 845.22  3385  7367 309206.5 
 845.29  3390  7443 313635.8 
 845.32  3395  7518 298849.8 
 845.39  3400  7594 347332 
 845.42  3405  7670 323535.5 
 845.49  3410  7746 310921.8 
 845.52  3415  7822 289794.3 
 845.59  3420  7898 333007.3 
 845.62  3425  7974 313680.3 
 845.69  3430  8051 337918.8 
 845.72  3435  8127 322716.8 
 845.79  3440  8204 262149 
 845.82  3445  8281 248204.2 
 845.89  3450  8358 315399.8 
 845.93  3455  8435 324306.5 
 845.99  3460  8512 284959.5 
 846.02  3465  8590 311571.3 
 846.09  3470  8667 327598.5 
 846.12  3475  8745 278114.5 
 846.19  3480  8823 307186.3 
 846.23  3485  8901 307186.8 
 846.29  3490  8979 288184 
 846.32  3495  9057 285900.3 
 846.39  3500  9135 332753 
 846.53  3505  7350 344199.8 
 846.7  3510  7429 319702.8 
 846.74  3515  7509 298303.8 
 846.81  3520  7589 329502 
 846.84  3525  7669 261148.8 
 846.91  3530  7749 313971 
 846.94  3535  7829 330948.3 
 847.01  3540  7910 343454.5 
 847.04  3545  7990 345359.5 
 847.1  3550  8071 348109.8 
 847.16  3555  8152 318894.3 
 847.19  3560  8233 327720.8 
 847.26  3565  8314 302035.8 
 847.29  3570  8396 248662.5 
 847.36  3575  8477 293799.8 
 847.39  3580  8559 249205.2 
 847.45  3585  8641 209875 
 847.49  3590  8723 272265.8 
 847.55  3595  8805 332808.5 
 847.59  3600  8887 351264.3 
 847.66  3605  8970 295680 
 847.69  3610  9053 270125.5 
 847.76  3615  9135 307256.8 
 847.79  3620  9219 260135 
 847.86  3625  9302 341102.8 
 847.89  3630  9385 314049 
end
uaIntegration time is 0.2294 seconds per sampledt  3.1E-08 cy 1dh200619El Arenosillo 37.1 6.73 3.233369pr1000dark 4.4 
 900.04  2865  124 2.75 
 900.07  2870  189 1.5 
 900.14  2875  254 3 
 900.17  2880  319 2 
 900.24  2885  384 2 
 900.27  2890  449 2 
 900.34  2895  514 2.25 
 900.37  2900  579 1.75 
 900.44  2905  645 2.25 
 900.49  2910  710 1.75 
 900.52  2915  776 1.75 
 900.59  2920  841 3 
 900.62  2925  907 3 
 900.68  2930  973 6.25 
 900.74  2935  1039 8.75 
 900.77  2940  1105 16.75 
 900.83  2945  1171 25.75 
 900.88  2950  1237 43.75 
 900.94  2955  1303 80.75 
 900.97  2960  1370 152.75 
 901.04  2965  1436 182 
 901.07  2970  1502 229.25 
 901.14  2975  1569 526.25 
 901.17  2980  1636 669.25 
 901.24  2985  1703 686 
 901.27  2990  1769 1301.5 
 901.34  2995  1836 1786 
 901.37  3000  1903 1802.5 
 901.44  3005  1970 2406.75 
 901.47  3010  2038 3859.25 
 901.53  3015  2105 5086.25 
 901.59  3020  2172 4481 
 901.62  3025  2240 8060.25 
 901.69  3030  2307 12730 
 901.72  3035  2375 15037.25 
 901.79  3040  2443 14423.75 
 901.82  3045  2511 18842 
 901.89  3050  2579 25382.25 
 901.92  3055  2647 25729 
 901.99  3060  2715 25150 
 902.02  3065  2783 29449.25 
 902.09  3070  2851 39280.25 
 902.12  3075  2920 45312 
 902.19  3080  2988 47555.25 
 902.22  3085  3057 53013.5 
 902.29  3090  3126 45927.25 
 902.32  3095  3194 50577.5 
 902.39  3100  3263 50514.75 
 902.42  3105  3332 79218 
 902.49  3110  3401 94166 
 902.52  3115  3471 90869.25 
 902.59  3120  3540 86093.5 
 902.62  3125  3609 99218.5 
 902.69  3130  3679 103713.5 
 902.72  3135  3748 106097 
 902.79  3140  3818 121458.3 
 902.82  3145  3888 104242.5 
 902.89  3150  3958 131876.8 
 902.94  3155  4028 115137.5 
 902.97  3160  4098 97660.25 
 903.04  3165  4168 131982 
 903.07  3170  4238 159563.3 
 903.14  3175  4309 166082.8 
 903.17  3180  4379 128543.8 
 903.24  3185  4450 149273 
 903.27  3190  4521 167684.3 
 903.34  3195  4592 149357 
 903.39  3200  4663 176523.2 
 903.42  3205  4734 201070.8 
 903.48  3210  4805 173083.5 
 903.54  3215  4876 165599.3 
 903.57  3220  4947 187191.8 
 903.64  3225  5019 162348.5 
 903.67  3230  5090 155361.8 
 903.74  3235  5162 177283.5 
 903.77  3240  5234 200546 
 903.84  3245  5306 208485.5 
 903.87  3250  5378 193440.5 
 903.94  3255  5450 231635.8 
 903.99  3260  5522 265156.5 
 904.04  3265  5595 259690.2 
 904.07  3270  5667 262018.2 
 904.14  3275  5740 254804.8 
 904.17  3280  5813 240146.5 
 904.24  3285  5885 238576.5 
 904.27  3290  5958 266375.5 
 904.34  3295  6031 296690.3 
 904.38  3300  6105 301055.3 
 904.44  3305  6178 260373.8 
 904.47  3310  6251 261767.8 
 904.54  3315  6325 260507.8 
 904.57  3320  6399 272512 
 904.64  3325  6472 266783.5 
 904.67  3330  6546 267430 
 904.74  3335  6620 254069.2 
 904.77  3340  6694 254064.8 
 904.84  3345  6769 281545 
 904.87  3350  6843 265811.3 
 904.94  3355  6918 295651 
 904.97  3360  6992 221794.2 
 905.04  3365  7067 253790.5 
 905.09  3370  7142 218070.8 
 905.12  3375  7217 257189.2 
 905.19  3380  7292 254771.8 
 905.22  3385  7367 271435.5 
 905.29  3390  7443 276543.5 
 905.32  3395  7518 263203.8 
 905.39  3400  7594 307992.8 
 905.42  3405  7670 285633 
 905.49  3410  7746 274105.8 
 905.54  3415  7822 254499 
 905.58  3420  7898 294518.3 
 905.64  3425  7974 276657.5 
 905.67  3430  8051 299077.5 
 905.74  3435  8127 284616.8 
 905.77  3440  8204 228036.2 
 905.84  3445  8281 215658 
 905.87  3450  8358 277045.5 
 905.94  3455  8435 285703 
 905.97  3460  8512 249479 
 906.04  3465  8590 274357.5 
 906.07  3470  8667 289557.5 
 906.14  3475  8745 243541 
 906.17  3480  8823 269981.8 
 906.24  3485  8901 270772 
 906.27  3490  8979 253364.2 
 906.34  3495  9057 250884 
 906.38  3500  9135 293528.8 
 906.52  3505  7350 304999 
 906.7  3510  7429 282548.8 
 906.74  3515  7509 262066.2 
 906.8  3520  7589 291817.8 
 906.86  3525  7669 228488.5 
 906.89  3530  7749 277334.8 
 906.95  3535  7829 292985.3 
 907  3540  7910 304297.5 
 907.04  3545  7990 306505.3 
 907.1  3550  8071 308992 
 907.16  3555  8152 281344 
 907.19  3560  8233 289725.5 
 907.26  3565  8314 265293.5 
 907.29  3570  8396 216420 
 907.35  3575  8477 258495.5 
 907.41  3580  8559 217094.5 
 907.44  3585  8641 182479.2 
 907.5  3590  8723 238613 
 907.54  3595  8805 295002.8 
 907.6  3600  8887 312162.5 
 907.64  3605  8970 259201 
 907.7  3610  9053 235014.8 
 907.74  3615  9135 270011.3 
 907.81  3620  9219 227739.8 
 907.84  3625  9302 300812 
 907.91  3630  9385 276935.8 
end
uaIntegration time is 0.2294 seconds per sampledt  3.1E-08 cy 1dh200619El Arenosillo 37.1 6.73 3.233369pr1000dark 2.05 
 960.05  2865  124 1.25 
 960.08  2870  189 1 
 960.14  2875  254 2.25 
 960.17  2880  319 .75 
 960.24  2885  384 1 
 960.27  2890  449 1.5 
 960.34  2895  514 1.75 
 960.39  2900  579 1.25 
 960.43  2905  645 .75 
 960.49  2910  710 2 
 960.55  2915  776 2.25 
 960.58  2920  841 2 
 960.64  2925  907 1.25 
 960.68  2930  973 1.25 
 960.75  2935  1039 2.75 
 960.79  2940  1105 3.75 
 960.85  2945  1171 6.75 
 960.88  2950  1237 7 
 960.94  2955  1303 17.5 
 961  2960  1370 31.75 
 961.03  2965  1436 42 
 961.1  2970  1502 57.25 
 961.13  2975  1569 141 
 961.19  2980  1636 178.75 
 961.22  2985  1703 207 
 961.29  2990  1769 403.75 
 961.33  2995  1836 591.25 
 961.39  3000  1903 632.5 
 961.43  3005  1970 889.5 
 961.5  3010  2038 1520 
 961.53  3015  2105 2051.75 
 961.6  3020  2172 1896 
 961.63  3025  2240 3615 
 961.69  3030  2307 5856.25 
 961.73  3035  2375 7027.75 
 961.8  3040  2443 6911.75 
 961.83  3045  2511 9322.5 
 961.89  3050  2579 13169.5 
 961.94  3055  2647 13417.5 
 961.98  3060  2715 13586 
 962.04  3065  2783 16017.25 
 962.09  3070  2851 22239.75 
 962.12  3075  2920 26327.5 
 962.2  3080  2988 27787.75 
 962.23  3085  3057 31436.5 
 962.29  3090  3126 27505.75 
 962.33  3095  3194 31161 
 962.4  3100  3263 31762.75 
 962.43  3105  3332 50954.5 
 962.5  3110  3401 60465 
 962.53  3115  3471 58858.5 
 962.59  3120  3540 56928.25 
 962.63  3125  3609 66613 
 962.7  3130  3679 70135.25 
 962.73  3135  3748 71907.5 
 962.79  3140  3818 83150.25 
 962.83  3145  3888 72884 
 962.89  3150  3958 92949.5 
 962.95  3155  4028 80026.25 
 962.98  3160  4098 69230.75 
 963.05  3165  4168 95038 
 963.08  3170  4238 115793.8 
 963.14  3175  4309 119304 
 963.17  3180  4379 92530 
 963.24  3185  4450 110268.5 
 963.3  3190  4521 123971.5 
 963.33  3195  4592 110040 
 963.39  3200  4663 130577.8 
 963.43  3205  4734 150691.3 
 963.49  3210  4805 130136 
 963.53  3215  4876 125508.5 
 963.59  3220  4947 140129.3 
 963.62  3225  5019 121128.3 
 963.7  3230  5090 116987 
 963.73  3235  5162 135572.5 
 963.8  3240  5234 154219.8 
 963.83  3245  5306 159556.8 
 963.9  3250  5378 147035.5 
 963.93  3255  5450 178951 
 963.99  3260  5522 206892 
 964.03  3265  5595 203639.2 
 964.1  3270  5667 205251 
 964.13  3275  5740 198386.2 
 964.19  3280  5813 185710.2 
 964.23  3285  5885 184989.8 
 964.3  3290  5958 211108.8 
 964.33  3295  6031 236475 
 964.4  3300  6105 239980.8 
 964.43  3305  6178 203958.5 
 964.49  3310  6251 205361.5 
 964.53  3315  6325 204701.8 
 964.59  3320  6399 215654.5 
 964.63  3325  6472 211528.8 
 964.69  3330  6546 211616 
 964.73  3335  6620 198917 
 964.8  3340  6694 200086 
 964.83  3345  6769 223816 
 964.89  3350  6843 210615.2 
 964.93  3355  6918 236506.8 
 965  3360  6992 173427.2 
 965.03  3365  7067 201057 
 965.09  3370  7142 171056.8 
 965.15  3375  7217 203456 
 965.18  3380  7292 200528.2 
 965.24  3385  7367 216619 
 965.29  3390  7443 220145 
 965.33  3395  7518 208885.8 
 965.39  3400  7594 247316.5 
 965.42  3405  7670 227317 
 965.5  3410  7746 217911 
 965.53  3415  7822 201919.2 
 965.59  3420  7898 236263.8 
 965.63  3425  7974 220794 
 965.69  3430  8051 240381.5 
 965.73  3435  8127 227690.2 
 965.8  3440  8204 178701 
 965.83  3445  8281 170500 
 965.9  3450  8358 222083.2 
 965.93  3455  8435 228804.2 
 966  3460  8512 197755.2 
 966.03  3465  8590 218577.8 
 966.09  3470  8667 231594 
 966.13  3475  8745 192462 
 966.2  3480  8823 216349.2 
 966.23  3485  8901 215976.8 
 966.29  3490  8979 200629 
 966.33  3495  9057 199659.8 
 966.4  3500  9135 236819.5 
 966.53  3505  7350 245342 
 966.71  3510  7429 225729.8 
 966.76  3515  7509 208597.8 
 966.8  3520  7589 233427 
 966.86  3525  7669 180709.5 
 966.9  3530  7749 221944.2 
 966.96  3535  7829 235370.8 
 967.01  3540  7910 245382.5 
 967.05  3545  7990 247173.8 
 967.11  3550  8071 249164.2 
 967.15  3555  8152 225309.5 
 967.21  3560  8233 232069.2 
 967.25  3565  8314 210411.2 
 967.31  3570  8396 170831.8 
 967.35  3575  8477 205555 
 967.41  3580  8559 171062.8 
 967.45  3585  8641 143231.3 
 967.51  3590  8723 191266 
 967.54  3595  8805 238139.8 
 967.61  3600  8887 251869.2 
 967.65  3605  8970 205562.5 
 967.71  3610  9053 186779 
 967.75  3615  9135 215208 
 967.81  3620  9219 180420.2 
 967.84  3625  9302 241903.2 
 967.91  3630  9385 220422 
end
uaIntegration time is 0.2294 seconds per sampledt  3.1E-08 cy 1dh200619El Arenosillo 37.1 6.73 3.233369pr1000dark 1.65 
 1020.04  2865  124 1.25 
 1020.07  2870  189 1.5 
 1020.14  2875  254 .75 
 1020.17  2880  319 .75 
 1020.24  2885  384 .25 
 1020.27  2890  449 1.5 
 1020.34  2895  514 .75 
 1020.39  2900  579 1.25 
 1020.44  2905  645 1.25 
 1020.47  2910  710 1 
 1020.54  2915  776 2.5 
 1020.57  2920  841 .5 
 1020.64  2925  907 .75 
 1020.67  2930  973 1.5 
 1020.73  2935  1039 .5 
 1020.79  2940  1105 1.25 
 1020.82  2945  1171 1.25 
 1020.89  2950  1237 1.5 
 1020.93  2955  1303 1.75 
 1020.99  2960  1370 3.5 
 1021.02  2965  1436 3.25 
 1021.09  2970  1502 5.5 
 1021.12  2975  1569 14.25 
 1021.19  2980  1636 20.25 
 1021.22  2985  1703 28.25 
 1021.29  2990  1769 57.25 
 1021.34  2995  1836 93 
 1021.37  3000  1903 104.75 
 1021.44  3005  1970 159.25 
 1021.47  3010  2038 304 
 1021.54  3015  2105 441.75 
 1021.59  3020  2172 424.25 
 1021.62  3025  2240 866.25 
 1021.69  3030  2307 1506.25 
 1021.74  3035  2375 1927 
 1021.77  3040  2443 1943.75 
 1021.84  3045  2511 2785.75 
 1021.87  3050  2579 4271.75 
 1021.94  3055  2647 4560.75 
 1021.97  3060  2715 4641.75 
 1022.04  3065  2783 5738.75 
 1022.07  3070  2851 8448.25 
 1022.14  3075  2920 10498.5 
 1022.17  3080  2988 11353 
 1022.24  3085  3057 13082 
 1022.27  3090  3126 11770.25 
 1022.34  3095  3194 14183.25 
 1022.37  3100  3263 14598.75 
 1022.44  3105  3332 23704 
 1022.47  3110  3401 28853.5 
 1022.53  3115  3471 28547.5 
 1022.59  3120  3540 28629 
 1022.62  3125  3609 34519 
 1022.69  3130  3679 36714.5 
 1022.72  3135  3748 37517.25 
 1022.79  3140  3818 44572.5 
 1022.82  3145  3888 40217.5 
 1022.89  3150  3958 51879.25 
 1022.92  3155  4028 44441.75 
 1022.99  3160  4098 39188.25 
 1023.02  3165  4168 54988 
 1023.09  3170  4238 67339.5 
 1023.12  3175  4309 69785.75 
 1023.19  3180  4379 54594.75 
 1023.22  3185  4450 66830.5 
 1023.28  3190  4521 76424.25 
 1023.34  3195  4592 66529.5 
 1023.37  3200  4663 78925.25 
 1023.44  3205  4734 93693.5 
 1023.47  3210  4805 82704.5 
 1023.54  3215  4876 79465.75 
 1023.57  3220  4947 87822.5 
 1023.64  3225  5019 75522.75 
 1023.67  3230  5090 73854.75 
 1023.74  3235  5162 87689.75 
 1023.77  3240  5234 100830.5 
 1023.84  3245  5306 103830.5 
 1023.87  3250  5378 94314.5 
 1023.93  3255  5450 115783.8 
 1023.99  3260  5522 137271.3 
 1024.02  3265  5595 136697.3 
 1024.09  3270  5667 137779.8 
 1024.12  3275  5740 132014.8 
 1024.19  3280  5813 122031 
 1024.23  3285  5885 123567.5 
 1024.29  3290  5958 141966.8 
 1024.32  3295  6031 161374.8 
 1024.39  3300  6105 163887.5 
 1024.42  3305  6178 137940.5 
 1024.49  3310  6251 137733.5 
 1024.52  3315  6325 137896 
 1024.59  3320  6399 147058.5 
 1024.62  3325  6472 144212.8 
 1024.69  3330  6546 144496 
 1024.72  3335  6620 135531.3 
 1024.79  3340  6694 135098 
 1024.82  3345  6769 152899.8 
 1024.89  3350  6843 144174.8 
 1024.92  3355  6918 163059.3 
 1024.99  3360  6992 118957.8 
 1025.02  3365  7067 136522.5 
 1025.09  3370  7142 115719.5 
 1025.14  3375  7217 137898 
 1025.17  3380  7292 137361.8 
 1025.24  3385  7367 148100.8 
 1025.28  3390  7443 151826.3 
 1025.34  3395  7518 143422 
 1025.37  3400  7594 170991.5 
 1025.44  3405  7670 156674.3 
 1025.47  3410  7746 150325.8 
 1025.54  3415  7822 138687 
 1025.58  3420  7898 163859.8 
 1025.64  3425  7974 152245.8 
 1025.68  3430  8051 166156.8 
 1025.74  3435  8127 156969.8 
 1025.78  3440  8204 122980 
 1025.84  3445  8281 116029.8 
 1025.87  3450  8358 152571.3 
 1025.94  3455  8435 158074.8 
 1025.98  3460  8512 136109 
 1026.04  3465  8590 151048.3 
 1026.07  3470  8667 160525 
 1026.14  3475  8745 132544.5 
 1026.17  3480  8823 148579.3 
 1026.23  3485  8901 148542 
 1026.29  3490  8979 138208.8 
 1026.32  3495  9057 136962.5 
 1026.39  3500  9135 163605.8 
 1026.52  3505  7350 170894.8 
 1026.71  3510  7429 156441.3 
 1026.74  3515  7509 143397.5 
 1026.81  3520  7589 162160.3 
 1026.84  3525  7669 123903.5 
 1026.9  3530  7749 153016.3 
 1026.94  3535  7829 163077 
 1027.01  3540  7910 170313 
 1027.04  3545  7990 172004.2 
 1027.11  3550  8071 173525 
 1027.14  3555  8152 156126.5 
 1027.2  3560  8233 161346.3 
 1027.24  3565  8314 146023.8 
 1027.31  3570  8396 116690.8 
 1027.34  3575  8477 141201 
 1027.41  3580  8559 116909.8 
 1027.44  3585  8641 97391.5 
 1027.5  3590  8723 128731 
 1027.54  3595  8805 163974 
 1027.61  3600  8887 175061.8 
 1027.64  3605  8970 142034.5 
 1027.71  3610  9053 127625.8 
 1027.74  3615  9135 147957.3 
 1027.81  3620  9219 123678.8 
 1027.84  3625  9302 168553.8 
 1027.91  3630  9385 152946.5 
end
