uxIntegration time is 0.2294 seconds per sampledt  3.1E-08 cy 1dh210619El Arenosillo 37.1 6.73 2.857833pr1000dark .65 
 464.65  2865  124 .5 
 464.68  2870  189 .5 
 464.71  2875  254 1.75 
 464.75  2880  319 4 
 464.78  2885  384 .75 
 464.81  2890  449 1 
 464.84  2895  514 .5 
 464.87  2900  579 .75 
 464.9  2905  645 1.25 
 464.93  2910  710 1.75 
 464.97  2915  776 .75 
 465  2920  841 .75 
 465.03  2925  907 .25 
 465.06  2930  973 0 
 465.09  2935  1039 .5 
 465.12  2940  1105 1.25 
 465.16  2945  1171 1 
 465.19  2950  1237 1 
 465.22  2955  1303 1.25 
 465.25  2960  1370 2 
 465.28  2965  1436 2.75 
 465.32  2970  1502 4 
 465.35  2975  1569 8.75 
 465.38  2980  1636 14.75 
 465.41  2985  1703 15 
 465.44  2990  1769 37.25 
 465.48  2995  1836 58.75 
 465.5  3000  1903 68 
 465.53  3005  1970 108 
 465.55  3010  2038 212.5 
 465.57  3015  2105 315.5 
 465.6  3020  2172 293 
 465.62  3025  2240 627 
 465.65  3030  2307 1116 
 465.67  3035  2375 1423 
 465.7  3040  2443 1488.5 
 465.72  3045  2511 2120 
 465.74  3050  2579 3308.5 
 465.77  3055  2647 3636 
 465.79  3060  2715 3641.5 
 465.82  3065  2783 4623.5 
 465.84  3070  2851 6859.5 
 465.87  3075  2920 8561.5 
 465.89  3080  2988 9294.5 
 465.92  3085  3057 10817 
 465.94  3090  3126 9823.5 
 465.97  3095  3194 11893.5 
 465.99  3100  3263 12458.5 
 466.02  3105  3332 20310.5 
 466.04  3110  3401 24838.5 
 466.07  3115  3471 24797.5 
 466.09  3120  3540 24991 
 466.11  3125  3609 30368 
 466.14  3130  3679 32349.5 
 466.16  3135  3748 32883.5 
 466.19  3140  3818 39539 
 466.21  3145  3888 36027 
 466.24  3150  3958 46456.5 
 466.26  3155  4028 39872.5 
 466.29  3160  4098 35354 
 466.31  3165  4168 50002 
 466.34  3170  4238 61029.5 
 466.36  3175  4309 63275 
 466.39  3180  4379 49788 
 466.41  3185  4450 61269 
 466.43  3190  4521 70279.5 
 466.46  3195  4592 60966 
 466.49  3200  4663 72503 
 466.51  3205  4734 86563 
 466.53  3210  4805 76507.5 
 466.56  3215  4876 73833.5 
 466.59  3220  4947 81300 
 466.61  3225  5019 70181.5 
 466.63  3230  5090 68648.5 
 466.66  3235  5162 82058 
 466.68  3240  5234 94284 
 466.71  3245  5306 97064 
 466.73  3250  5378 88182.5 
 466.76  3255  5450 108534.5 
 466.78  3260  5522 129172 
 466.81  3265  5595 128867 
 466.83  3270  5667 129782.5 
 466.86  3275  5740 124514 
 466.88  3280  5813 114884 
 466.91  3285  5885 116370 
 466.93  3290  5958 134456.5 
 466.96  3295  6031 152907.5 
 466.98  3300  6105 155543.5 
 467.01  3305  6178 130331.5 
 467.03  3310  6251 130444.5 
 467.06  3315  6325 130886 
 467.08  3320  6399 139750.5 
 467.11  3325  6472 137706 
 467.13  3330  6546 137648.5 
 467.16  3335  6620 129026.5 
 467.18  3340  6694 128525.5 
 467.21  3345  6769 146085 
 467.23  3350  6843 137639.5 
 467.26  3355  6918 156173 
 467.28  3360  6992 113744.5 
 467.31  3365  7067 130924 
 467.33  3370  7142 110693 
 467.36  3375  7217 132455.5 
 467.38  3380  7292 131850.5 
 467.41  3385  7367 142478.5 
 467.43  3390  7443 145863 
 467.46  3395  7518 138078 
 467.48  3400  7594 164738.5 
 467.51  3405  7670 150954 
 467.53  3410  7746 145008.5 
 467.56  3415  7822 133671.5 
 467.58  3420  7898 158223.5 
 467.61  3425  7974 147193 
 467.63  3430  8051 161051.5 
 467.66  3435  8127 151753 
 467.68  3440  8204 118487 
 467.71  3445  8281 112363.5 
 467.73  3450  8358 147625 
 467.76  3455  8435 152861 
 467.78  3460  8512 131492.5 
 467.81  3465  8590 146706 
 467.83  3470  8667 155948 
 467.86  3475  8745 128741.5 
 467.88  3480  8823 144166 
 467.91  3485  8901 144530 
 467.93  3490  8979 134642 
 467.96  3495  9057 133518 
 467.98  3500  9135 160083.5 
 468.12  3505  7350 166967 
 468.14  3510  7429 153106.5 
 468.17  3515  7509 140536.5 
 468.19  3520  7589 158726.5 
 468.22  3525  7669 121328.5 
 468.24  3530  7749 150162 
 468.27  3535  7829 159969 
 468.29  3540  7910 167315 
 468.32  3545  7990 168942.5 
 468.34  3550  8071 170542.5 
 468.37  3555  8152 153528.5 
 468.39  3560  8233 158850.5 
 468.42  3565  8314 143636 
 468.44  3570  8396 115099.5 
 468.47  3575  8477 139026 
 468.49  3580  8559 115383 
 468.52  3585  8641 96125.5 
 468.55  3590  8723 127340.5 
 468.57  3595  8805 162118 
 468.6  3600  8887 173207.5 
 468.62  3605  8970 140753 
 468.65  3610  9053 126323.5 
 468.67  3615  9135 147073 
 468.7  3620  9219 122510.5 
 468.72  3625  9302 166956 
 468.75  3630  9385 151723 
end
uxIntegration time is 0.2294 seconds per sampledt  3.1E-08 cy 1dh210619El Arenosillo 37.1 6.73 3.072425pr1000dark 1 
 524  2865  124 .25 
 524.0301  2870  189 .75 
 524.06  2875  254 .25 
 524.0901  2880  319 .5 
 524.12  2885  384 2 
 524.1501  2890  449 1 
 524.18  2895  514 1.5 
 524.22  2900  579 .5 
 524.25  2905  645 .75 
 524.2801  2910  710 1.5 
 524.31  2915  776 2.5 
 524.34  2920  841 .25 
 524.37  2925  907 .75 
 524.41  2930  973 1 
 524.44  2935  1039 2 
 524.47  2940  1105 2 
 524.5  2945  1171 2.25 
 524.53  2950  1237 5.5 
 524.56  2955  1303 11 
 524.6  2960  1370 26 
 524.63  2965  1436 26.25 
 524.66  2970  1502 36 
 524.69  2975  1569 95.75 
 524.73  2980  1636 133 
 524.76  2985  1703 144.25 
 524.79  2990  1769 292.5 
 524.82  2995  1836 454.25 
 524.85  3000  1903 473 
 524.87  3005  1970 691.5 
 524.9  3010  2038 1168 
 524.92  3015  2105 1683.5 
 524.95  3020  2172 1513.5 
 524.97  3025  2240 2906 
 524.99  3030  2307 4743 
 525.02  3035  2375 5889 
 525.04  3040  2443 5720.5 
 525.07  3045  2511 7845.5 
 525.09  3050  2579 11136 
 525.12  3055  2647 11734 
 525.14  3060  2715 11591.5 
 525.17  3065  2783 13944 
 525.19  3070  2851 19452.5 
 525.22  3075  2920 23195 
 525.24  3080  2988 24756.5 
 525.26  3085  3057 27927 
 525.29  3090  3126 24659 
 525.31  3095  3194 28237 
 525.34  3100  3263 28642 
 525.36  3105  3332 45571 
 525.39  3110  3401 55278.5 
 525.41  3115  3471 53855 
 525.44  3120  3540 52203 
 525.46  3125  3609 61373 
 525.49  3130  3679 64871 
 525.51  3135  3748 66334.5 
 525.53  3140  3818 77331.5 
 525.56  3145  3888 67896 
 525.58  3150  3958 86802 
 525.61  3155  4028 74918 
 525.63  3160  4098 64663 
 525.66  3165  4168 89011.5 
 525.68  3170  4238 108446 
 525.71  3175  4309 112620.5 
 525.73  3180  4379 87270 
 525.76  3185  4450 104132.5 
 525.78  3190  4521 117772 
 525.8  3195  4592 104053.5 
 525.83  3200  4663 123209.5 
 525.86  3205  4734 143206.5 
 525.88  3210  4805 124035 
 525.91  3215  4876 119126.5 
 525.93  3220  4947 133725.5 
 525.96  3225  5019 115586.5 
 525.98  3230  5090 111571.5 
 526  3235  5162 129641.5 
 526.03  3240  5234 147702 
 526.05  3245  5306 153207 
 526.08  3250  5378 140609 
 526.1  3255  5450 170969.5 
 526.13  3260  5522 199324 
 526.15  3265  5595 196511.5 
 526.18  3270  5667 198223 
 526.2  3275  5740 191601 
 526.23  3280  5813 178927.5 
 526.25  3285  5885 179012.5 
 526.28  3290  5958 203063 
 526.3  3295  6031 228955.5 
 526.33  3300  6105 232560.5 
 526.35  3305  6178 198064.5 
 526.38  3310  6251 199007.5 
 526.4  3315  6325 198401 
 526.43  3320  6399 209410.5 
 526.45  3325  6472 205006 
 526.48  3330  6546 205779.5 
 526.5  3335  6620 194228 
 526.53  3340  6694 194305.5 
 526.55  3345  6769 217978 
 526.57  3350  6843 205301.5 
 526.6  3355  6918 230831.5 
 526.63  3360  6992 170021.5 
 526.65  3365  7067 195508.5 
 526.67  3370  7142 166346 
 526.7  3375  7217 198009.5 
 526.72  3380  7292 196422 
 526.75  3385  7367 210821.5 
 526.77  3390  7443 215374.5 
 526.8  3395  7518 204333 
 526.82  3400  7594 241893 
 526.85  3405  7670 222797.5 
 526.87  3410  7746 213618 
 526.9  3415  7822 197461.5 
 526.93  3420  7898 231655 
 526.95  3425  7974 216476.5 
 526.98  3430  8051 235154.5 
 527  3435  8127 223291.5 
 527.03  3440  8204 176361.5 
 527.05  3445  8281 166896.5 
 527.07  3450  8358 217561.5 
 527.1  3455  8435 224707.5 
 527.12  3460  8512 194493 
 527.15  3465  8590 215344 
 527.18  3470  8667 228576.5 
 527.2  3475  8745 189968 
 527.23  3480  8823 212294.5 
 527.25  3485  8901 212665.5 
 527.28  3490  8979 198131 
 527.3  3495  9057 196398.5 
 527.33  3500  9135 232646 
 527.45  3505  7350 242429.5 
 527.48  3510  7429 223496.5 
 527.5  3515  7509 206409 
 527.53  3520  7589 231482.5 
 527.55  3525  7669 178706 
 527.58  3530  7749 219251.5 
 527.6  3535  7829 233038.5 
 527.63  3540  7910 243007.5 
 527.65  3545  7990 244635 
 527.68  3550  8071 247266 
 527.71  3555  8152 223699 
 527.73  3560  8233 230931 
 527.76  3565  8314 210365 
 527.78  3570  8396 169690 
 527.81  3575  8477 204294.5 
 527.83  3580  8559 170631.5 
 527.86  3585  8641 142208.5 
 527.88  3590  8723 187260.5 
 527.91  3595  8805 235893 
 527.93  3600  8887 251280 
 527.96  3605  8970 205920.5 
 527.98  3610  9053 185431.5 
 528.01  3615  9135 214295 
 528.03  3620  9219 179722.5 
 528.06  3625  9302 241462.5 
 528.09  3630  9385 221201.5 
end
uxIntegration time is 0.2294 seconds per sampledt  3.1E-08 cy 1dh210619El Arenosillo 37.1 6.73 3.287017pr1000dark 2.7 
 583.43  2865  124 4.25 
 583.46  2870  189 2.25 
 583.5  2875  254 3.25 
 583.53  2880  319 3 
 583.56  2885  384 3.25 
 583.59  2890  449 3 
 583.62  2895  514 2.25 
 583.65  2900  579 2.5 
 583.69  2905  645 3.25 
 583.72  2910  710 4.5 
 583.75  2915  776 2.5 
 583.78  2920  841 5.5 
 583.81  2925  907 2.5 
 583.84  2930  973 3.75 
 583.88  2935  1039 8.5 
 583.91  2940  1105 11 
 583.94  2945  1171 17 
 583.97  2950  1237 30.75 
 584  2955  1303 64.25 
 584.04  2960  1370 113 
 584.07  2965  1436 125.75 
 584.1  2970  1502 175.25 
 584.13  2975  1569 406 
 584.17  2980  1636 508.5 
 584.2  2985  1703 530 
 584.23  2990  1769 1024.5 
 584.26  2995  1836 1426.5 
 584.29  3000  1903 1444 
 584.31  3005  1970 1956.5 
 584.34  3010  2038 3240 
 584.36  3015  2105 4262.5 
 584.38  3020  2172 3761.5 
 584.41  3025  2240 6897.5 
 584.43  3030  2307 10954 
 584.46  3035  2375 13074.5 
 584.48  3040  2443 12580.5 
 584.51  3045  2511 16490 
 584.53  3050  2579 22348.5 
 584.55  3055  2647 22924.5 
 584.58  3060  2715 22245 
 584.6  3065  2783 26229 
 584.63  3070  2851 35477.5 
 584.65  3075  2920 41074 
 584.68  3080  2988 43348 
 584.7  3085  3057 48336.5 
 584.73  3090  3126 42137.5 
 584.75  3095  3194 46611 
 584.77  3100  3263 46437.5 
 584.8  3105  3332 73294 
 584.83  3110  3401 87739 
 584.85  3115  3471 84674 
 584.87  3120  3540 80526.5 
 584.9  3125  3609 93098 
 584.92  3130  3679 97469.5 
 584.95  3135  3748 99655 
 584.97  3140  3818 114623 
 585  3145  3888 98660 
 585.02  3150  3958 124839.5 
 585.05  3155  4028 109305 
 585.07  3160  4098 92730 
 585.1  3165  4168 125541.5 
 585.12  3170  4238 151998 
 585.15  3175  4309 158289.5 
 585.17  3180  4379 122734.5 
 585.2  3185  4450 143000.5 
 585.22  3190  4521 160835 
 585.24  3195  4592 143239 
 585.27  3200  4663 168966.5 
 585.29  3205  4734 193298 
 585.32  3210  4805 166734.5 
 585.35  3215  4876 159671.5 
 585.37  3220  4947 180109.5 
 585.39  3225  5019 156830 
 585.42  3230  5090 149696.5 
 585.44  3235  5162 171281.5 
 585.47  3240  5234 194081.5 
 585.49  3245  5306 201564.5 
 585.52  3250  5378 187329.5 
 585.54  3255  5450 224173 
 585.57  3260  5522 258023.5 
 585.59  3265  5595 252761 
 585.62  3270  5667 255266.5 
 585.64  3275  5740 247703.5 
 585.67  3280  5813 233153.5 
 585.69  3285  5885 232113 
 585.72  3290  5958 259154.5 
 585.74  3295  6031 289916.5 
 585.77  3300  6105 294200.5 
 585.79  3305  6178 253687.5 
 585.82  3310  6251 255161.5 
 585.84  3315  6325 254167 
 585.87  3320  6399 266434.5 
 585.89  3325  6472 260474 
 585.92  3330  6546 261527.5 
 585.94  3335  6620 248158 
 585.97  3340  6694 247610 
 585.99  3345  6769 275417 
 586.02  3350  6843 259678.5 
 586.04  3355  6918 289586.5 
 586.07  3360  6992 217200.5 
 586.09  3365  7067 247880 
 586.12  3370  7142 213652 
 586.14  3375  7217 251371.5 
 586.17  3380  7292 249445.5 
 586.19  3385  7367 265952 
 586.22  3390  7443 271443 
 586.24  3395  7518 257069 
 586.27  3400  7594 301642 
 586.29  3405  7670 280268.5 
 586.32  3410  7746 268685.5 
 586.34  3415  7822 249290.5 
 586.37  3420  7898 289479 
 586.39  3425  7974 271995.5 
 586.42  3430  8051 293855.5 
 586.44  3435  8127 279898.5 
 586.47  3440  8204 224245.5 
 586.49  3445  8281 210979 
 586.52  3450  8358 272435.5 
 586.54  3455  8435 281513 
 586.57  3460  8512 245642 
 586.59  3465  8590 269661 
 586.62  3470  8667 285326 
 586.64  3475  8745 241038.5 
 586.67  3480  8823 266139.5 
 586.69  3485  8901 267055.5 
 586.72  3490  8979 249957 
 586.74  3495  9057 247231 
 586.77  3500  9135 288338.5 
 586.89  3505  7350 301158 
 586.92  3510  7429 278928 
 586.94  3515  7509 258088 
 586.97  3520  7589 288547.5 
 586.99  3525  7669 225505.5 
 587.02  3530  7749 274024.5 
 587.05  3535  7829 289221.5 
 587.07  3540  7910 300593.5 
 587.1  3545  7990 302816.5 
 587.12  3550  8071 305815.5 
 587.15  3555  8152 278806 
 587.17  3560  8233 286335 
 587.2  3565  8314 263964.5 
 587.22  3570  8396 214254 
 587.25  3575  8477 255511.5 
 587.27  3580  8559 215696.5 
 587.3  3585  8641 180498.5 
 587.32  3590  8723 235575 
 587.35  3595  8805 292878 
 587.37  3600  8887 309578 
 587.4  3605  8970 258284 
 587.43  3610  9053 233438 
 587.45  3615  9135 268148 
 587.48  3620  9219 226179 
 587.5  3625  9302 298815.5 
 587.53  3630  9385 276573 
end
uxIntegration time is 0.2294 seconds per sampledt  3.1E-08 cy 1dh210619El Arenosillo 37.1 6.73 3.233369pr1000dark .9 
 642.93  2865  124 2 
 642.96  2870  189 1.5 
 643  2875  254 1.5 
 643.03  2880  319 1.25 
 643.06  2885  384 1 
 643.09  2890  449 .75 
 643.12  2895  514 .75 
 643.15  2900  579 1.75 
 643.19  2905  645 1.25 
 643.22  2910  710 2 
 643.25  2915  776 2.5 
 643.28  2920  841 3.5 
 643.31  2925  907 5.25 
 643.34  2930  973 11.75 
 643.37  2935  1039 17.75 
 643.41  2940  1105 30 
 643.44  2945  1171 50 
 643.47  2950  1237 87 
 643.5  2955  1303 167.5 
 643.54  2960  1370 280.25 
 643.57  2965  1436 322.25 
 643.6  2970  1502 409 
 643.63  2975  1569 924.25 
 643.66  2980  1636 1114.5 
 643.7  2985  1703 1137.75 
 643.73  2990  1769 2091.25 
 643.76  2995  1836 2855 
 643.78  3000  1903 2785 
 643.81  3005  1970 3722 
 643.83  3010  2038 5814 
 643.86  3015  2105 7519.5 
 643.88  3020  2172 6535 
 643.91  3025  2240 11804.5 
 643.93  3030  2307 18031.5 
 643.96  3035  2375 20868.5 
 643.98  3040  2443 19895 
 644.01  3045  2511 25633 
 644.03  3050  2579 34000 
 644.05  3055  2647 33763 
 644.08  3060  2715 33209 
 644.1  3065  2783 38382.5 
 644.13  3070  2851 50578.5 
 644.15  3075  2920 57745 
 644.18  3080  2988 60367 
 644.2  3085  3057 66816 
 644.23  3090  3126 57573 
 644.25  3095  3194 62949.5 
 644.27  3100  3263 62475 
 644.3  3105  3332 98714 
 644.32  3110  3401 115091.5 
 644.35  3115  3471 110713 
 644.37  3120  3540 104400 
 644.4  3125  3609 119821 
 644.42  3130  3679 124699.5 
 644.45  3135  3748 127829 
 644.47  3140  3818 144700 
 644.5  3145  3888 123851.5 
 644.52  3150  3958 156476.5 
 644.54  3155  4028 136067 
 644.57  3160  4098 115970 
 644.59  3165  4168 155680.5 
 644.62  3170  4238 187699.5 
 644.64  3175  4309 193897.5 
 644.67  3180  4379 149892.5 
 644.69  3185  4450 174893.5 
 644.72  3190  4521 193349.5 
 644.74  3195  4592 174059.5 
 644.77  3200  4663 205722.5 
 644.79  3205  4734 232318.5 
 644.82  3210  4805 198482 
 644.84  3215  4876 191467 
 644.87  3220  4947 215633 
 644.89  3225  5019 187557 
 644.91  3230  5090 179430.5 
 644.94  3235  5162 203025.5 
 644.96  3240  5234 229492.5 
 644.99  3245  5306 238195 
 645.01  3250  5378 221929.5 
 645.04  3255  5450 265742.5 
 645.06  3260  5522 299805.5 
 645.09  3265  5595 293146.5 
 645.11  3270  5667 295665 
 645.14  3275  5740 287993 
 645.16  3280  5813 272758.5 
 645.19  3285  5885 270145 
 645.21  3290  5958 301365 
 645.24  3295  6031 331852 
 645.26  3300  6105 336630 
 645.29  3305  6178 292634.5 
 645.31  3310  6251 295650.5 
 645.34  3315  6325 294000.5 
 645.36  3320  6399 306260 
 645.39  3325  6472 300677.5 
 645.41  3330  6546 300794 
 645.44  3335  6620 285559.5 
 645.46  3340  6694 287913 
 645.49  3345  6769 316175 
 645.51  3350  6843 298959 
 645.54  3355  6918 331033.5 
 645.56  3360  6992 249743.5 
 645.59  3365  7067 287159.5 
 645.61  3370  7142 247368.5 
 645.64  3375  7217 291410 
 645.66  3380  7292 286996 
 645.69  3385  7367 306721 
 645.71  3390  7443 310667 
 645.74  3395  7518 296528.5 
 645.76  3400  7594 344285 
 645.79  3405  7670 320205 
 645.81  3410  7746 308134 
 645.84  3415  7822 287249.5 
 645.86  3420  7898 330503.5 
 645.89  3425  7974 310884 
 645.91  3430  8051 335006 
 645.94  3435  8127 320353.5 
 645.96  3440  8204 257550.5 
 645.99  3445  8281 246489 
 646.01  3450  8358 313224.5 
 646.04  3455  8435 321782.5 
 646.06  3460  8512 282556.5 
 646.09  3465  8590 309129.5 
 646.11  3470  8667 325281 
 646.14  3475  8745 276139 
 646.16  3480  8823 305696 
 646.19  3485  8901 306172 
 646.21  3490  8979 286861 
 646.24  3495  9057 284326 
 646.26  3500  9135 331841.5 
 646.39  3505  7350 341010 
 646.42  3510  7429 317388.5 
 646.44  3515  7509 296390 
 646.47  3520  7589 327334.5 
 646.49  3525  7669 259392 
 646.52  3530  7749 313147.5 
 646.54  3535  7829 329228 
 646.57  3540  7910 341098.5 
 646.59  3545  7990 343833.5 
 646.62  3550  8071 346061.5 
 646.64  3555  8152 317267 
 646.67  3560  8233 326436 
 646.69  3565  8314 299232.5 
 646.72  3570  8396 247159 
 646.75  3575  8477 293552.5 
 646.77  3580  8559 247472 
 646.8  3585  8641 209229 
 646.82  3590  8723 273727.5 
 646.85  3595  8805 333815.5 
 646.88  3600  8887 349779.5 
 646.91  3605  8970 294469.5 
 646.93  3610  9053 268897 
 646.96  3615  9135 306194 
 646.98  3620  9219 261906.5 
 647.01  3625  9302 339057.5 
 647.03  3630  9385 312887 
end
uxIntegration time is 0.2294 seconds per sampledt  3.1E-08 cy 1dh210619El Arenosillo 37.1 6.73 3.233369pr1000dark 1.55 
 702.39  2865  124 1.25 
 702.43  2870  189 1.75 
 702.46  2875  254 .75 
 702.49  2880  319 1 
 702.52  2885  384 2.25 
 702.55  2890  449 2.75 
 702.58  2895  514 1.5 
 702.62  2900  579 2 
 702.65  2905  645 1.5 
 702.68  2910  710 2.25 
 702.71  2915  776 4.25 
 702.74  2920  841 8 
 702.77  2925  907 10 
 702.8  2930  973 19.75 
 702.84  2935  1039 41.5 
 702.87  2940  1105 63.25 
 702.9  2945  1171 91 
 702.93  2950  1237 155.75 
 702.97  2955  1303 281.75 
 703  2960  1370 483.25 
 703.03  2965  1436 541.5 
 703.06  2970  1502 671 
 703.1  2975  1569 1420 
 703.13  2980  1636 1761.5 
 703.16  2985  1703 1664.75 
 703.19  2990  1769 3088.5 
 703.22  2995  1836 4105.25 
 703.25  3000  1903 4025 
 703.27  3005  1970 5195 
 703.3  3010  2038 7911.5 
 703.32  3015  2105 10143 
 703.35  3020  2172 8710.5 
 703.37  3025  2240 15530 
 703.4  3030  2307 23268.5 
 703.42  3035  2375 26890.5 
 703.44  3040  2443 25204 
 703.47  3045  2511 32517 
 703.49  3050  2579 42127 
 703.52  3055  2647 42089 
 703.54  3060  2715 40906.5 
 703.57  3065  2783 46908.5 
 703.59  3070  2851 61133.5 
 703.62  3075  2920 69116 
 703.64  3080  2988 72088 
 703.67  3085  3057 79405.5 
 703.69  3090  3126 68514.5 
 703.72  3095  3194 73663 
 703.74  3100  3263 72738.5 
 703.76  3105  3332 113348 
 703.79  3110  3401 133016 
 703.81  3115  3471 128070 
 703.84  3120  3540 119843.5 
 703.86  3125  3609 136536.5 
 703.89  3130  3679 142093 
 703.91  3135  3748 145098.5 
 703.94  3140  3818 164128.5 
 703.96  3145  3888 139451 
 703.99  3150  3958 175440 
 704.01  3155  4028 153512 
 704.03  3160  4098 129677.5 
 704.06  3165  4168 173119.5 
 704.08  3170  4238 208437 
 704.11  3175  4309 216130 
 704.13  3180  4379 167387 
 704.16  3185  4450 192632 
 704.18  3190  4521 213936.5 
 704.21  3195  4592 192956 
 704.23  3200  4663 226839 
 704.26  3205  4734 254749 
 704.28  3210  4805 218598.5 
 704.31  3215  4876 209372 
 704.33  3220  4947 237083.5 
 704.35  3225  5019 207253 
 704.38  3230  5090 196956.5 
 704.4  3235  5162 222252.5 
 704.43  3240  5234 249671.5 
 704.45  3245  5306 259512.5 
 704.48  3250  5378 242937 
 704.5  3255  5450 287607 
 704.53  3260  5522 323452.5 
 704.55  3265  5595 316372.5 
 704.58  3270  5667 318661 
 704.6  3275  5740 311205 
 704.63  3280  5813 296058.5 
 704.65  3285  5885 292790 
 704.68  3290  5958 323617.5 
 704.7  3295  6031 355701 
 704.73  3300  6105 360379.5 
 704.75  3305  6178 316389 
 704.78  3310  6251 318496.5 
 704.8  3315  6325 316541.5 
 704.83  3320  6399 329202 
 704.85  3325  6472 322415 
 704.88  3330  6546 323212.5 
 704.9  3335  6620 307912.5 
 704.93  3340  6694 308824 
 704.95  3345  6769 339025 
 704.98  3350  6843 321056 
 705  3355  6918 353661 
 705.03  3360  6992 270437.5 
 705.05  3365  7067 308292 
 705.08  3370  7142 267765 
 705.1  3375  7217 312833.5 
 705.13  3380  7292 308608 
 705.15  3385  7367 328431 
 705.18  3390  7443 333100 
 705.2  3395  7518 317639 
 705.23  3400  7594 367481 
 705.25  3405  7670 342741 
 705.28  3410  7746 329929 
 705.3  3415  7822 308670 
 705.33  3420  7898 352413 
 705.35  3425  7974 333078 
 705.38  3430  8051 357359 
 705.4  3435  8127 342384 
 705.43  3440  8204 280160.5 
 705.45  3445  8281 265244.5 
 705.48  3450  8358 334503.5 
 705.5  3455  8435 343182.5 
 705.53  3460  8512 303474.5 
 705.55  3465  8590 330722.5 
 705.58  3470  8667 347498.5 
 705.61  3475  8745 296685 
 705.63  3480  8823 327045.5 
 705.66  3485  8901 327167.5 
 705.68  3490  8979 307786.5 
 705.71  3495  9057 305262 
 705.73  3500  9135 352311 
 705.86  3505  7350 363545.5 
 705.88  3510  7429 339692 
 705.91  3515  7509 316649 
 705.93  3520  7589 349787.5 
 705.96  3525  7669 278950.5 
 705.98  3530  7749 332969 
 706.01  3535  7829 350906 
 706.03  3540  7910 362871.5 
 706.06  3545  7990 365317 
 706.09  3550  8071 368405 
 706.11  3555  8152 338256 
 706.14  3560  8233 347509.5 
 706.16  3565  8314 320397.5 
 706.19  3570  8396 265938 
 706.21  3575  8477 313804.5 
 706.24  3580  8559 267324.5 
 706.26  3585  8641 225950.5 
 706.29  3590  8723 292473.5 
 706.31  3595  8805 354346.5 
 706.34  3600  8887 372622.5 
 706.36  3605  8970 315787.5 
 706.39  3610  9053 288907 
 706.42  3615  9135 327961.5 
 706.44  3620  9219 279155 
 706.47  3625  9302 360853 
 706.49  3630  9385 335921.5 
end
uxIntegration time is 0.2294 seconds per sampledt  3.1E-08 cy 1dh210619El Arenosillo 37.1 6.73 3.287017pr1000dark 3.55 
 996.95  2865  124 3.25 
 996.98  2870  189 2.25 
 997.01  2875  254 3.25 
 997.04  2880  319 2.25 
 997.07  2885  384 3.75 
 997.1  2890  449 2.75 
 997.14  2895  514 2.25 
 997.17  2900  579 4 
 997.2  2905  645 3 
 997.23  2910  710 2 
 997.26  2915  776 3.25 
 997.29  2920  841 2 
 997.32  2925  907 2.25 
 997.36  2930  973 3.5 
 997.39  2935  1039 3.25 
 997.42  2940  1105 5 
 997.45  2945  1171 3.25 
 997.48  2950  1237 5.75 
 997.52  2955  1303 7.25 
 997.55  2960  1370 10.25 
 997.58  2965  1436 12.75 
 997.61  2970  1502 22 
 997.64  2975  1569 48.75 
 997.68  2980  1636 63.25 
 997.71  2985  1703 74.75 
 997.76  2990  1769 150.5 
 997.8  2995  1836 232.25 
 997.82  3000  1903 239 
 997.84  3005  1970 379.5 
 997.87  3010  2038 679 
 997.89  3015  2105 922.5 
 997.92  3020  2172 897 
 997.94  3025  2240 1750 
 997.97  3030  2307 2922.5 
 997.99  3035  2375 3586 
 998.02  3040  2443 3619 
 998.04  3045  2511 5068.5 
 998.07  3050  2579 7387.5 
 998.09  3055  2647 7660.5 
 998.11  3060  2715 7818.5 
 998.14  3065  2783 9459 
 998.16  3070  2851 13620 
 998.19  3075  2920 16426 
 998.21  3080  2988 17428.5 
 998.24  3085  3057 19970 
 998.26  3090  3126 17572.5 
 998.29  3095  3194 20828.5 
 998.31  3100  3263 21252.5 
 998.33  3105  3332 34513.5 
 998.36  3110  3401 41209 
 998.38  3115  3471 40259 
 998.41  3120  3540 39948 
 998.43  3125  3609 47443 
 998.46  3130  3679 50057 
 998.48  3135  3748 51321 
 998.51  3140  3818 60013.5 
 998.53  3145  3888 53712 
 998.55  3150  3958 68451.5 
 998.58  3155  4028 58424.5 
 998.6  3160  4098 51566.5 
 998.63  3165  4168 71726.5 
 998.65  3170  4238 87596 
 998.68  3175  4309 89797.5 
 998.7  3180  4379 69958 
 998.73  3185  4450 85541 
 998.75  3190  4521 95260.5 
 998.78  3195  4592 84791.5 
 998.8  3200  4663 100628.5 
 998.83  3205  4734 117879.5 
 998.85  3210  4805 101768 
 998.88  3215  4876 98853.5 
 998.9  3220  4947 109562 
 998.93  3225  5019 93818.5 
 998.95  3230  5090 92225 
 998.98  3235  5162 107658 
 999  3240  5234 123471.5 
 999.02  3245  5306 127180.5 
 999.05  3250  5378 116487.5 
 999.07  3255  5450 142972 
 999.1  3260  5522 166903 
 999.12  3265  5595 165069 
 999.15  3270  5667 166462.5 
 999.17  3275  5740 160282 
 999.2  3280  5813 148888 
 999.22  3285  5885 150054 
 999.25  3290  5958 172424.5 
 999.27  3295  6031 193817 
 999.3  3300  6105 196953.5 
 999.32  3305  6178 165894.5 
 999.35  3310  6251 166774 
 999.37  3315  6325 167047.5 
 999.4  3320  6399 176291.5 
 999.42  3325  6472 173609 
 999.45  3330  6546 173844 
 999.47  3335  6620 162897 
 999.5  3340  6694 163256 
 999.52  3345  6769 183798 
 999.55  3350  6843 173029 
 999.57  3355  6918 195298 
 999.6  3360  6992 142111.5 
 999.62  3365  7067 164701 
 999.65  3370  7142 138852.5 
 999.67  3375  7217 167788 
 999.7  3380  7292 164548 
 999.72  3385  7367 178625 
 999.75  3390  7443 181411.5 
 999.77  3395  7518 172266 
 999.8  3400  7594 205535.5 
 999.82  3405  7670 187474.5 
 999.85  3410  7746 180169 
 999.87  3415  7822 166811 
 999.9  3420  7898 195854 
 999.92  3425  7974 182954.5 
 999.95  3430  8051 199277 
 999.97  3435  8127 188528.5 
 1000  3440  8204 146702 
 1000.02  3445  8281 140961 
 1000.05  3450  8358 184003.5 
 1000.07  3455  8435 189266 
 1000.1  3460  8512 163291 
 1000.12  3465  8590 181545 
 1000.15  3470  8667 192264 
 1000.17  3475  8745 158822.5 
 1000.2  3480  8823 178070.5 
 1000.22  3485  8901 178066.5 
 1000.25  3490  8979 166036.5 
 1000.27  3495  9057 164775 
 1000.3  3500  9135 197684 
 1000.42  3505  7350 204588 
 1000.45  3510  7429 187868.5 
 1000.48  3515  7509 173602 
 1000.5  3520  7589 194500.5 
 1000.53  3525  7669 149308 
 1000.55  3530  7749 184938.5 
 1000.58  3535  7829 196217 
 1000.6  3540  7910 205041 
 1000.63  3545  7990 206905.5 
 1000.65  3550  8071 208516 
 1000.68  3555  8152 187769 
 1000.7  3560  8233 194671 
 1000.73  3565  8314 175060 
 1000.75  3570  8396 141220 
 1000.78  3575  8477 170617 
 1000.8  3580  8559 140748 
 1000.83  3585  8641 117778.5 
 1000.85  3590  8723 156163 
 1000.88  3595  8805 197563 
 1000.9  3600  8887 210477 
 1000.93  3605  8970 170929 
 1000.96  3610  9053 154968 
 1000.98  3615  9135 179565 
 1001.01  3620  9219 150187.5 
 1001.03  3625  9302 203965.5 
 1001.06  3630  9385 183631.5 
end
