uxIntegration time is 0.2294 seconds per sampledt  3.3E-08 cy 1dh200619El Arenosillo 37.1 6.73 3.018777pr1000dark .35 
 326.71  2900  777 .75 
 326.74  2905  842 .75 
 326.77  2910  907 .25 
 326.81  2915  972 .75 
 326.84  2920  1037 .5 
 326.87  2925  1102 .75 
 326.9  2930  1168 .75 
 326.93  2935  1233 .75 
 326.96  2940  1299 1 
 326.99  2945  1365 .75 
 327.02  2950  1431 1 
 327.05  2955  1497 .5 
 327.08  2960  1563 .75 
 327.11  2965  1629 .75 
 327.14  2970  1695 .75 
 327.17  2975  1761 1 
 327.2  2980  1828 .5 
 327.23  2985  1894 1 
 327.26  2990  1961 1.5 
 327.29  2995  2028 1.5 
 327.31  3000  2095 1 
 327.34  3005  2162 1 
 327.36  3010  2229 1.5 
 327.38  3015  2296 1 
 327.4  3020  2364 2 
 327.43  3025  2431 5 
 327.45  3030  2499 6.5 
 327.47  3035  2566 6 
 327.49  3040  2634 7.5 
 327.52  3045  2702 10.5 
 327.54  3050  2770 12 
 327.56  3055  2838 12.5 
 327.59  3060  2906 10.5 
 327.61  3065  2975 15 
 327.63  3070  3043 20 
 327.65  3075  3112 27 
 327.68  3080  3180 28 
 327.7  3085  3249 33 
 327.72  3090  3318 29 
 327.74  3095  3387 34.5 
 327.77  3100  3456 38 
 327.79  3105  3525 64 
 327.81  3110  3594 75 
 327.83  3115  3664 81 
 327.86  3120  3733 85.5 
 327.88  3125  3803 102.5 
 327.9  3130  3873 119 
 327.93  3135  3943 116 
 327.95  3140  4013 138.5 
 327.97  3145  4083 154.5 
 327.99  3150  4153 195.5 
 328.02  3155  4223 160.5 
 328.04  3160  4294 158 
 328.06  3165  4364 227.5 
 328.08  3170  4435 283.5 
 328.11  3175  4506 283 
 328.13  3180  4576 244.5 
 328.15  3185  4647 345.5 
 328.18  3190  4718 424 
 328.2  3195  4790 304 
 328.22  3200  4861 342.5 
 328.25  3205  4932 480.5 
 328.27  3210  5004 483 
 328.29  3215  5076 467.5 
 328.31  3220  5147 385 
 328.34  3225  5219 305 
 328.36  3230  5291 364.5 
 328.38  3235  5363 493.5 
 328.41  3240  5436 559 
 328.43  3245  5508 466.5 
 328.45  3250  5580 337.5 
 328.65  3255  3743 384.5 
 328.67  3260  3817 556 
 328.69  3265  3890 636 
 328.71  3270  3963 609.5 
 328.74  3275  4037 530.5 
 328.76  3280  4110 428 
 328.78  3285  4184 515 
 328.81  3290  4258 725 
 328.83  3295  4332 837 
 328.85  3300  4406 833.5 
 328.88  3305  4481 626.5 
 328.9  3310  4555 589 
 328.92  3315  4630 647.5 
 328.95  3320  4704 776.5 
 328.97  3325  4779 777 
 328.99  3330  4854 788 
 329.02  3335  4929 669.5 
 329.04  3340  5005 673.5 
 329.06  3345  5080 798.5 
 329.09  3350  5155 799 
 329.11  3355  5231 907 
 329.13  3360  5307 626 
 329.16  3365  5383 734 
 329.18  3370  5459 580 
 329.2  3375  5535 707 
 329.23  3380  5611 720 
 329.25  3385  5688 850 
 329.27  3390  5764 840.5 
 329.3  3395  5841 813 
 329.32  3400  5918 906 
 329.34  3405  5995 817.5 
 329.37  3410  6072 807 
 329.39  3415  6149 773.5 
 329.41  3420  6226 917.5 
 329.44  3425  6304 844.5 
 329.46  3430  6381 882 
 329.48  3435  6459 824.5 
 329.51  3440  6537 584 
 329.53  3445  6615 637.5 
 329.55  3450  6693 807.5 
 329.58  3455  6771 847 
 329.6  3460  6850 728.5 
 329.62  3465  6928 802 
 329.65  3470  7007 842 
 329.67  3475  7086 675.5 
 329.69  3480  7165 780 
 329.72  3485  7244 783.5 
 329.74  3490  7323 703.5 
 329.76  3495  7402 718 
 329.79  3500  7482 873.5 
 329.81  3505  7561 885.5 
 329.84  3510  7641 787 
 329.86  3515  7721 760 
 329.88  3520  7801 798.5 
 329.91  3525  7881 636.5 
 329.93  3530  7961 807 
 329.95  3535  8042 833.5 
 329.98  3540  8122 848 
 330  3545  8203 853.5 
 330.02  3550  8283 835 
 330.05  3555  8364 771 
 330.07  3560  8445 782.5 
 330.09  3565  8527 663.5 
 330.12  3570  8608 549.5 
 330.14  3575  8689 668.5 
 330.16  3580  8771 485.5 
 330.19  3585  8853 435.5 
 330.21  3590  8934 618 
 330.24  3595  9016 746 
 330.26  3600  9099 753.5 
 330.28  3605  9181 585.5 
 330.31  3610  9263 570.5 
 330.33  3615  9346 623 
 330.35  3620  9428 524 
 330.38  3625  9511 736.5 
 330.4  3630  9594 598 
end
uaIntegration time is 0.2294 seconds per sampledt  3.3E-08 cy 1dh200619El Arenosillo 37.1 6.73 3.179721pr1000dark .6 
 540.01  2900  777 31.5 
 540.08  2905  842 30.75 
 540.13  2910  907 32.25 
 540.18  2915  972 33.5 
 540.23  2920  1037 32.5 
 540.28  2925  1102 33.5 
 540.33  2930  1168 34.25 
 540.38  2935  1233 35.5 
 540.43  2940  1299 35 
 540.48  2945  1365 38.5 
 540.53  2950  1431 40.5 
 540.58  2955  1497 46.75 
 540.63  2960  1563 55.25 
 540.68  2965  1629 60.75 
 540.73  2970  1695 73 
 540.78  2975  1761 118.5 
 540.83  2980  1828 140.75 
 540.88  2985  1894 148 
 540.93  2990  1961 258.5 
 540.98  2995  2028 368.75 
 541.04  3000  2095 369.5 
 541.07  3005  2162 514.75 
 541.13  3010  2229 821.25 
 541.19  3015  2296 1087.75 
 541.22  3020  2364 994.5 
 541.29  3025  2431 1814.5 
 541.32  3030  2499 2866.5 
 541.39  3035  2566 3461.25 
 541.44  3040  2634 3387.25 
 541.47  3045  2702 4492.75 
 541.53  3050  2770 6167.5 
 541.59  3055  2838 6551.5 
 541.62  3060  2906 6397.75 
 541.69  3065  2975 7658 
 541.72  3070  3043 10338 
 541.79  3075  3112 12430 
 541.82  3080  3180 13087.75 
 541.89  3085  3249 14585 
 541.92  3090  3318 12893.5 
 541.98  3095  3387 14227.5 
 542.03  3100  3456 14371.5 
 542.09  3105  3525 22283 
 542.12  3110  3594 26861.5 
 542.19  3115  3664 26035.25 
 542.22  3120  3733 24460.75 
 542.29  3125  3803 28092 
 542.32  3130  3873 29198.75 
 542.39  3135  3943 29096.25 
 542.42  3140  4013 33263 
 542.49  3145  4083 28060.25 
 542.52  3150  4153 35015.25 
 542.59  3155  4223 29808.75 
 542.62  3160  4294 24394.25 
 542.69  3165  4364 32337.25 
 542.73  3170  4435 38494 
 542.79  3175  4506 38473.5 
 542.83  3180  4576 28415.25 
 542.88  3185  4647 31951.25 
 542.93  3190  4718 34504.75 
 542.98  3195  4790 28992.75 
 543.03  3200  4861 32917.5 
 543.08  3205  4932 36028.5 
 543.13  3210  5004 28955.75 
 543.18  3215  5076 26221.5 
 543.23  3220  5147 27620.75 
 543.28  3225  5219 21988.25 
 543.33  3230  5291 19802.25 
 543.38  3235  5363 21165 
 543.43  3240  5436 22489 
 543.48  3245  5508 21158.25 
 543.53  3250  5580 17872.75 
 543.74  3255  3743 17452.75 
 543.85  3260  3817 20458.75 
 543.89  3265  3890 20050.5 
 543.95  3270  3963 20107.5 
 544  3275  4037 19395.75 
 544.05  3280  4110 17989.5 
 544.1  3285  4184 17879 
 544.15  3290  4258 20642.25 
 544.2  3295  4332 23241 
 544.25  3300  4406 23603 
 544.3  3305  4481 19396.5 
 544.35  3310  4555 19644 
 544.4  3315  4630 19637.25 
 544.45  3320  4704 20507.75 
 544.5  3325  4779 20161 
 544.55  3330  4854 20014.25 
 544.6  3335  4929 18476.75 
 544.65  3340  5005 18870.25 
 544.69  3345  5080 20987.5 
 544.75  3350  5155 19598.75 
 544.8  3355  5231 22128.75 
 544.85  3360  5307 15111.5 
 544.9  3365  5383 18427.25 
 544.95  3370  5459 14939.5 
 545  3375  5535 18820.25 
 545.05  3380  5611 17606 
 545.1  3385  5688 19782.25 
 545.15  3390  5764 19352 
 545.2  3395  5841 18778.75 
 545.24  3400  5918 22378 
 545.3  3405  5995 19777 
 545.35  3410  6072 19028 
 545.4  3415  6149 17533 
 545.45  3420  6226 20698 
 545.5  3425  6304 19141.25 
 545.55  3430  6381 20705.25 
 545.6  3435  6459 19424.25 
 545.65  3440  6537 13999 
 545.7  3445  6615 14466 
 545.75  3450  6693 18761.75 
 545.8  3455  6771 18915.25 
 545.85  3460  6850 16003.5 
 545.9  3465  6928 17955 
 545.95  3470  7007 19040.75 
 546  3475  7086 15049.25 
 546.05  3480  7165 17346 
 546.1  3485  7244 17147.5 
 546.15  3490  7323 15510.75 
 546.2  3495  7402 15431.5 
 546.25  3500  7482 18954.75 
 546.3  3505  7561 19655.25 
 546.35  3510  7641 17304.25 
 546.4  3515  7721 16804.75 
 546.45  3520  7801 17599.25 
 546.5  3525  7881 13667.25 
 546.55  3530  7961 17245.75 
 546.6  3535  8042 18183.75 
 546.65  3540  8122 18535.75 
 546.7  3545  8203 18722.25 
 546.75  3550  8283 18313.75 
 546.8  3555  8364 16364.75 
 546.85  3560  8445 17068.25 
 546.9  3565  8527 13866 
 546.95  3570  8608 11845 
 547  3575  8689 14328.25 
 547.05  3580  8771 10641.5 
 547.1  3585  8853 9377.5 
 547.15  3590  8934 13516.5 
 547.2  3595  9016 16274.75 
 547.25  3600  9099 16658.25 
 547.3  3605  9181 12898 
 547.35  3610  9263 12010.75 
 547.4  3615  9346 13363.25 
 547.44  3620  9428 11533.5 
 547.5  3625  9511 15815.5 
 547.55  3630  9594 12721.5 
end
uaIntegration time is 0.2294 seconds per sampledt  3.3E-08 cy 1dh200619El Arenosillo 37.1 6.73 3.233369pr1000dark .65 
 600.01  2900  777 48 
 600.08  2905  842 45.5 
 600.13  2910  907 46.75 
 600.18  2915  972 48.5 
 600.23  2920  1037 48.25 
 600.28  2925  1102 49 
 600.33  2930  1168 52 
 600.38  2935  1233 54.25 
 600.43  2940  1299 60.25 
 600.48  2945  1365 62 
 600.53  2950  1431 78.25 
 600.58  2955  1497 97 
 600.63  2960  1563 128.5 
 600.68  2965  1629 141 
 600.73  2970  1695 168.25 
 600.78  2975  1761 316 
 600.83  2980  1828 369.25 
 600.88  2985  1894 385.25 
 600.93  2990  1961 676.75 
 600.98  2995  2028 900.25 
 601.03  3000  2095 914.75 
 601.08  3005  2162 1223 
 601.13  3010  2229 1875.75 
 601.18  3015  2296 2417.5 
 601.23  3020  2364 2167.5 
 601.28  3025  2431 3796.5 
 601.33  3030  2499 5917.25 
 601.38  3035  2566 6938 
 601.43  3040  2634 6664.25 
 601.48  3045  2702 8640.75 
 601.53  3050  2770 11444 
 601.58  3055  2838 11802.5 
 601.63  3060  2906 11383.5 
 601.68  3065  2975 13424 
 601.73  3070  3043 17572 
 601.78  3075  3112 20554.25 
 601.83  3080  3180 21493 
 601.88  3085  3249 23853.5 
 601.93  3090  3318 20883 
 601.98  3095  3387 22295.5 
 602.03  3100  3456 22366 
 602.08  3105  3525 34220 
 602.13  3110  3594 41046.75 
 602.18  3115  3664 39352.5 
 602.23  3120  3733 36614.75 
 602.28  3125  3803 41346.75 
 602.33  3130  3873 42762.75 
 602.38  3135  3943 42719.25 
 602.43  3140  4013 48128.25 
 602.48  3145  4083 40060.25 
 602.53  3150  4153 49709.5 
 602.58  3155  4223 42596.75 
 602.63  3160  4294 34476 
 602.68  3165  4364 45322 
 602.73  3170  4435 53651.5 
 602.78  3175  4506 53730.75 
 602.83  3180  4576 39382.25 
 602.88  3185  4647 44054.5 
 602.93  3190  4718 47351.5 
 602.98  3195  4790 39901.25 
 603.03  3200  4861 45320.75 
 603.08  3205  4932 49161.5 
 603.13  3210  5004 38970.5 
 603.18  3215  5076 35235 
 603.23  3220  5147 37399.75 
 603.28  3225  5219 29802 
 603.33  3230  5291 26723.5 
 603.38  3235  5363 28160.25 
 603.43  3240  5436 29786 
 603.48  3245  5508 28278.5 
 603.53  3250  5580 23919 
 603.74  3255  3743 23425.75 
 603.85  3260  3817 27126.25 
 603.9  3265  3890 26463.75 
 603.94  3270  3963 26555 
 604  3275  4037 25639.5 
 604.05  3280  4110 23941 
 604.1  3285  4184 23678.75 
 604.15  3290  4258 27266 
 604.2  3295  4332 30554.75 
 604.25  3300  4406 30951.75 
 604.3  3305  4481 25575.25 
 604.35  3310  4555 26017.5 
 604.4  3315  4630 25753.5 
 604.45  3320  4704 26870.25 
 604.5  3325  4779 26291.5 
 604.55  3330  4854 26131.75 
 604.6  3335  4929 24097.75 
 604.65  3340  5005 24723.75 
 604.7  3345  5080 27372 
 604.75  3350  5155 25538.25 
 604.8  3355  5231 28598.25 
 604.84  3360  5307 19645.5 
 604.9  3365  5383 23967.25 
 604.95  3370  5459 19436.75 
 605  3375  5535 24510.5 
 605.05  3380  5611 22870.5 
 605.1  3385  5688 25660.75 
 605.15  3390  5764 25170.25 
 605.2  3395  5841 24429.5 
 605.25  3400  5918 28931 
 605.3  3405  5995 25581.75 
 605.35  3410  6072 24584.75 
 605.4  3415  6149 22549.25 
 605.45  3420  6226 26586 
 605.5  3425  6304 24710.75 
 605.55  3430  6381 26679.5 
 605.6  3435  6459 25008.5 
 605.65  3440  6537 17902.75 
 605.7  3445  6615 18587.75 
 605.75  3450  6693 24146.75 
 605.8  3455  6771 24211.5 
 605.85  3460  6850 20546.75 
 605.9  3465  6928 23003.75 
 605.95  3470  7007 24366.75 
 606  3475  7086 19367.5 
 606.05  3480  7165 22394.5 
 606.1  3485  7244 22149 
 606.15  3490  7323 19868.75 
 606.2  3495  7402 19933.5 
 606.25  3500  7482 24468.75 
 606.3  3505  7561 25215.5 
 606.35  3510  7641 22315.5 
 606.4  3515  7721 21629 
 606.45  3520  7801 22547.25 
 606.5  3525  7881 17593.5 
 606.55  3530  7961 22181.25 
 606.6  3535  8042 23279.75 
 606.65  3540  8122 23738.5 
 606.7  3545  8203 24115.5 
 606.75  3550  8283 23596.75 
 606.8  3555  8364 20997.75 
 606.85  3560  8445 21846 
 606.9  3565  8527 17775.5 
 606.95  3570  8608 15218 
 607  3575  8689 18492.75 
 607.05  3580  8771 13620.75 
 607.1  3585  8853 12084.75 
 607.15  3590  8934 17346.5 
 607.2  3595  9016 20933 
 607.25  3600  9099 21336.5 
 607.3  3605  9181 16500.5 
 607.35  3610  9263 15393.75 
 607.4  3615  9346 17093.25 
 607.45  3620  9428 14686.25 
 607.5  3625  9511 20310.25 
 607.55  3630  9594 16270 
end
uaIntegration time is 0.2294 seconds per sampledt  3.3E-08 cy 1dh200619El Arenosillo 37.1 6.73 3.287017pr1000dark .85 
 690.01  2900  777 59 
 690.08  2905  842 61.75 
 690.14  2910  907 59.5 
 690.17  2915  972 61.25 
 690.24  2920  1037 67.5 
 690.29  2925  1102 65 
 690.32  2930  1168 70 
 690.39  2935  1233 83.25 
 690.44  2940  1299 89.75 
 690.49  2945  1365 102.25 
 690.52  2950  1431 133.25 
 690.59  2955  1497 184 
 690.62  2960  1563 267 
 690.69  2965  1629 277.25 
 690.72  2970  1695 361.5 
 690.79  2975  1761 672.75 
 690.82  2980  1828 757.75 
 690.89  2985  1894 792.75 
 690.94  2990  1961 1367.5 
 690.97  2995  2028 1757.25 
 691.04  3000  2095 1690 
 691.07  3005  2162 2216.5 
 691.14  3010  2229 3369.75 
 691.17  3015  2296 4189 
 691.24  3020  2364 3666.5 
 691.27  3025  2431 6401.75 
 691.33  3030  2499 9688.75 
 691.39  3035  2566 11097.75 
 691.44  3040  2634 10562.25 
 691.49  3045  2702 13490.25 
 691.52  3050  2770 17477.75 
 691.59  3055  2838 17574.25 
 691.62  3060  2906 16976.75 
 691.69  3065  2975 19721.75 
 691.72  3070  3043 25550.5 
 691.79  3075  3112 29175.75 
 691.82  3080  3180 30321.25 
 691.89  3085  3249 33311.25 
 691.92  3090  3318 28827.25 
 691.98  3095  3387 30501 
 692.03  3100  3456 30221.25 
 692.09  3105  3525 46230.5 
 692.12  3110  3594 54865.5 
 692.19  3115  3664 52185.5 
 692.23  3120  3733 47947 
 692.29  3125  3803 53815.25 
 692.34  3130  3873 55310.75 
 692.37  3135  3943 55344 
 692.44  3140  4013 61911.75 
 692.49  3145  4083 51037 
 692.52  3150  4153 63244.75 
 692.59  3155  4223 53951 
 692.62  3160  4294 43644 
 692.69  3165  4364 56895 
 692.74  3170  4435 67369.75 
 692.79  3175  4506 67331.25 
 692.82  3180  4576 49100.5 
 692.89  3185  4647 54728.75 
 692.92  3190  4718 58069.5 
 692.99  3195  4790 49580.75 
 693.02  3200  4861 56355.5 
 693.09  3205  4932 60589.5 
 693.12  3210  5004 47688.5 
 693.19  3215  5076 43284.75 
 693.22  3220  5147 46048.25 
 693.29  3225  5219 36715.25 
 693.32  3230  5291 32753 
 693.39  3235  5363 34280 
 693.42  3240  5436 36141.75 
 693.49  3245  5508 34428.25 
 693.52  3250  5580 29187 
 693.75  3255  3743 28656 
 693.85  3260  3817 32773.25 
 693.9  3265  3890 31947 
 693.93  3270  3963 31936.25 
 694.01  3275  4037 31016.5 
 694.04  3280  4110 29014 
 694.1  3285  4184 28574.75 
 694.16  3290  4258 32802.25 
 694.19  3295  4332 36674.75 
 694.25  3300  4406 37228.25 
 694.29  3305  4481 30682 
 694.35  3310  4555 31355.25 
 694.4  3315  4630 31006.5 
 694.44  3320  4704 32087 
 694.5  3325  4779 31526.5 
 694.53  3330  4854 31371.5 
 694.61  3335  4929 28945.5 
 694.64  3340  5005 29632 
 694.7  3345  5080 32759.75 
 694.74  3350  5155 30508.25 
 694.81  3355  5231 34284.75 
 694.84  3360  5307 23388.5 
 694.91  3365  5383 28669.5 
 694.94  3370  5459 23228 
 695  3375  5535 29485.75 
 695.04  3380  5611 27347.75 
 695.11  3385  5688 30755.5 
 695.15  3390  5764 29949.25 
 695.19  3395  5841 29140.25 
 695.25  3400  5918 34597 
 695.31  3405  5995 30471.5 
 695.34  3410  6072 29200.5 
 695.4  3415  6149 26952.5 
 695.46  3420  6226 31734.5 
 695.49  3425  6304 29354 
 695.56  3430  6381 31765.5 
 695.59  3435  6459 29633 
 695.66  3440  6537 21304.25 
 695.69  3445  6615 22315.25 
 695.76  3450  6693 28805.25 
 695.79  3455  6771 28857.5 
 695.85  3460  6850 24481.5 
 695.91  3465  6928 27357 
 695.94  3470  7007 29129.75 
 696  3475  7086 23003.75 
 696.04  3480  7165 26550.5 
 696.1  3485  7244 26357.5 
 696.14  3490  7323 23715 
 696.21  3495  7402 23646.75 
 696.24  3500  7482 29019.75 
 696.3  3505  7561 29925 
 696.36  3510  7641 26416.25 
 696.39  3515  7721 25765.75 
 696.45  3520  7801 26690.75 
 696.51  3525  7881 20886.25 
 696.54  3530  7961 26393.25 
 696.61  3535  8042 27698.25 
 696.64  3540  8122 28188.25 
 696.7  3545  8203 28619.75 
 696.74  3550  8283 28004 
 696.81  3555  8364 24953.25 
 696.84  3560  8445 25917.5 
 696.91  3565  8527 21104.5 
 696.94  3570  8608 18139 
 697.01  3575  8689 21885.5 
 697.04  3580  8771 16119.5 
 697.11  3585  8853 14251 
 697.14  3590  8934 20721 
 697.21  3595  9016 24807.5 
 697.24  3600  9099 25303 
 697.3  3605  9181 19462 
 697.34  3610  9263 18268 
 697.41  3615  9346 20258.5 
 697.44  3620  9428 17471.75 
 697.5  3625  9511 24005.25 
 697.55  3630  9594 19149.25 
end
uaIntegration time is 0.2294 seconds per sampledt  3.3E-08 cy 1dh200619El Arenosillo 37.1 6.73 3.287017pr1000dark .85 
 1020.01  2900  777 17.75 
 1020.08  2905  842 19.25 
 1020.13  2910  907 19.75 
 1020.18  2915  972 17.75 
 1020.23  2920  1037 18.75 
 1020.28  2925  1102 19.75 
 1020.33  2930  1168 20.75 
 1020.38  2935  1233 19 
 1020.43  2940  1299 21.25 
 1020.48  2945  1365 22.75 
 1020.53  2950  1431 22.5 
 1020.58  2955  1497 20.5 
 1020.63  2960  1563 21.25 
 1020.68  2965  1629 23 
 1020.73  2970  1695 25.5 
 1020.78  2975  1761 28.25 
 1020.83  2980  1828 35.5 
 1020.88  2985  1894 35.5 
 1020.93  2990  1961 47.75 
 1020.98  2995  2028 68.5 
 1021.03  3000  2095 73 
 1021.08  3005  2162 98.5 
 1021.13  3010  2229 157.5 
 1021.18  3015  2296 214.5 
 1021.23  3020  2364 213.75 
 1021.28  3025  2431 403 
 1021.33  3030  2499 692.75 
 1021.38  3035  2566 861 
 1021.43  3040  2634 860.5 
 1021.48  3045  2702 1228 
 1021.53  3050  2770 1833.75 
 1021.58  3055  2838 2029 
 1021.63  3060  2906 2021.75 
 1021.68  3065  2975 2494.5 
 1021.73  3070  3043 3610.75 
 1021.78  3075  3112 4492 
 1021.83  3080  3180 4857.25 
 1021.88  3085  3249 5559 
 1021.93  3090  3318 5069.5 
 1021.98  3095  3387 5957 
 1022.03  3100  3456 6185.25 
 1022.08  3105  3525 9719 
 1022.13  3110  3594 11922.75 
 1022.18  3115  3664 11648.75 
 1022.23  3120  3733 11468 
 1022.28  3125  3803 13555.25 
 1022.33  3130  3873 14278 
 1022.38  3135  3943 14134.25 
 1022.43  3140  4013 16635.25 
 1022.48  3145  4083 14565.75 
 1022.53  3150  4153 18395.5 
 1022.58  3155  4223 15496.5 
 1022.63  3160  4294 13138.5 
 1022.68  3165  4364 17770.25 
 1022.73  3170  4435 21050.75 
 1022.78  3175  4506 20881.75 
 1022.83  3180  4576 15687 
 1022.88  3185  4647 18294 
 1022.93  3190  4718 19927.75 
 1022.98  3195  4790 16571.75 
 1023.03  3200  4861 18717.75 
 1023.08  3205  4932 20979.25 
 1023.13  3210  5004 17240.75 
 1023.18  3215  5076 15600.75 
 1023.23  3220  5147 16041.25 
 1023.28  3225  5219 12805.75 
 1023.33  3230  5291 11777.5 
 1023.38  3235  5363 12895.75 
 1023.43  3240  5436 13746 
 1023.48  3245  5508 12876.5 
 1023.53  3250  5580 10649.75 
 1023.74  3255  3743 10516.5 
 1023.85  3260  3817 12438.5 
 1023.89  3265  3890 12414.25 
 1023.95  3270  3963 12488.5 
 1024  3275  4037 11852.75 
 1024.05  3280  4110 10914 
 1024.1  3285  4184 11042.75 
 1024.14  3290  4258 12973.75 
 1024.2  3295  4332 14552.5 
 1024.25  3300  4406 14687.75 
 1024.3  3305  4481 11981.75 
 1024.35  3310  4555 12165.75 
 1024.4  3315  4630 12113.75 
 1024.45  3320  4704 12860.5 
 1024.5  3325  4779 12697.25 
 1024.55  3330  4854 12526 
 1024.6  3335  4929 11474 
 1024.65  3340  5005 11734.75 
 1024.7  3345  5080 13183.75 
 1024.75  3350  5155 12326.5 
 1024.8  3355  5231 13827.75 
 1024.85  3360  5307 9515.75 
 1024.9  3365  5383 11475.5 
 1024.95  3370  5459 9333 
 1025  3375  5535 11677 
 1025.05  3380  5611 11020.75 
 1025.1  3385  5688 12424.75 
 1025.15  3390  5764 12185.75 
 1025.2  3395  5841 11840.5 
 1025.25  3400  5918 13936.5 
 1025.3  3405  5995 12304.5 
 1025.35  3410  6072 11868.5 
 1025.4  3415  6149 10948 
 1025.45  3420  6226 12827.5 
 1025.5  3425  6304 11924.25 
 1025.55  3430  6381 12898 
 1025.59  3435  6459 12018.25 
 1025.65  3440  6537 8700.5 
 1025.7  3445  6615 8987 
 1025.75  3450  6693 11692.75 
 1025.8  3455  6771 11760.75 
 1025.85  3460  6850 10009 
 1025.9  3465  6928 11160.5 
 1025.95  3470  7007 11797 
 1026  3475  7086 9378.5 
 1026.05  3480  7165 10820.5 
 1026.1  3485  7244 10659.5 
 1026.15  3490  7323 9633.5 
 1026.2  3495  7402 9679.5 
 1026.25  3500  7482 11823.75 
 1026.3  3505  7561 12167.5 
 1026.35  3510  7641 10714.75 
 1026.4  3515  7721 10409 
 1026.45  3520  7801 10851 
 1026.5  3525  7881 8464.75 
 1026.55  3530  7961 10720.75 
 1026.6  3535  8042 11244.5 
 1026.64  3540  8122 11503.5 
 1026.7  3545  8203 11563.75 
 1026.75  3550  8283 11386.75 
 1026.8  3555  8364 10154.75 
 1026.85  3560  8445 10473.25 
 1026.9  3565  8527 8533.25 
 1026.95  3570  8608 7359.5 
 1027  3575  8689 8843.5 
 1027.04  3580  8771 6496.75 
 1027.1  3585  8853 5834.25 
 1027.15  3590  8934 8340.25 
 1027.2  3595  9016 9988 
 1027.25  3600  9099 10174.75 
 1027.3  3605  9181 7915 
 1027.35  3610  9263 7363 
 1027.4  3615  9346 8202.75 
 1027.45  3620  9428 7045 
 1027.5  3625  9511 9692.75 
 1027.55  3630  9594 7840 
end
uxIntegration time is 0.2294 seconds per sampledt  3.3E-08 cy 1dh200619El Arenosillo 37.1 6.73 3.126073pr1000dark .75 
 1165.39  2900  777 1.25 
 1165.42  2905  842 1 
 1165.46  2910  907 1 
 1165.49  2915  972 1.5 
 1165.51  2920  1037 1.25 
 1165.55  2925  1102 1.5 
 1165.58  2930  1168 .75 
 1165.61  2935  1233 1.5 
 1165.64  2940  1299 1.25 
 1165.67  2945  1365 1.75 
 1165.7  2950  1431 1.5 
 1165.73  2955  1497 1 
 1165.76  2960  1563 1.25 
 1165.79  2965  1629 1.25 
 1165.82  2970  1695 .75 
 1165.85  2975  1761 1 
 1165.88  2980  1828 1.5 
 1165.91  2985  1894 1.75 
 1165.94  2990  1961 1.5 
 1165.97  2995  2028 2.75 
 1165.99  3000  2095 1.5 
 1166.01  3005  2162 1.5 
 1166.04  3010  2229 2.5 
 1166.06  3015  2296 2.5 
 1166.08  3020  2364 2 
 1166.1  3025  2431 5 
 1166.13  3030  2499 6 
 1166.15  3035  2566 8 
 1166.17  3040  2634 8.5 
 1166.2  3045  2702 10 
 1166.22  3050  2770 11.5 
 1166.24  3055  2838 15 
 1166.26  3060  2906 13 
 1166.29  3065  2975 16.5 
 1166.31  3070  3043 23 
 1166.33  3075  3112 25.5 
 1166.35  3080  3180 32.5 
 1166.38  3085  3249 34 
 1166.4  3090  3318 31.5 
 1166.42  3095  3387 39 
 1166.45  3100  3456 41 
 1166.47  3105  3525 67 
 1166.49  3110  3594 87 
 1166.51  3115  3664 89 
 1166.54  3120  3733 93.5 
 1166.56  3125  3803 118.5 
 1166.58  3130  3873 128 
 1166.6  3135  3943 121 
 1166.63  3140  4013 160 
 1166.65  3145  4083 160 
 1166.67  3150  4153 218 
 1166.7  3155  4223 179 
 1166.72  3160  4294 171 
 1166.74  3165  4364 269.5 
 1166.76  3170  4435 322.5 
 1166.79  3175  4506 314.5 
 1166.81  3180  4576 267.5 
 1166.83  3185  4647 395.5 
 1166.86  3190  4718 487.5 
 1166.88  3195  4790 344 
 1166.9  3200  4861 384 
 1166.92  3205  4932 530 
 1166.95  3210  5004 549 
 1166.97  3215  5076 520 
 1166.99  3220  5147 434 
 1167.02  3225  5219 341.5 
 1167.04  3230  5291 372 
 1167.06  3235  5363 540.5 
 1167.09  3240  5436 596 
 1167.11  3245  5508 504 
 1167.13  3250  5580 381.5 
 1167.32  3255  3743 411 
 1167.35  3260  3817 580.5 
 1167.37  3265  3890 647.5 
 1167.39  3270  3963 627.5 
 1167.42  3275  4037 553.5 
 1167.44  3280  4110 456 
 1167.46  3285  4184 542 
 1167.49  3290  4258 743.5 
 1167.51  3295  4332 875.5 
 1167.53  3300  4406 841 
 1167.56  3305  4481 633.5 
 1167.58  3310  4555 614.5 
 1167.6  3315  4630 680.5 
 1167.62  3320  4704 806.5 
 1167.65  3325  4779 821.5 
 1167.67  3330  4854 768 
 1167.7  3335  4929 675 
 1167.72  3340  5005 649.5 
 1167.74  3345  5080 828.5 
 1167.77  3350  5155 818.5 
 1167.79  3355  5231 938 
 1167.81  3360  5307 651.5 
 1167.84  3365  5383 718.5 
 1167.86  3370  5459 586 
 1167.88  3375  5535 727.5 
 1167.91  3380  5611 718 
 1167.93  3385  5688 846 
 1167.95  3390  5764 833.5 
 1167.98  3395  5841 800.5 
 1168  3400  5918 883 
 1168.02  3405  5995 814.5 
 1168.05  3410  6072 821 
 1168.07  3415  6149 760.5 
 1168.09  3420  6226 889 
 1168.12  3425  6304 830.5 
 1168.14  3430  6381 900.5 
 1168.16  3435  6459 812 
 1168.19  3440  6537 582.5 
 1168.21  3445  6615 612 
 1168.23  3450  6693 794.5 
 1168.26  3455  6771 806.5 
 1168.28  3460  6850 692.5 
 1168.3  3465  6928 797.5 
 1168.33  3470  7007 815 
 1168.35  3475  7086 649 
 1168.37  3480  7165 746.5 
 1168.4  3485  7244 741.5 
 1168.42  3490  7323 668.5 
 1168.45  3495  7402 682 
 1168.47  3500  7482 823 
 1168.49  3505  7561 840.5 
 1168.52  3510  7641 747.5 
 1168.54  3515  7721 711.5 
 1168.56  3520  7801 756.5 
 1168.59  3525  7881 590 
 1168.61  3530  7961 750 
 1168.63  3535  8042 798 
 1168.66  3540  8122 792.5 
 1168.68  3545  8203 794.5 
 1168.7  3550  8283 794 
 1168.73  3555  8364 689.5 
 1168.75  3560  8445 748 
 1168.78  3565  8527 581 
 1168.8  3570  8608 503 
 1168.83  3575  8689 612 
 1168.86  3580  8771 458.5 
 1168.88  3585  8853 394.5 
 1168.9  3590  8934 572 
 1168.93  3595  9016 684.5 
 1168.95  3600  9099 705 
 1168.97  3605  9181 541.5 
 1169  3610  9263 504.5 
 1169.02  3615  9346 569 
 1169.04  3620  9428 478 
 1169.07  3625  9511 630.5 
 1169.09  3630  9594 536.5 
end
