ufIntegration time is 0.2294 seconds per sampledt  4.1E-08 cy 4dh200619Arenosillo 37.1 6.73 2.88pr1000dark .8 
 301.27  2900  1261 3 
 301.31  2905  1333 3 
 301.34  2910  1405 4 
 301.38  2915  1477 1 
 301.41  2920  1549 2 
 301.45  2925  1621 4 
 301.48  2930  1693 4 
 301.52  2935  1765 3 
 301.55  2940  1837 4 
 301.59  2945  1909 3 
 301.62  2950  1981 2 
 301.66  2955  2054 3 
 301.69  2960  2126 5 
 301.73  2965  2199 3 
 301.76  2970  2271 3 
 301.8  2975  2344 5 
 301.83  2980  2416 5 
 301.87  2985  2489 3 
 301.9  2990  2562 3 
 301.94  2995  2635 5 
 301.97  3000  2708 7 
 302.01  3005  2781 7 
 302.04  3010  2854 7 
 302.08  3015  2927 8 
 302.11  3020  3000 9 
 302.15  3025  3073 14 
 302.18  3030  3147 21 
 302.22  3035  3220 26 
 302.25  3040  3294 22 
 302.29  3045  3367 30 
 302.32  3050  3441 49 
 302.36  3055  3514 38 
 302.39  3060  3588 44 
 302.43  3065  3662 56 
 302.46  3070  3736 75 
 302.5  3075  3810 94 
 302.53  3080  3884 88 
 302.56  3085  3958 106 
 302.6  3090  4032 86 
 302.64  3095  4106 103 
 302.67  3100  4181 99 
 302.7  3105  4255 173 
 302.74  3110  4329 200 
 302.77  3115  4404 203 
 302.81  3120  4479 203 
 302.85  3125  4553 227 
 302.88  3130  4628 264 
 302.91  3135  4703 273 
 302.95  3140  4778 318 
 302.98  3145  4853 293 
 303.02  3150  4928 367 
 303.05  3155  5003 273 
 303.09  3160  5078 264 
 303.12  3165  5153 366 
 303.16  3170  5228 446 
 303.19  3175  5304 409 
 303.23  3180  5379 337 
 303.26  3185  5455 456 
 303.3  3190  5530 510 
 303.33  3195  5606 382 
 303.37  3200  5682 411 
 303.4  3205  5758 577 
 303.44  3210  5834 520 
 303.47  3215  5910 493 
 303.51  3220  5986 429 
 303.54  3225  6062 349 
 303.58  3230  6138 379 
 303.61  3235  6214 532 
 303.65  3240  6291 612 
 303.68  3245  6367 473 
 303.72  3250  6444 313 
end
uaIntegration time is 0.2294 seconds per sampledt  4.1E-08 cy 1dh200619Arenosillo 37.1 6.73 3.33pr1000dark .65 
 540.02  2900  1261 372.5 
 540.07  2905  1333 394 
 540.12  2910  1405 388.25 
 540.17  2915  1477 398.25 
 540.22  2920  1549 405.25 
 540.27  2925  1621 408.25 
 540.32  2930  1693 405 
 540.37  2935  1765 414.25 
 540.42  2940  1837 431.75 
 540.47  2945  1909 435 
 540.52  2950  1981 432.75 
 540.57  2955  2054 463.5 
 540.62  2960  2126 501.25 
 540.67  2965  2199 532 
 540.72  2970  2271 572.5 
 540.77  2975  2344 731.5 
 540.82  2980  2416 814.25 
 540.87  2985  2489 832.25 
 540.92  2990  2562 1244.5 
 540.97  2995  2635 1624 
 541.02  3000  2708 1631.25 
 541.07  3005  2781 2128.25 
 541.12  3010  2854 3266 
 541.17  3015  2927 4168.75 
 541.22  3020  3000 3841 
 541.27  3025  3073 6828.75 
 541.32  3030  3147 10684.75 
 541.37  3035  3220 12298.25 
 541.42  3040  3294 12032 
 541.47  3045  3367 15772.75 
 541.52  3050  3441 21660.25 
 541.57  3055  3514 21322.25 
 541.62  3060  3588 21647.5 
 541.67  3065  3662 24757 
 541.72  3070  3736 33635 
 541.77  3075  3810 38737.75 
 541.82  3080  3884 39957.5 
 541.87  3085  3958 43954.5 
 541.92  3090  4032 37691 
 541.97  3095  4106 41835.25 
 542.02  3100  4181 41514.75 
 542.07  3105  4255 64576 
 542.12  3110  4329 73945.75 
 542.17  3115  4404 69428 
 542.22  3120  4479 66032.25 
 542.27  3125  4553 74676.75 
 542.32  3130  4628 75743.25 
 542.37  3135  4703 76010.25 
 542.42  3140  4778 83148.75 
 542.47  3145  4853 71126.25 
 542.52  3150  4928 86356.75 
 542.57  3155  5003 70164.75 
 542.62  3160  5078 59998.75 
 542.67  3165  5153 78401.25 
 542.72  3170  5228 91010.5 
 542.77  3175  5304 87658.75 
 542.82  3180  5379 64690.75 
 542.87  3185  5455 75173.75 
 542.92  3190  5530 76685 
 542.97  3195  5606 65529.25 
 543.02  3200  5682 73586.25 
 543.07  3205  5758 79395 
 543.12  3210  5834 61996.75 
 543.17  3215  5910 57370.5 
 543.22  3220  5986 58802.5 
 543.27  3225  6062 46144.25 
 543.32  3230  6138 42376 
 543.37  3235  6214 44476.5 
 543.42  3240  6291 46747.5 
 543.47  3245  6367 43589.5 
 543.52  3250  6444 36605.5 
end
uaIntegration time is 0.2294 seconds per sampledt  4.1E-08 cy 1dh200619Arenosillo 37.1 6.73 3.41pr1000dark .5 
 600.02  2900  1261 549.25 
 600.07  2905  1333 565.25 
 600.12  2910  1405 568.75 
 600.17  2915  1477 578.25 
 600.22  2920  1549 597.25 
 600.27  2925  1621 601.75 
 600.32  2930  1693 600.5 
 600.37  2935  1765 619 
 600.42  2940  1837 633.5 
 600.47  2945  1909 658.25 
 600.51  2950  1981 1430 
 600.57  2955  2054 794 
 600.62  2960  2126 894 
 600.67  2965  2199 945.25 
 600.72  2970  2271 1070.5 
 600.77  2975  2344 1618.75 
 600.82  2980  2416 1828.25 
 600.87  2985  2489 1800.5 
 600.92  2990  2562 2918.25 
 600.97  2995  2635 3782.75 
 601.02  3000  2708 3741.25 
 601.07  3005  2781 4813 
 601.12  3010  2854 7285.25 
 601.17  3015  2927 9195.75 
 601.22  3020  3000 8135.5 
 601.27  3025  3073 14074.5 
 601.32  3030  3147 21450.75 
 601.37  3035  3220 24273 
 601.42  3040  3294 23285.75 
 601.47  3045  3367 29745.25 
 601.52  3050  3441 39324.75 
 601.57  3055  3514 37993.75 
 601.62  3060  3588 38001.25 
 601.67  3065  3662 42912.75 
 601.72  3070  3736 56362 
 601.77  3075  3810 63229.25 
 601.82  3080  3884 64984.75 
 601.87  3085  3958 70656.75 
 601.92  3090  4032 59918 
 601.97  3095  4106 64700.75 
 602.02  3100  4181 63679 
 602.07  3105  4255 97742.25 
 602.12  3110  4329 110476.8 
 602.17  3115  4404 103099 
 602.22  3120  4479 96243.75 
 602.27  3125  4553 107670 
 602.32  3130  4628 108730 
 602.37  3135  4703 108800.3 
 602.42  3140  4778 117527 
 602.47  3145  4853 99761 
 602.52  3150  4928 120466.5 
 602.57  3155  5003 99136 
 602.62  3160  5078 83737 
 602.67  3165  5153 107807.8 
 602.72  3170  5228 124937.8 
 602.77  3175  5304 120467 
 602.82  3180  5379 88593.25 
 602.87  3185  5455 102101.3 
 602.92  3190  5530 102740.3 
 602.97  3195  5606 89149.5 
 603.02  3200  5682 99823.25 
 603.07  3205  5758 106332.3 
 603.12  3210  5834 82114.5 
 603.17  3215  5910 76511.75 
 603.22  3220  5986 78658.75 
 603.27  3225  6062 62086.5 
 603.32  3230  6138 56840.75 
 603.37  3235  6214 58909 
 603.42  3240  6291 61934.5 
 603.47  3245  6367 57915.75 
 603.52  3250  6444 48911.25 
end
uaIntegration time is 0.2294 seconds per sampledt  4.1E-08 cy 1dh200619Arenosillo 37.1 6.73 3.49pr1000dark 1.65 
 661.02  2900  1261 679.25 
 661.07  2905  1333 686 
 661.12  2910  1405 714.5 
 661.17  2915  1477 699 
 661.22  2920  1549 720.5 
 661.27  2925  1621 738.5 
 661.32  2930  1693 754.5 
 661.37  2935  1765 785.25 
 661.42  2940  1837 825.25 
 661.47  2945  1909 865.5 
 661.52  2950  1981 960.5 
 661.57  2955  2054 1135.75 
 661.62  2960  2126 1372.75 
 661.67  2965  2199 1444.25 
 661.72  2970  2271 1650 
 661.77  2975  2344 2656 
 661.82  2980  2416 2981.5 
 661.87  2985  2489 2955.5 
 661.92  2990  2562 4827.25 
 661.97  2995  2635 6115.25 
 662.02  3000  2708 5943.5 
 662.07  3005  2781 7676.75 
 662.12  3010  2854 11314.25 
 662.17  3015  2927 14033.75 
 662.22  3020  3000 12263.75 
 662.27  3025  3073 21155.5 
 662.32  3030  3147 31389.75 
 662.37  3035  3220 35071.5 
 662.42  3040  3294 33246 
 662.47  3045  3367 41886.75 
 662.52  3050  3441 54157.25 
 662.57  3055  3514 51920.25 
 662.62  3060  3588 51605.5 
 662.67  3065  3662 57472.25 
 662.72  3070  3736 74331.75 
 662.77  3075  3810 82519.25 
 662.82  3080  3884 84097.75 
 662.87  3085  3958 90924 
 662.92  3090  4032 76682 
 662.97  3095  4106 81732.25 
 663.02  3100  4181 80019.25 
 663.07  3105  4255 121851.5 
 663.12  3110  4329 136065.5 
 663.17  3115  4404 127009.3 
 663.22  3120  4479 117480 
 663.27  3125  4553 130124 
 663.32  3130  4628 130950.3 
 663.37  3135  4703 130870 
 663.42  3140  4778 140944.8 
 663.47  3145  4853 118643.3 
 663.52  3150  4928 142609.3 
 663.57  3155  5003 118429 
 663.62  3160  5078 99289.75 
 663.67  3165  5153 126904 
 663.72  3170  5228 146154.5 
 663.77  3175  5304 141325.3 
 663.82  3180  5379 104248 
 663.87  3185  5455 118751.3 
 663.92  3190  5530 120165 
 663.97  3195  5606 104144.5 
 664.02  3200  5682 116475.8 
 664.07  3205  5758 123396 
 664.12  3210  5834 95841.5 
 664.17  3215  5910 88508.5 
 664.22  3220  5986 92101 
 664.27  3225  6062 72454.5 
 664.32  3230  6138 65986.25 
 664.37  3235  6214 68013 
 664.42  3240  6291 71427.5 
 664.47  3245  6367 66870.5 
 664.52  3250  6444 56796 
end
uaIntegration time is 0.2294 seconds per sampledt  4.1E-08 cy 1dh200619Arenosillo 37.1 6.73 3.54pr1000dark .7 
 720.02  2900  1261 753 
 720.07  2905  1333 761.25 
 720.12  2910  1405 782 
 720.17  2915  1477 790.5 
 720.22  2920  1549 818.75 
 720.27  2925  1621 843 
 720.32  2930  1693 869 
 720.37  2935  1765 896 
 720.42  2940  1837 957.75 
 720.47  2945  1909 1025.5 
 720.52  2950  1981 1147.5 
 720.57  2955  2054 1396.25 
 720.62  2960  2126 1785.75 
 720.67  2965  2199 1854.25 
 720.72  2970  2271 2105.25 
 720.77  2975  2344 3520.75 
 720.82  2980  2416 3910 
 720.87  2985  2489 3886.25 
 720.92  2990  2562 6406.75 
 720.97  2995  2635 8012.5 
 721.02  3000  2708 7668.75 
 721.07  3005  2781 9877.5 
 721.12  3010  2854 14410.25 
 721.17  3015  2927 17626.25 
 721.22  3020  3000 15187 
 721.27  3025  3073 25799.75 
 721.32  3030  3147 38151.75 
 721.37  3035  3220 42370.75 
 721.42  3040  3294 40076 
 721.47  3045  3367 49890.5 
 721.52  3050  3441 63688.5 
 721.57  3055  3514 60902.75 
 721.62  3060  3588 59711.75 
 721.67  3065  3662 66807.75 
 721.72  3070  3736 84857 
 721.77  3075  3810 93803 
 721.82  3080  3884 95554.75 
 721.87  3085  3958 103108.3 
 721.92  3090  4032 86686 
 721.97  3095  4106 91853 
 722.02  3100  4181 89308 
 722.07  3105  4255 135204 
 722.12  3110  4329 150732.8 
 722.17  3115  4404 140369 
 722.22  3120  4479 129702 
 722.27  3125  4553 143066.8 
 722.32  3130  4628 143758.8 
 722.37  3135  4703 144361.5 
 722.42  3140  4778 154030.5 
 722.47  3145  4853 129704.8 
 722.52  3150  4928 155349.8 
 722.57  3155  5003 128551 
 722.62  3160  5078 108368.8 
 722.67  3165  5153 137888 
 722.72  3170  5228 158638.5 
 722.77  3175  5304 153095.3 
 722.82  3180  5379 112870.5 
 722.87  3185  5455 128634 
 722.92  3190  5530 129202.3 
 722.97  3195  5606 113186.3 
 723.02  3200  5682 126184.5 
 723.07  3205  5758 133313 
 723.12  3210  5834 102836.8 
 723.17  3215  5910 95882 
 723.22  3220  5986 99483.25 
 723.27  3225  6062 78700.25 
 723.32  3230  6138 71316.75 
 723.37  3235  6214 73340.25 
 723.42  3240  6291 76923.25 
 723.47  3245  6367 72116.25 
 723.52  3250  6444 61333.25 
end
uaIntegration time is 0.2294 seconds per sampledt  4.1E-08 cy 1dh200619Arenosillo 37.1 6.73 3.56pr1000dark .7 
 780.02  2900  1261 762.75 
 780.07  2905  1333 750.5 
 780.12  2910  1405 775.25 
 780.17  2915  1477 791.25 
 780.22  2920  1549 823.75 
 780.27  2925  1621 819 
 780.32  2930  1693 847.75 
 780.37  2935  1765 899.75 
 780.42  2940  1837 934.75 
 780.47  2945  1909 997.75 
 780.52  2950  1981 1129 
 780.57  2955  2054 1363.25 
 780.62  2960  2126 1718.5 
 780.67  2965  2199 1807.5 
 780.72  2970  2271 2069.75 
 780.77  2975  2344 3404.5 
 780.82  2980  2416 3864 
 780.87  2985  2489 3740.75 
 780.92  2990  2562 6270.5 
 780.97  2995  2635 7841.75 
 781.02  3000  2708 7545.25 
 781.07  3005  2781 9539.5 
 781.12  3010  2854 13991.25 
 781.17  3015  2927 17365.25 
 781.22  3020  3000 14996.75 
 781.27  3025  3073 24948.5 
 781.32  3030  3147 37053 
 781.37  3035  3220 41969.5 
 781.42  3040  3294 39295.75 
 781.47  3045  3367 48972.25 
 781.52  3050  3441 62484.5 
 781.57  3055  3514 60427.75 
 781.62  3060  3588 58761.25 
 781.67  3065  3662 66069.25 
 781.72  3070  3736 84057.75 
 781.77  3075  3810 93005 
 781.82  3080  3884 94610.25 
 781.87  3085  3958 102053.3 
 781.92  3090  4032 86220.75 
 781.97  3095  4106 90906 
 782.02  3100  4181 88241.75 
 782.07  3105  4255 132480.8 
 782.12  3110  4329 149468.5 
 782.17  3115  4404 139895.8 
 782.22  3120  4479 128368.5 
 782.27  3125  4553 141801.5 
 782.32  3130  4628 142576.3 
 782.37  3135  4703 142376.3 
 782.42  3140  4778 153098.3 
 782.47  3145  4853 128083.8 
 782.52  3150  4928 153777.8 
 782.57  3155  5003 127728.3 
 782.62  3160  5078 107133.8 
 782.67  3165  5153 136441 
 782.72  3170  5228 156974.8 
 782.77  3175  5304 151922.8 
 782.82  3180  5379 111992 
 782.87  3185  5455 126760 
 782.92  3190  5530 128892.3 
 782.97  3195  5606 111506.5 
 783.02  3200  5682 124623.3 
 783.07  3205  5758 131878.8 
 783.12  3210  5834 102619.3 
 783.17  3215  5910 94108 
 783.22  3220  5986 98907.5 
 783.27  3225  6062 78041.25 
 783.32  3230  6138 70276.5 
 783.37  3235  6214 72701.75 
 783.42  3240  6291 76217.75 
 783.47  3245  6367 71725.75 
 783.52  3250  6444 60724 
end
uaIntegration time is 0.2294 seconds per sampledt  4.1E-08 cy 1dh200619Arenosillo 37.1 6.73 3.62pr1000dark .75 
 840.02  2900  1261 679.25 
 840.07  2905  1333 679.5 
 840.12  2910  1405 702 
 840.17  2915  1477 703.5 
 840.22  2920  1549 713.75 
 840.27  2925  1621 716.5 
 840.32  2930  1693 744.25 
 840.37  2935  1765 780.5 
 840.42  2940  1837 806 
 840.47  2945  1909 859.25 
 840.52  2950  1981 933 
 840.57  2955  2054 1093.75 
 840.62  2960  2126 1335.75 
 840.67  2965  2199 1394.5 
 840.72  2970  2271 1611.25 
 840.77  2975  2344 2597.5 
 840.82  2980  2416 2922.5 
 840.87  2985  2489 2878.75 
 840.92  2990  2562 4765.5 
 840.97  2995  2635 6027.75 
 841.02  3000  2708 5871.75 
 841.07  3005  2781 7394.25 
 841.12  3010  2854 10945 
 841.17  3015  2927 13818.25 
 841.22  3020  3000 11968.75 
 841.27  3025  3073 20250.75 
 841.32  3030  3147 30297.75 
 841.37  3035  3220 34516.25 
 841.42  3040  3294 32433 
 841.47  3045  3367 40770.75 
 841.52  3050  3441 52615 
 841.57  3055  3514 51172.75 
 841.62  3060  3588 49983.25 
 841.67  3065  3662 56281.25 
 841.72  3070  3736 72460.5 
 841.77  3075  3810 80369.75 
 841.82  3080  3884 82173 
 841.87  3085  3958 88663 
 841.92  3090  4032 75242 
 841.97  3095  4106 79712.75 
 842.02  3100  4181 77550.5 
 842.07  3105  4255 117873 
 842.12  3110  4329 132860.5 
 842.17  3115  4404 124385.3 
 842.22  3120  4479 115085 
 842.27  3125  4553 127631.3 
 842.32  3130  4628 128369.3 
 842.37  3135  4703 127847 
 842.42  3140  4778 138462.5 
 842.47  3145  4853 115978.3 
 842.52  3150  4928 139584.3 
 842.57  3155  5003 116357.5 
 842.62  3160  5078 96905 
 842.67  3165  5153 123887.5 
 842.72  3170  5228 142829.5 
 842.77  3175  5304 139051.3 
 842.82  3180  5379 102208.3 
 842.87  3185  5455 115537.3 
 842.92  3190  5530 118172.8 
 842.97  3195  5606 101424.8 
 843.02  3200  5682 113682.8 
 843.07  3205  5758 120558.5 
 843.12  3210  5834 94097 
 843.17  3215  5910 86552.25 
 843.22  3220  5986 90259.25 
 843.27  3225  6062 71139 
 843.32  3230  6138 64462.75 
 843.37  3235  6214 66604.25 
 843.42  3240  6291 69685.25 
 843.47  3245  6367 65395.25 
 843.52  3250  6444 55377.75 
end
uaIntegration time is 0.2294 seconds per sampledt  4.1E-08 cy 1dh200619Arenosillo 37.1 6.73 3.58pr1000dark .6 
 900.02  2900  1261 531.5 
 900.07  2905  1333 530.75 
 900.12  2910  1405 540.25 
 900.17  2915  1477 566.5 
 900.22  2920  1549 568.25 
 900.27  2925  1621 573 
 900.32  2930  1693 588.75 
 900.37  2935  1765 594.75 
 900.42  2940  1837 603.5 
 900.47  2945  1909 622 
 900.52  2950  1981 659.5 
 900.57  2955  2054 741.75 
 900.62  2960  2126 833.25 
 900.67  2965  2199 875 
 900.72  2970  2271 989.5 
 900.77  2975  2344 1465.75 
 900.82  2980  2416 1627.5 
 900.87  2985  2489 1650.25 
 900.92  2990  2562 2663.25 
 900.97  2995  2635 3421.75 
 901.02  3000  2708 3398.5 
 901.07  3005  2781 4394.75 
 901.12  3010  2854 6633.5 
 901.17  3015  2927 8354.25 
 901.22  3020  3000 7473.75 
 901.27  3025  3073 12951.75 
 901.32  3030  3147 19751.5 
 901.37  3035  3220 22461.25 
 901.42  3040  3294 21566.75 
 901.47  3045  3367 27592.5 
 901.52  3050  3441 36749.25 
 901.57  3055  3514 35384 
 901.62  3060  3588 35505.25 
 901.67  3065  3662 39943.75 
 901.72  3070  3736 52587.25 
 901.77  3075  3810 59436.25 
 901.82  3080  3884 60874.5 
 901.87  3085  3958 66339.75 
 901.92  3090  4032 56318.75 
 901.97  3095  4106 61103.75 
 902.02  3100  4181 59975.75 
 902.07  3105  4255 92675.75 
 902.12  3110  4329 104541.3 
 902.17  3115  4404 97569.25 
 902.22  3120  4479 91245.25 
 902.27  3125  4553 102208.5 
 902.32  3130  4628 103123.3 
 902.37  3135  4703 103127.8 
 902.42  3140  4778 111865.8 
 902.47  3145  4853 94701.75 
 902.52  3150  4928 114362.8 
 902.57  3155  5003 93974 
 902.62  3160  5078 79372.5 
 902.67  3165  5153 102443 
 902.72  3170  5228 118572 
 902.77  3175  5304 114754 
 902.82  3180  5379 84246.5 
 902.87  3185  5455 96618 
 902.92  3190  5530 98657 
 902.97  3195  5606 84581.75 
 903.02  3200  5682 94913.5 
 903.07  3205  5758 101178.5 
 903.12  3210  5834 78858.75 
 903.17  3215  5910 72791.75 
 903.22  3220  5986 75093.5 
 903.27  3225  6062 58979 
 903.32  3230  6138 53959.5 
 903.37  3235  6214 55971.25 
 903.42  3240  6291 58950.5 
 903.47  3245  6367 54847.25 
 903.52  3250  6444 46430.25 
end
uaIntegration time is 0.2294 seconds per sampledt  4.1E-08 cy 1dh200619Arenosillo 37.1 6.73 3.56pr1000dark .55 
 960.02  2900  1261 365.25 
 960.07  2905  1333 363.25 
 960.12  2910  1405 375 
 960.17  2915  1477 382 
 960.22  2920  1549 385.75 
 960.27  2925  1621 393.25 
 960.32  2930  1693 391 
 960.37  2935  1765 402 
 960.42  2940  1837 400.25 
 960.47  2945  1909 402.25 
 960.52  2950  1981 413 
 960.57  2955  2054 444.25 
 960.62  2960  2126 467.75 
 960.67  2965  2199 480.25 
 960.72  2970  2271 505.75 
 960.77  2975  2344 651.25 
 960.82  2980  2416 709.25 
 960.87  2985  2489 741.75 
 960.92  2990  2562 1056 
 960.97  2995  2635 1372.5 
 961.02  3000  2708 1407.25 
 961.07  3005  2781 1813.5 
 961.12  3010  2854 2770 
 961.17  3015  2927 3531.25 
 961.22  3020  3000 3288.75 
 961.27  3025  3073 5841.5 
 961.32  3030  3147 9194.75 
 961.37  3035  3220 10606.25 
 961.42  3040  3294 10476.25 
 961.47  3045  3367 13764.75 
 961.52  3050  3441 19065.5 
 961.57  3055  3514 19073.25 
 961.62  3060  3588 19152 
 961.67  3065  3662 21974.5 
 961.72  3070  3736 30011.25 
 961.77  3075  3810 34705.5 
 961.82  3080  3884 34780.5 
 961.87  3085  3958 39269.5 
 961.92  3090  4032 33945.75 
 961.97  3095  4106 38092 
 962.02  3100  4181 37778 
 962.07  3105  4255 59363.25 
 962.12  3110  4329 67770.25 
 962.17  3115  4404 63945 
 962.22  3120  4479 60761 
 962.27  3125  4553 68958.75 
 962.32  3130  4628 70265.75 
 962.37  3135  4703 70224 
 962.42  3140  4778 77196.5 
 962.47  3145  4853 66567 
 962.52  3150  4928 80913.25 
 962.57  3155  5003 65148.25 
 962.62  3160  5078 56127.25 
 962.67  3165  5153 73719 
 962.72  3170  5228 85733 
 962.77  3175  5304 82135.25 
 962.82  3180  5379 60764.25 
 962.87  3185  5455 71269.75 
 962.92  3190  5530 72392.5 
 962.97  3195  5606 61918 
 963.02  3200  5682 69367.75 
 963.07  3205  5758 74956.5 
 963.12  3210  5834 58608.25 
 963.17  3215  5910 54213.25 
 963.22  3220  5986 55565.25 
 963.27  3225  6062 43427.25 
 963.32  3230  6138 39973.25 
 963.37  3235  6214 42160.5 
 963.42  3240  6291 44310.75 
 963.47  3245  6367 41237.5 
 963.52  3250  6444 34515 
end
uaIntegration time is 0.2294 seconds per sampledt  4.1E-08 cy 1dh200619Arenosillo 37.1 6.73 3.54pr1000dark .8 
 1020.02  2900  1261 206.75 
 1020.07  2905  1333 207.25 
 1020.12  2910  1405 204 
 1020.17  2915  1477 212.5 
 1020.22  2920  1549 213.75 
 1020.27  2925  1621 216 
 1020.32  2930  1693 222.75 
 1020.37  2935  1765 222.5 
 1020.42  2940  1837 226.75 
 1020.47  2945  1909 223.5 
 1020.52  2950  1981 224.25 
 1020.57  2955  2054 232.25 
 1020.62  2960  2126 232 
 1020.67  2965  2199 244.75 
 1020.72  2970  2271 241 
 1020.77  2975  2344 260 
 1020.82  2980  2416 269.25 
 1020.87  2985  2489 279 
 1020.92  2990  2562 325 
 1020.97  2995  2635 384.75 
 1021.02  3000  2708 402.25 
 1021.07  3005  2781 495.5 
 1021.12  3010  2854 717.75 
 1021.17  3015  2927 909.25 
 1021.22  3020  3000 883.5 
 1021.27  3025  3073 1553.25 
 1021.32  3030  3147 2531.25 
 1021.37  3035  3220 3062.5 
 1021.42  3040  3294 3118.5 
 1021.47  3045  3367 4279.75 
 1021.52  3050  3441 6330.75 
 1021.57  3055  3514 6540.75 
 1021.62  3060  3588 6747.5 
 1021.67  3065  3662 8103.75 
 1021.72  3070  3736 11777 
 1021.77  3075  3810 14165.5 
 1021.82  3080  3884 14891.5 
 1021.87  3085  3958 16731 
 1021.92  3090  4032 14757.25 
 1021.97  3095  4106 17443.75 
 1022.02  3100  4181 17737.75 
 1022.07  3105  4255 28133.75 
 1022.12  3110  4329 32811.5 
 1022.17  3115  4404 31396.75 
 1022.22  3120  4479 30972.5 
 1022.27  3125  4553 36100.5 
 1022.32  3130  4628 37031.75 
 1022.37  3135  4703 37035.25 
 1022.42  3140  4778 41675.25 
 1022.47  3145  4853 37046 
 1022.52  3150  4928 45335.75 
 1022.57  3155  5003 36343.5 
 1022.62  3160  5078 32118 
 1022.67  3165  5153 43188.25 
 1022.72  3170  5228 49999.5 
 1022.77  3175  5304 47709.25 
 1022.82  3180  5379 35661.25 
 1022.87  3185  5455 43110 
 1022.92  3190  5530 44180.25 
 1022.97  3195  5606 37045 
 1023.02  3200  5682 41769.25 
 1023.07  3205  5758 46046.25 
 1023.12  3210  5834 36524.5 
 1023.17  3215  5910 33968.5 
 1023.22  3220  5986 34041.25 
 1023.27  3225  6062 26583.5 
 1023.32  3230  6138 25011 
 1023.37  3235  6214 26786.5 
 1023.42  3240  6291 28258 
 1023.47  3245  6367 25913.75 
 1023.52  3250  6444 21519.5 
end
ufIntegration time is 0.2294 seconds per sampledt  4.1E-08 cy 4dh200619Arenosillo 37.1 6.73 3.31pr1000dark 1.6 
 1162.22  2900  1261 28 
 1162.26  2905  1333 26 
 1162.29  2910  1405 21 
 1162.33  2915  1477 26 
 1162.36  2920  1549 32 
 1162.4  2925  1621 27 
 1162.43  2930  1693 26 
 1162.47  2935  1765 25 
 1162.5  2940  1837 31 
 1162.54  2945  1909 28 
 1162.57  2950  1981 25 
 1162.61  2955  2054 32 
 1162.64  2960  2126 26 
 1162.68  2965  2199 31 
 1162.71  2970  2271 26 
 1162.75  2975  2344 33 
 1162.78  2980  2416 36 
 1162.82  2985  2489 36 
 1162.85  2990  2562 37 
 1162.89  2995  2635 39 
 1162.92  3000  2708 34 
 1162.96  3005  2781 43 
 1162.99  3010  2854 47 
 1163.03  3015  2927 55 
 1163.06  3020  3000 52 
 1163.1  3025  3073 73 
 1163.13  3030  3147 89 
 1163.17  3035  3220 111 
 1163.2  3040  3294 146 
 1163.24  3045  3367 136 
 1163.27  3050  3441 194 
 1163.31  3055  3514 200 
 1163.34  3060  3588 196 
 1163.38  3065  3662 235 
 1163.41  3070  3736 335 
 1163.45  3075  3810 423 
 1163.48  3080  3884 405 
 1163.52  3085  3958 488 
 1163.55  3090  4032 421 
 1163.59  3095  4106 560 
 1163.62  3100  4181 573 
 1163.66  3105  4255 904 
 1163.69  3110  4329 1085 
 1163.73  3115  4404 1102 
 1163.76  3120  4479 1152 
 1163.8  3125  4553 1445 
 1163.83  3130  4628 1579 
 1163.87  3135  4703 1462 
 1163.9  3140  4778 1925 
 1163.94  3145  4853 2036 
 1163.97  3150  4928 2587 
 1164.01  3155  5003 2059 
 1164.04  3160  5078 2018 
 1164.08  3165  5153 3158 
 1164.11  3170  5228 3730 
 1164.15  3175  5304 3457 
 1164.18  3180  5379 2956 
 1164.21  3185  5455 4476 
 1164.25  3190  5530 5156 
 1164.29  3195  5606 3618 
 1164.32  3200  5682 4087 
 1164.35  3205  5758 5681 
 1164.39  3210  5834 5668 
 1164.43  3215  5910 5334 
 1164.46  3220  5986 4435 
 1164.5  3225  6062 3395 
 1164.53  3230  6138 3838 
 1164.56  3235  6214 5237 
 1164.6  3240  6291 5789 
 1164.64  3245  6367 4851 
 1164.67  3250  6444 3486 
end
