uxIntegration time is 0.2294 seconds per sampledt  3.4E-08 cy 1dh200619Arenosillo 37.1 6.73 2.88pr1000dark 1.35 
 301.45  2900  736 1 
 301.49  2905  803 .75 
 301.53  2910  870 .75 
 301.56  2915  937 1.5 
 301.6  2920  1004 .75 
 301.64  2925  1071 1.25 
 301.67  2930  1138 1.5 
 301.71  2935  1206 1.25 
 301.75  2940  1273 1.25 
 301.79  2945  1341 .75 
 301.82  2950  1408 1.25 
 301.86  2955  1476 1.75 
 301.9  2960  1544 1.5 
 301.93  2965  1611 1.5 
 301.97  2970  1679 1.5 
 302.01  2975  1747 1.25 
 302.05  2980  1815 1 
 302.08  2985  1883 1.25 
 302.12  2990  1952 1.5 
 302.16  2995  2020 1.5 
 302.19  3000  2088 2.5 
 302.21  3005  2157 2 
 302.24  3010  2225 2.5 
 302.27  3015  2294 2.5 
 302.3  3020  2362 2 
 302.33  3025  2431 1.5 
 302.36  3030  2500 4.5 
 302.39  3035  2569 6.5 
 302.42  3040  2638 4.5 
 302.44  3045  2707 5 
 302.47  3050  2776 7.5 
 302.5  3055  2845 8 
 302.53  3060  2915 8.5 
 302.56  3065  2984 9 
 302.59  3070  3054 11 
 302.62  3075  3123 14 
 302.64  3080  3193 15.5 
 302.67  3085  3263 17 
 302.7  3090  3333 14.5 
 302.73  3095  3403 15.5 
 302.76  3100  3473 19 
 302.79  3105  3543 28.5 
 302.81  3110  3613 35.5 
 302.84  3115  3683 33.5 
 302.87  3120  3754 35 
 302.9  3125  3824 44 
 302.93  3130  3895 39.5 
 302.96  3135  3965 40.5 
 302.98  3140  4036 53 
 303.01  3145  4107 43 
 303.04  3150  4178 65 
 303.07  3155  4249 51.5 
 303.1  3160  4320 40 
 303.13  3165  4391 65 
 303.16  3170  4462 77.5 
 303.18  3175  4534 73.5 
 303.21  3180  4605 61.5 
 303.24  3185  4677 81 
 303.27  3190  4748 88.5 
 303.3  3195  4820 74.5 
 303.33  3200  4892 79 
 303.35  3205  4964 102 
 303.38  3210  5036 101 
 303.41  3215  5108 90.5 
 303.44  3220  5180 82.5 
 303.47  3225  5253 63.5 
 303.5  3230  5325 71 
 303.52  3235  5397 98 
 303.55  3240  5470 116 
 303.58  3245  5543 93.5 
 303.61  3250  5616 65 
 303.87  3255  3766 53.5 
 303.9  3260  3840 75.5 
 303.93  3265  3914 104 
 303.96  3270  3988 97 
 303.98  3275  4063 75 
 304.01  3280  4137 63.5 
 304.04  3285  4212 77.5 
 304.07  3290  4287 130 
 304.1  3295  4361 154 
 304.13  3300  4436 145 
 304.15  3305  4511 99.5 
 304.18  3310  4586 98.5 
 304.21  3315  4662 102.5 
 304.24  3320  4737 144 
 304.27  3325  4812 149 
 304.3  3330  4888 139 
 304.33  3335  4964 130.5 
 304.35  3340  5039 111 
 304.38  3345  5115 150.5 
 304.41  3350  5191 156.5 
 304.44  3355  5267 187 
 304.47  3360  5344 115.5 
 304.5  3365  5420 142 
 304.52  3370  5496 108 
 304.56  3375  5573 132 
 304.59  3380  5650 144 
 304.61  3385  5726 170.5 
 304.64  3390  5803 169.5 
 304.67  3395  5880 167 
 304.7  3400  5957 183.5 
 304.73  3405  6035 162 
 304.76  3410  6112 159.5 
 304.79  3415  6189 156.5 
 304.82  3420  6267 183 
 304.84  3425  6345 174 
 304.87  3430  6422 201 
 304.9  3435  6500 169.5 
 304.93  3440  6578 121 
 304.96  3445  6657 129 
 304.99  3450  6735 187.5 
 305.01  3455  6813 183 
 305.04  3460  6892 146 
 305.07  3465  6971 166 
 305.1  3470  7049 173.5 
 305.13  3475  7128 138 
 305.16  3480  7207 165.5 
 305.19  3485  7286 155.5 
 305.22  3490  7366 164.5 
 305.26  3495  7445 149.5 
 305.29  3500  7525 191.5 
 305.31  3505  7604 189 
 305.35  3510  7684 179 
 305.38  3515  7764 169 
 305.41  3520  7844 170 
 305.44  3525  7924 137.5 
 305.47  3530  8005 170.5 
 305.5  3535  8085 177.5 
 305.53  3540  8166 182 
 305.56  3545  8246 187 
 305.59  3550  8327 184.5 
 305.62  3555  8408 156 
 305.65  3560  8489 176.5 
 305.68  3565  8570 142.5 
 305.71  3570  8652 120.5 
 305.74  3575  8733 141 
 305.77  3580  8815 105 
 305.8  3585  8897 89 
 305.83  3590  8979 127.5 
 305.86  3595  9061 155.5 
 305.89  3600  9143 164 
 305.92  3605  9225 134.5 
 305.95  3610  9308 108 
 305.98  3615  9390 145.5 
 306.02  3620  9473 111 
 306.05  3625  9556 161 
 306.08  3630  9639 136 
end
uaIntegration time is 0.2294 seconds per sampledt  3.4E-08 cy 1dh200619Arenosillo 37.1 6.73 3.39pr1000dark 3.35 
 540.02  2900  736 72.75 
 540.07  2905  803 72 
 540.12  2910  870 71.75 
 540.17  2915  937 70.5 
 540.23  2920  1004 79 
 540.28  2925  1071 74.5 
 540.32  2930  1138 75.75 
 540.37  2935  1206 84.75 
 540.42  2940  1273 85.5 
 540.47  2945  1341 87.5 
 540.52  2950  1408 94.5 
 540.58  2955  1476 105.25 
 540.63  2960  1544 122.25 
 540.67  2965  1611 130.75 
 540.72  2970  1679 160.25 
 540.77  2975  1747 249.75 
 540.82  2980  1815 308.75 
 540.87  2985  1883 330.5 
 540.92  2990  1952 543.75 
 540.98  2995  2020 761 
 541.02  3000  2088 804 
 541.07  3005  2157 1047.75 
 541.13  3010  2225 1653.75 
 541.18  3015  2294 2208 
 541.22  3020  2362 2006.25 
 541.27  3025  2431 3641.25 
 541.33  3030  2500 5732.75 
 541.37  3035  2569 6959.25 
 541.42  3040  2638 6680 
 541.47  3045  2707 8896 
 541.52  3050  2776 12049.75 
 541.57  3055  2845 12630.5 
 541.63  3060  2915 12361.25 
 541.68  3065  2984 14610.25 
 541.72  3070  3054 19683.75 
 541.77  3075  3123 23199.25 
 541.83  3080  3193 24487 
 541.87  3085  3263 27159.5 
 541.92  3090  3333 23843 
 541.97  3095  3403 26201.75 
 542.03  3100  3473 26027.25 
 542.07  3105  3543 40842.5 
 542.13  3110  3613 48270.5 
 542.18  3115  3683 46422.25 
 542.23  3120  3754 43579 
 542.27  3125  3824 49962 
 542.32  3130  3895 51403.5 
 542.37  3135  3965 50993 
 542.43  3140  4036 57777.25 
 542.48  3145  4107 48868.25 
 542.52  3150  4178 60340.25 
 542.57  3155  4249 50775.5 
 542.62  3160  4320 41971 
 542.68  3165  4391 55377.25 
 542.72  3170  4462 65014.5 
 542.77  3175  4534 64450.75 
 542.83  3180  4605 47039.25 
 542.88  3185  4677 54018.75 
 542.92  3190  4748 56966.5 
 542.97  3195  4820 48014.25 
 543.02  3200  4892 54175.5 
 543.07  3205  4964 59240.5 
 543.12  3210  5036 46590.25 
 543.18  3215  5108 42745.5 
 543.23  3220  5180 44567.5 
 543.28  3225  5253 35095.75 
 543.33  3230  5325 31914.5 
 543.38  3235  5397 33799.25 
 543.43  3240  5470 35825 
 543.47  3245  5543 33460.5 
 543.53  3250  5616 28094 
 543.81  3255  3766 20591.25 
 543.84  3260  3840 23794.5 
 543.89  3265  3914 23340 
 543.94  3270  3988 23433.75 
 543.99  3275  4063 22541.25 
 544.04  3280  4137 20953.5 
 544.09  3285  4212 20886.25 
 544.14  3290  4287 24509.5 
 544.19  3295  4361 27098.5 
 544.24  3300  4436 27396.5 
 544.29  3305  4511 22590.75 
 544.34  3310  4586 23059.75 
 544.39  3315  4662 22975.75 
 544.44  3320  4737 23879.75 
 544.49  3325  4812 23539.25 
 544.54  3330  4888 23394.25 
 544.59  3335  4964 21451.25 
 544.64  3340  5039 22289.75 
 544.69  3345  5115 24586.25 
 544.74  3350  5191 22992.5 
 544.79  3355  5267 25718 
 544.84  3360  5344 17454.75 
 544.89  3365  5420 21638 
 544.94  3370  5496 17457.25 
 544.99  3375  5573 22194.5 
 545.04  3380  5650 20576 
 545.09  3385  5726 23246.75 
 545.14  3390  5803 22593.5 
 545.19  3395  5880 22001.75 
 545.24  3400  5957 26125.75 
 545.29  3405  6035 23053.5 
 545.34  3410  6112 22203.25 
 545.39  3415  6189 20407.75 
 545.44  3420  6267 24003 
 545.49  3425  6345 22332.5 
 545.54  3430  6422 24186.75 
 545.59  3435  6500 22529.25 
 545.64  3440  6578 16314.75 
 545.69  3445  6657 16842.75 
 545.74  3450  6735 21868.75 
 545.79  3455  6813 21963.75 
 545.84  3460  6892 18522.5 
 545.89  3465  6971 20842 
 545.94  3470  7049 22079.75 
 545.99  3475  7128 17440.5 
 546.04  3480  7207 20136.75 
 546.09  3485  7286 19830.25 
 546.14  3490  7366 17858.5 
 546.19  3495  7445 17822.25 
 546.24  3500  7525 21680.25 
 546.29  3505  7604 22553 
 546.34  3510  7684 20054.5 
 546.39  3515  7764 19030.5 
 546.44  3520  7844 20380.75 
 546.49  3525  7924 15574.75 
 546.54  3530  8005 19588 
 546.59  3535  8085 20664.5 
 546.64  3540  8166 21158.5 
 546.69  3545  8246 21230.25 
 546.74  3550  8327 20992.75 
 546.79  3555  8408 18585.75 
 546.84  3560  8489 19173.75 
 546.89  3565  8570 16131.25 
 546.94  3570  8652 13278 
 546.99  3575  8733 16105.5 
 547.04  3580  8815 12331.5 
 547.09  3585  8897 10538.75 
 547.14  3590  8979 14831.75 
 547.19  3595  9061 18085.25 
 547.24  3600  9143 18725.75 
 547.29  3605  9225 14568.25 
 547.34  3610  9308 13200.5 
 547.39  3615  9390 14983.5 
 547.44  3620  9473 12516.25 
 547.49  3625  9556 17085 
 547.54  3630  9639 14436.75 
end
uaIntegration time is 0.2294 seconds per sampledt  3.4E-08 cy 1dh200619Arenosillo 37.1 6.73 3.49pr1000dark 5.25 
 600.02  2900  736 102 
 600.08  2905  803 104.5 
 600.13  2910  870 105.25 
 600.17  2915  937 105.5 
 600.23  2920  1004 110.25 
 600.28  2925  1071 115.5 
 600.32  2930  1138 122 
 600.38  2935  1206 122.25 
 600.42  2940  1273 142 
 600.47  2945  1341 138.25 
 600.52  2950  1408 159 
 600.57  2955  1476 214.75 
 600.63  2960  1544 281.25 
 600.68  2965  1611 306.25 
 600.73  2970  1679 365.75 
 600.78  2975  1747 674.25 
 600.82  2980  1815 797.5 
 600.87  2985  1883 810.25 
 600.93  2990  1952 1427.5 
 600.97  2995  2020 1900.5 
 601.03  3000  2088 1891.75 
 601.08  3005  2157 2518.75 
 601.13  3010  2225 3762 
 601.18  3015  2294 4962.75 
 601.23  3020  2362 4304.25 
 601.28  3025  2431 7608.75 
 601.33  3030  2500 11655.75 
 601.38  3035  2569 13719 
 601.43  3040  2638 12872.25 
 601.47  3045  2707 16892.25 
 601.52  3050  2776 21933.75 
 601.57  3055  2845 22574.5 
 601.62  3060  2915 21674.75 
 601.68  3065  2984 25320 
 601.73  3070  3054 33146.25 
 601.78  3075  3123 38075.5 
 601.83  3080  3193 39862.25 
 601.88  3085  3263 43735.75 
 601.93  3090  3333 37808.25 
 601.98  3095  3403 40686 
 602.02  3100  3473 40118 
 602.08  3105  3543 62118.5 
 602.12  3110  3613 72745 
 602.18  3115  3683 69249.5 
 602.23  3120  3754 64206 
 602.28  3125  3824 72457.25 
 602.33  3130  3895 74019.25 
 602.38  3135  3965 73562.75 
 602.43  3140  4036 82544.25 
 602.48  3145  4107 68705.25 
 602.53  3150  4178 84643.25 
 602.58  3155  4249 71354.75 
 602.63  3160  4320 58385.75 
 602.67  3165  4391 76404 
 602.73  3170  4462 89448 
 602.78  3175  4534 88901.5 
 602.83  3180  4605 64550 
 602.88  3185  4677 73323 
 602.93  3190  4748 77040.5 
 602.98  3195  4820 65243.75 
 603.03  3200  4892 73776.25 
 603.07  3205  4964 79408 
 603.12  3210  5036 62392 
 603.17  3215  5108 56791.5 
 603.23  3220  5180 59765.5 
 603.28  3225  5253 47256 
 603.33  3230  5325 42517.25 
 603.38  3235  5397 44636 
 603.43  3240  5470 47075 
 603.48  3245  5543 44451.75 
 603.53  3250  5616 37372.75 
 603.81  3255  3766 27241.25 
 603.84  3260  3840 31232.25 
 603.89  3265  3914 30521 
 603.94  3270  3988 30637.75 
 603.99  3275  4063 29619.75 
 604.04  3280  4137 27573.25 
 604.09  3285  4212 27362 
 604.14  3290  4287 31820.75 
 604.19  3295  4361 35256.25 
 604.24  3300  4436 35745.25 
 604.29  3305  4511 29489 
 604.34  3310  4586 30134.5 
 604.39  3315  4662 29907 
 604.44  3320  4737 30943.25 
 604.49  3325  4812 30420.75 
 604.54  3330  4888 30308.75 
 604.59  3335  4964 27661.75 
 604.64  3340  5039 28799.5 
 604.69  3345  5115 31760 
 604.74  3350  5191 29701.5 
 604.79  3355  5267 33046.5 
 604.84  3360  5344 22452 
 604.89  3365  5420 27870.5 
 604.94  3370  5496 22545.5 
 604.99  3375  5573 28665.25 
 605.04  3380  5650 26369.5 
 605.09  3385  5726 29828.25 
 605.14  3390  5803 28999.75 
 605.19  3395  5880 28301.75 
 605.24  3400  5957 33481 
 605.29  3405  6035 29495.25 
 605.34  3410  6112 28384 
 605.39  3415  6189 26032.75 
 605.44  3420  6267 30783.5 
 605.49  3425  6345 28455 
 605.54  3430  6422 30883.25 
 605.59  3435  6500 28671.25 
 605.64  3440  6578 20934.75 
 605.69  3445  6657 21491 
 605.74  3450  6735 27830.5 
 605.79  3455  6813 27974.25 
 605.84  3460  6892 23548.5 
 605.89  3465  6971 26503.75 
 605.94  3470  7049 28188.25 
 605.99  3475  7128 22247.25 
 606.04  3480  7207 25631.5 
 606.09  3485  7286 25203.5 
 606.14  3490  7366 22758 
 606.19  3495  7445 22739.75 
 606.24  3500  7525 27714.5 
 606.29  3505  7604 28806.75 
 606.34  3510  7684 25468.25 
 606.39  3515  7764 24284.25 
 606.44  3520  7844 25927 
 606.49  3525  7924 19800 
 606.54  3530  8005 24884 
 606.59  3535  8085 26204.5 
 606.64  3540  8166 26803.5 
 606.69  3545  8246 26985.25 
 606.74  3550  8327 26656 
 606.79  3555  8408 23527.25 
 606.84  3560  8489 24409 
 606.89  3565  8570 20550.5 
 606.94  3570  8652 16931.25 
 606.99  3575  8733 20564.25 
 607.04  3580  8815 15608.25 
 607.09  3585  8897 13401.25 
 607.14  3590  8979 18828.75 
 607.19  3595  9061 23027.25 
 607.24  3600  9143 23792 
 607.29  3605  9225 18407.5 
 607.34  3610  9308 16691.75 
 607.39  3615  9390 19110 
 607.44  3620  9473 15813 
 607.49  3625  9556 21647.5 
 607.54  3630  9639 18443.75 
end
uaIntegration time is 0.2294 seconds per sampledt  3.4E-08 cy 1dh200619Arenosillo 37.1 6.73 3.62pr1000dark 8.75 
 720.02  2900  736 140 
 720.07  2905  803 146.25 
 720.13  2910  870 145.75 
 720.17  2915  937 156.25 
 720.22  2920  1004 160.5 
 720.27  2925  1071 164.75 
 720.32  2930  1138 178.25 
 720.37  2935  1206 199.75 
 720.42  2940  1273 217.25 
 720.47  2945  1341 263 
 720.52  2950  1408 329.5 
 720.58  2955  1476 479 
 720.62  2960  1544 666.25 
 720.67  2965  1611 709 
 720.72  2970  1679 860.5 
 720.78  2975  1747 1612.5 
 720.82  2980  1815 1927.75 
 720.87  2985  1883 1816 
 720.92  2990  1952 3198.75 
 720.97  2995  2020 4129.25 
 721.02  3000  2088 4003.5 
 721.08  3005  2157 5095 
 721.13  3010  2225 7491 
 721.18  3015  2294 9533 
 721.22  3020  2362 8033.75 
 721.27  3025  2431 13864.75 
 721.32  3030  2500 20605.5 
 721.37  3035  2569 23743.5 
 721.43  3040  2638 22137 
 721.47  3045  2707 28126 
 721.52  3050  2776 35586 
 721.57  3055  2845 35778 
 721.62  3060  2915 34042.25 
 721.67  3065  2984 39295.75 
 721.72  3070  3054 50124 
 721.78  3075  3123 56573.75 
 721.83  3080  3193 58596.75 
 721.87  3085  3263 63914.25 
 721.93  3090  3333 54801.25 
 721.98  3095  3403 57581.75 
 722.02  3100  3473 56181.5 
 722.07  3105  3543 86030.25 
 722.13  3110  3613 99886.5 
 722.17  3115  3683 94804.5 
 722.22  3120  3754 86400 
 722.28  3125  3824 96678 
 722.33  3130  3895 98299.5 
 722.38  3135  3965 97942.25 
 722.42  3140  4036 108722.8 
 722.47  3145  4107 89470 
 722.52  3150  4178 109491.8 
 722.57  3155  4249 92673 
 722.62  3160  4320 75272 
 722.67  3165  4391 97655 
 722.72  3170  4462 113968 
 722.77  3175  4534 113243 
 722.83  3180  4605 82115.5 
 722.88  3185  4677 92303.25 
 722.92  3190  4748 96717.75 
 722.98  3195  4820 82221 
 723.03  3200  4892 93192.25 
 723.07  3205  4964 99531.75 
 723.12  3210  5036 77465.25 
 723.18  3215  5108 70616 
 723.23  3220  5180 74863.75 
 723.28  3225  5253 59198.25 
 723.33  3230  5325 52964.25 
 723.38  3235  5397 55157.75 
 723.43  3240  5470 58062.25 
 723.47  3245  5543 54768 
 723.52  3250  5616 46495.25 
 723.8  3255  3766 33564.5 
 723.84  3260  3840 38423.75 
 723.89  3265  3914 37341.25 
 723.94  3270  3988 37502.25 
 723.99  3275  4063 36318.5 
 724.04  3280  4137 34074.75 
 724.09  3285  4212 33463 
 724.14  3290  4287 38860.5 
 724.19  3295  4361 43042.5 
 724.24  3300  4436 43716.75 
 724.29  3305  4511 35818 
 724.34  3310  4586 36920.75 
 724.39  3315  4662 36477.5 
 724.44  3320  4737 37598.75 
 724.49  3325  4812 37011.5 
 724.54  3330  4888 36750 
 724.59  3335  4964 33803.25 
 724.64  3340  5039 35035 
 724.69  3345  5115 38594.25 
 724.74  3350  5191 36079.5 
 724.79  3355  5267 40213.25 
 724.84  3360  5344 27207 
 724.89  3365  5420 33809.75 
 724.94  3370  5496 27289.25 
 724.99  3375  5573 34780.75 
 725.04  3380  5650 31885.5 
 725.09  3385  5726 36109.5 
 725.14  3390  5803 35019.25 
 725.19  3395  5880 34220.25 
 725.24  3400  5957 40624.5 
 725.29  3405  6035 35649.75 
 725.34  3410  6112 34224.5 
 725.39  3415  6189 31467.75 
 725.44  3420  6267 37178 
 725.49  3425  6345 34342 
 725.54  3430  6422 37180 
 725.59  3435  6500 34667 
 725.64  3440  6578 25140.75 
 725.69  3445  6657 25734.5 
 725.74  3450  6735 33598.5 
 725.79  3455  6813 33728.5 
 725.84  3460  6892 28423.5 
 725.89  3465  6971 31932.25 
 725.94  3470  7049 33820.75 
 725.99  3475  7128 26701 
 726.04  3480  7207 30740 
 726.09  3485  7286 30353 
 726.14  3490  7366 27375.5 
 726.19  3495  7445 27273 
 726.24  3500  7525 33241.5 
 726.29  3505  7604 34521.25 
 726.34  3510  7684 30610.25 
 726.39  3515  7764 29117 
 726.44  3520  7844 31084.75 
 726.49  3525  7924 23707.25 
 726.54  3530  8005 29814.5 
 726.59  3535  8085 31439.25 
 726.64  3540  8166 32220.75 
 726.69  3545  8246 32359.25 
 726.74  3550  8327 32002 
 726.79  3555  8408 28248.25 
 726.84  3560  8489 29273.75 
 726.89  3565  8570 24640.25 
 726.94  3570  8652 20321.5 
 726.99  3575  8733 24550.25 
 727.04  3580  8815 18749.5 
 727.09  3585  8897 15969.75 
 727.14  3590  8979 22539.25 
 727.19  3595  9061 27453.75 
 727.24  3600  9143 28512.5 
 727.29  3605  9225 22090.5 
 727.34  3610  9308 20012.25 
 727.39  3615  9390 22812 
 727.44  3620  9473 18830 
 727.49  3625  9556 25936.25 
 727.54  3630  9639 21983.25 
end
uaIntegration time is 0.2294 seconds per sampledt  3.4E-08 cy 1dh200619Arenosillo 37.1 6.73 3.64pr1000dark 10.7 
 780.02  2900  736 146.5 
 780.07  2905  803 145.25 
 780.13  2910  870 151.75 
 780.17  2915  937 154.5 
 780.22  2920  1004 160.5 
 780.27  2925  1071 164.75 
 780.32  2930  1138 177 
 780.37  2935  1206 200.5 
 780.42  2940  1273 229.25 
 780.47  2945  1341 257.5 
 780.52  2950  1408 324.25 
 780.57  2955  1476 451 
 780.63  2960  1544 656.75 
 780.68  2965  1611 714.75 
 780.73  2970  1679 847.5 
 780.78  2975  1747 1578.25 
 780.82  2980  1815 1877.75 
 780.87  2985  1883 1781 
 780.92  2990  1952 3184 
 780.97  2995  2020 4035.75 
 781.03  3000  2088 3956.75 
 781.08  3005  2157 5015 
 781.13  3010  2225 7376.25 
 781.18  3015  2294 9424.5 
 781.22  3020  2362 7911.75 
 781.28  3025  2431 13612.5 
 781.33  3030  2500 20293.5 
 781.37  3035  2569 23425 
 781.43  3040  2638 21794 
 781.47  3045  2707 27741.25 
 781.53  3050  2776 35174 
 781.58  3055  2845 35539.75 
 781.62  3060  2915 33679.75 
 781.68  3065  2984 38863 
 781.73  3070  3054 49637.75 
 781.78  3075  3123 56063 
 781.83  3080  3193 58064.25 
 781.87  3085  3263 63322.75 
 781.92  3090  3333 54363 
 781.97  3095  3403 57085.25 
 782.02  3100  3473 55624.25 
 782.08  3105  3543 85158.75 
 782.13  3110  3613 98980 
 782.18  3115  3683 94002.5 
 782.23  3120  3754 85795 
 782.27  3125  3824 95890.75 
 782.33  3130  3895 97571.75 
 782.37  3135  3965 97089.75 
 782.42  3140  4036 107673.5 
 782.48  3145  4107 88420.25 
 782.52  3150  4178 108476 
 782.58  3155  4249 91831.5 
 782.62  3160  4320 74692 
 782.67  3165  4391 96569.5 
 782.73  3170  4462 112900.5 
 782.78  3175  4534 112076.3 
 782.83  3180  4605 81411.75 
 782.88  3185  4677 91369.75 
 782.92  3190  4748 95616.75 
 782.97  3195  4820 81417.25 
 783.03  3200  4892 92261.25 
 783.07  3205  4964 98360.75 
 783.13  3210  5036 76644.25 
 783.18  3215  5108 69742.75 
 783.23  3220  5180 74086.5 
 783.28  3225  5253 58553.5 
 783.33  3230  5325 52456.25 
 783.38  3235  5397 54518.5 
 783.43  3240  5470 57518.5 
 783.47  3245  5543 54244 
 783.53  3250  5616 45924.75 
 783.81  3255  3766 33250.25 
 783.85  3260  3840 38030.75 
 783.89  3265  3914 37013.25 
 783.94  3270  3988 37097.25 
 783.99  3275  4063 35900.75 
 784.04  3280  4137 33634.25 
 784.09  3285  4212 33150.75 
 784.14  3290  4287 38567.75 
 784.19  3295  4361 42440 
 784.24  3300  4436 43156.75 
 784.29  3305  4511 35522.75 
 784.34  3310  4586 36532.25 
 784.39  3315  4662 36218 
 784.44  3320  4737 37227.75 
 784.49  3325  4812 36652.75 
 784.54  3330  4888 36396.25 
 784.59  3335  4964 33369.75 
 784.64  3340  5039 34695.75 
 784.69  3345  5115 38224.25 
 784.74  3350  5191 35620.25 
 784.79  3355  5267 39851.5 
 784.84  3360  5344 26933.5 
 784.89  3365  5420 33485 
 784.94  3370  5496 26910.75 
 784.99  3375  5573 34308.5 
 785.04  3380  5650 31656.5 
 785.09  3385  5726 35631.75 
 785.14  3390  5803 34781 
 785.19  3395  5880 33884.5 
 785.24  3400  5957 40097.5 
 785.29  3405  6035 35245.75 
 785.34  3410  6112 33852.75 
 785.39  3415  6189 31139 
 785.44  3420  6267 36836.75 
 785.49  3425  6345 33859.5 
 785.54  3430  6422 36795 
 785.59  3435  6500 34392 
 785.64  3440  6578 24828.75 
 785.69  3445  6657 25738 
 785.74  3450  6735 33260.5 
 785.79  3455  6813 33373.25 
 785.84  3460  6892 28000.75 
 785.89  3465  6971 31488.5 
 785.94  3470  7049 33418.75 
 785.99  3475  7128 26442.5 
 786.04  3480  7207 30413.5 
 786.09  3485  7286 30014.25 
 786.14  3490  7366 27091.5 
 786.19  3495  7445 27002.75 
 786.24  3500  7525 32849.75 
 786.29  3505  7604 34062.25 
 786.34  3510  7684 30298.25 
 786.39  3515  7764 28765.75 
 786.44  3520  7844 30601.75 
 786.49  3525  7924 23475.5 
 786.54  3530  8005 29466.25 
 786.59  3535  8085 30975.75 
 786.64  3540  8166 31772.5 
 786.69  3545  8246 31894.25 
 786.74  3550  8327 31611.5 
 786.79  3555  8408 27926.25 
 786.84  3560  8489 28817 
 786.89  3565  8570 24267 
 786.94  3570  8652 19955.5 
 786.99  3575  8733 24336 
 787.04  3580  8815 18490.25 
 787.09  3585  8897 15825.25 
 787.14  3590  8979 22212.25 
 787.19  3595  9061 27152.5 
 787.24  3600  9143 28211.25 
 787.29  3605  9225 21691 
 787.34  3610  9308 19759 
 787.39  3615  9390 22503 
 787.44  3620  9473 18672 
 787.49  3625  9556 25590.25 
 787.54  3630  9639 21609.75 
end
uaIntegration time is 0.2294 seconds per sampledt  3.4E-08 cy 1dh200619Arenosillo 37.1 6.73 3.68pr1000dark 10.15 
 840.02  2900  736 136 
 840.07  2905  803 135 
 840.12  2910  870 135 
 840.17  2915  937 138.5 
 840.22  2920  1004 139.5 
 840.28  2925  1071 144 
 840.32  2930  1138 148 
 840.37  2935  1206 159.75 
 840.42  2940  1273 177.75 
 840.47  2945  1341 210.75 
 840.53  2950  1408 254 
 840.58  2955  1476 340.5 
 840.63  2960  1544 479.75 
 840.68  2965  1611 527 
 840.72  2970  1679 611.75 
 840.77  2975  1747 1172.5 
 840.82  2980  1815 1394.75 
 840.87  2985  1883 1346.5 
 840.93  2990  1952 2368 
 840.98  2995  2020 3075.75 
 841.03  3000  2088 3038.75 
 841.07  3005  2157 3865.25 
 841.12  3010  2225 5820.5 
 841.18  3015  2294 7468.5 
 841.22  3020  2362 6367 
 841.27  3025  2431 10993 
 841.33  3030  2500 16515.5 
 841.37  3035  2569 19213 
 841.43  3040  2638 17985 
 841.48  3045  2707 23014.75 
 841.52  3050  2776 29450.75 
 841.58  3055  2845 30002 
 841.63  3060  2915 28596.75 
 841.68  3065  2984 32975.75 
 841.73  3070  3054 42575.25 
 841.77  3075  3123 48359.5 
 841.82  3080  3193 50172.5 
 841.87  3085  3263 54921 
 841.92  3090  3333 47315.75 
 841.98  3095  3403 50259 
 842.03  3100  3473 48951.25 
 842.08  3105  3543 74966 
 842.12  3110  3613 87669.75 
 842.17  3115  3683 83330.75 
 842.23  3120  3754 76385.25 
 842.27  3125  3824 85771 
 842.32  3130  3895 87390.25 
 842.38  3135  3965 86972.75 
 842.43  3140  4036 96684.25 
 842.48  3145  4107 79795.5 
 842.52  3150  4178 97998.5 
 842.57  3155  4249 82898.5 
 842.63  3160  4320 67528.75 
 842.68  3165  4391 87940 
 842.73  3170  4462 102894 
 842.78  3175  4534 101969 
 842.82  3180  4605 73963.25 
 842.88  3185  4677 83279.5 
 842.92  3190  4748 87293 
 842.97  3195  4820 73983.25 
 843.03  3200  4892 83695.5 
 843.08  3205  4964 89970.5 
 843.12  3210  5036 70357.25 
 843.18  3215  5108 64006.75 
 843.23  3220  5180 67760.25 
 843.28  3225  5253 53643.75 
 843.32  3230  5325 48135.25 
 843.37  3235  5397 50135.25 
 843.42  3240  5470 52702.25 
 843.47  3245  5543 49628.75 
 843.52  3250  5616 41986.25 
 843.81  3255  3766 30418.25 
 843.84  3260  3840 34822.25 
 843.89  3265  3914 33924.75 
 843.94  3270  3988 34123.25 
 843.99  3275  4063 33010.75 
 844.04  3280  4137 30762.75 
 844.09  3285  4212 30362.75 
 844.14  3290  4287 35358.75 
 844.19  3295  4361 39092.75 
 844.24  3300  4436 39781.25 
 844.29  3305  4511 32631 
 844.34  3310  4586 33522.25 
 844.39  3315  4662 33223.25 
 844.44  3320  4737 34265.75 
 844.49  3325  4812 33703.75 
 844.54  3330  4888 33461.5 
 844.59  3335  4964 30660 
 844.64  3340  5039 31909 
 844.69  3345  5115 35163.75 
 844.74  3350  5191 32836.25 
 844.79  3355  5267 36672 
 844.84  3360  5344 24787.75 
 844.89  3365  5420 30805.5 
 844.94  3370  5496 24806.75 
 844.99  3375  5573 31521.25 
 845.04  3380  5650 29031.25 
 845.09  3385  5726 32832.75 
 845.14  3390  5803 31972.25 
 845.19  3395  5880 31157 
 845.24  3400  5957 36875.5 
 845.29  3405  6035 32423 
 845.34  3410  6112 31142 
 845.39  3415  6189 28565.25 
 845.44  3420  6267 33859.25 
 845.49  3425  6345 31176.5 
 845.54  3430  6422 33822.25 
 845.59  3435  6500 31598 
 845.64  3440  6578 22836.5 
 845.69  3445  6657 23427.25 
 845.74  3450  6735 30542.5 
 845.79  3455  6813 30685.25 
 845.84  3460  6892 25839 
 845.89  3465  6971 29055.75 
 845.94  3470  7049 30741 
 845.99  3475  7128 24426.25 
 846.04  3480  7207 28152.5 
 846.09  3485  7286 27625.5 
 846.14  3490  7366 24941.75 
 846.19  3495  7445 24790.5 
 846.24  3500  7525 30335.75 
 846.29  3505  7604 31357.5 
 846.34  3510  7684 27864 
 846.39  3515  7764 26552.75 
 846.44  3520  7844 28172.25 
 846.49  3525  7924 21624 
 846.54  3530  8005 27168 
 846.59  3535  8085 28664.5 
 846.64  3540  8166 29253 
 846.69  3545  8246 29421.5 
 846.74  3550  8327 29093.25 
 846.79  3555  8408 25689 
 846.84  3560  8489 26554.75 
 846.89  3565  8570 22330.75 
 846.94  3570  8652 18467.25 
 846.99  3575  8733 22393 
 847.04  3580  8815 17027.5 
 847.09  3585  8897 14519.25 
 847.14  3590  8979 20575.5 
 847.19  3595  9061 25013.5 
 847.24  3600  9143 25931 
 847.29  3605  9225 20022 
 847.34  3610  9308 18198 
 847.39  3615  9390 20788.75 
 847.44  3620  9473 17167.5 
 847.49  3625  9556 23663 
 847.54  3630  9639 19976.5 
end
uaIntegration time is 0.2294 seconds per sampledt  3.4E-08 cy 1dh200619Arenosillo 37.1 6.73 3.64pr1000dark 10.5 
 900.02  2900  736 107 
 900.07  2905  803 105.25 
 900.12  2910  870 109.75 
 900.18  2915  937 110 
 900.23  2920  1004 110.75 
 900.27  2925  1071 108.75 
 900.32  2930  1138 115.75 
 900.37  2935  1206 120.5 
 900.42  2940  1273 134.25 
 900.48  2945  1341 144 
 900.53  2950  1408 158.25 
 900.57  2955  1476 198.5 
 900.62  2960  1544 258.75 
 900.67  2965  1611 282.25 
 900.72  2970  1679 332.25 
 900.77  2975  1747 591 
 900.83  2980  1815 727 
 900.88  2985  1883 720.75 
 900.93  2990  1952 1291 
 900.97  2995  2020 1706.5 
 901.02  3000  2088 1708 
 901.07  3005  2157 2239.75 
 901.12  3010  2225 3413.75 
 901.17  3015  2294 4505.5 
 901.23  3020  2362 3913.5 
 901.27  3025  2431 6936.25 
 901.32  3030  2500 10621.25 
 901.37  3035  2569 12578.75 
 901.42  3040  2638 11842.25 
 901.48  3045  2707 15397.25 
 901.53  3050  2776 20248.75 
 901.58  3055  2845 20853.75 
 901.62  3060  2915 20079.5 
 901.67  3065  2984 23482.75 
 901.72  3070  3054 30979.5 
 901.77  3075  3123 35449.75 
 901.82  3080  3193 37177.25 
 901.88  3085  3263 40902.25 
 901.93  3090  3333 35357.75 
 901.98  3095  3403 38117.5 
 902.03  3100  3473 37588 
 902.08  3105  3543 58211.5 
 902.12  3110  3613 68315 
 902.17  3115  3683 65143.25 
 902.22  3120  3754 60371.5 
 902.28  3125  3824 68085 
 902.32  3130  3895 69861.5 
 902.37  3135  3965 69305 
 902.43  3140  4036 77814.5 
 902.47  3145  4107 64833 
 902.53  3150  4178 80110.75 
 902.58  3155  4249 67400.75 
 902.62  3160  4320 55218.25 
 902.68  3165  4391 72331.75 
 902.73  3170  4462 84832.5 
 902.77  3175  4534 83920.25 
 902.82  3180  4605 61238.5 
 902.87  3185  4677 69471.75 
 902.92  3190  4748 73045.5 
 902.97  3195  4820 61764 
 903.02  3200  4892 70037.75 
 903.08  3205  4964 75307 
 903.13  3210  5036 59200 
 903.17  3215  5108 53756 
 903.22  3220  5180 56521.5 
 903.28  3225  5253 44663.25 
 903.32  3230  5325 40303 
 903.37  3235  5397 42322.75 
 903.42  3240  5470 44727.25 
 903.48  3245  5543 42065.5 
 903.53  3250  5616 35351.25 
 903.81  3255  3766 25675.5 
 903.85  3260  3840 29514.25 
 903.89  3265  3914 28776.25 
 903.94  3270  3988 28907.25 
 903.99  3275  4063 27863.75 
 904.04  3280  4137 26037.5 
 904.09  3285  4212 25766.75 
 904.14  3290  4287 30009.75 
 904.19  3295  4361 33351.75 
 904.24  3300  4436 33664.25 
 904.29  3305  4511 27745.5 
 904.34  3310  4586 28468 
 904.39  3315  4662 28279.5 
 904.44  3320  4737 29261 
 904.49  3325  4812 28735.75 
 904.54  3330  4888 28625.25 
 904.59  3335  4964 26144.25 
 904.64  3340  5039 27135.25 
 904.69  3345  5115 29927.75 
 904.74  3350  5191 28086.5 
 904.79  3355  5267 31364.25 
 904.84  3360  5344 21271 
 904.89  3365  5420 26254 
 904.94  3370  5496 21181.25 
 904.99  3375  5573 27024.75 
 905.04  3380  5650 24862.75 
 905.09  3385  5726 28068 
 905.14  3390  5803 27388 
 905.19  3395  5880 26666.25 
 905.24  3400  5957 31591 
 905.29  3405  6035 27808.75 
 905.34  3410  6112 26742.5 
 905.39  3415  6189 24596 
 905.44  3420  6267 28916.75 
 905.49  3425  6345 26699.25 
 905.54  3430  6422 28968.25 
 905.59  3435  6500 26987 
 905.64  3440  6578 19567.5 
 905.69  3445  6657 20152.25 
 905.74  3450  6735 26136.5 
 905.79  3455  6813 26312.75 
 905.84  3460  6892 22203.25 
 905.89  3465  6971 24849 
 905.94  3470  7049 26290.75 
 905.99  3475  7128 20822.5 
 906.04  3480  7207 23998.25 
 906.09  3485  7286 23617.25 
 906.14  3490  7366 21341.75 
 906.19  3495  7445 21297 
 906.24  3500  7525 26058.5 
 906.29  3505  7604 26922.25 
 906.34  3510  7684 23946.75 
 906.39  3515  7764 22780.25 
 906.44  3520  7844 24211.25 
 906.49  3525  7924 18518 
 906.54  3530  8005 23262.25 
 906.59  3535  8085 24466.25 
 906.64  3540  8166 25145.75 
 906.69  3545  8246 25262.5 
 906.74  3550  8327 24955.75 
 906.79  3555  8408 22002.75 
 906.84  3560  8489 22728.75 
 906.89  3565  8570 19164.5 
 906.94  3570  8652 15761.25 
 906.99  3575  8733 19096.25 
 907.04  3580  8815 14583.75 
 907.09  3585  8897 12422.75 
 907.14  3590  8979 17467.25 
 907.19  3595  9061 21358.5 
 907.24  3600  9143 22216 
 907.29  3605  9225 17152.75 
 907.34  3610  9308 15583.25 
 907.39  3615  9390 17770.75 
 907.44  3620  9473 14744 
 907.49  3625  9556 20216 
 907.54  3630  9639 17083.75 
end
uaIntegration time is 0.2294 seconds per sampledt  3.4E-08 cy 1dh200619Arenosillo 37.1 6.73 3.62pr1000dark 8.2 
 960.02  2900  736 76.25 
 960.07  2905  803 73.75 
 960.12  2910  870 78.25 
 960.17  2915  937 76.75 
 960.23  2920  1004 77.75 
 960.28  2925  1071 76 
 960.32  2930  1138 76.5 
 960.37  2935  1206 77.25 
 960.42  2940  1273 84.5 
 960.48  2945  1341 87 
 960.53  2950  1408 92.5 
 960.58  2955  1476 102.75 
 960.63  2960  1544 115 
 960.68  2965  1611 125.25 
 960.72  2970  1679 137.75 
 960.77  2975  1747 213.5 
 960.82  2980  1815 263.25 
 960.88  2985  1883 265.5 
 960.93  2990  1952 449.25 
 960.98  2995  2020 624.25 
 961.03  3000  2088 654.25 
 961.07  3005  2157 872 
 961.12  3010  2225 1365.75 
 961.18  3015  2294 1869.5 
 961.22  3020  2362 1698 
 961.28  3025  2431 3078.25 
 961.32  3030  2500 4857.5 
 961.37  3035  2569 5935.75 
 961.42  3040  2638 5706.25 
 961.47  3045  2707 7675.5 
 961.53  3050  2776 10506 
 961.58  3055  2845 11080.25 
 961.63  3060  2915 10809.25 
 961.68  3065  2984 12889.25 
 961.73  3070  3054 17486 
 961.78  3075  3123 20660.25 
 961.83  3080  3193 21827.75 
 961.87  3085  3263 24314.5 
 961.93  3090  3333 21309.25 
 961.97  3095  3403 23643.75 
 962.02  3100  3473 23533 
 962.08  3105  3543 36780 
 962.13  3110  3613 43654.5 
 962.18  3115  3683 41844.5 
 962.23  3120  3754 39477.5 
 962.27  3125  3824 45541 
 962.32  3130  3895 46908.25 
 962.37  3135  3965 46910 
 962.42  3140  4036 53200.5 
 962.48  3145  4107 45021.5 
 962.52  3150  4178 55923.75 
 962.58  3155  4249 46700.25 
 962.63  3160  4320 38807 
 962.68  3165  4391 51657.25 
 962.73  3170  4462 60724.5 
 962.78  3175  4534 59924.25 
 962.83  3180  4605 43908.75 
 962.88  3185  4677 50705.25 
 962.92  3190  4748 53596.75 
 962.98  3195  4820 44881.25 
 963.02  3200  4892 50677.5 
 963.07  3205  4964 55514.5 
 963.13  3210  5036 44092.25 
 963.18  3215  5108 40047.5 
 963.23  3220  5180 41757.25 
 963.28  3225  5253 32320.75 
 963.32  3230  5325 29965.75 
 963.37  3235  5397 31773.5 
 963.43  3240  5470 33585.5 
 963.47  3245  5543 31534 
 963.53  3250  5616 26386.25 
 963.81  3255  3766 19158.25 
 963.84  3260  3840 22190.5 
 963.89  3265  3914 21809 
 963.94  3270  3988 21831.75 
 963.99  3275  4063 21011.5 
 964.04  3280  4137 19572.75 
 964.09  3285  4212 19506.25 
 964.14  3290  4287 22785.25 
 964.19  3295  4361 25185 
 964.24  3300  4436 25630.25 
 964.29  3305  4511 21000 
 964.34  3310  4586 21550.25 
 964.39  3315  4662 21433.5 
 964.44  3320  4737 22308.75 
 964.49  3325  4812 22014 
 964.54  3330  4888 21870.25 
 964.59  3335  4964 19969 
 964.64  3340  5039 20618 
 964.69  3345  5115 22876.5 
 964.74  3350  5191 21552 
 964.79  3355  5267 23955 
 964.84  3360  5344 16189.75 
 964.89  3365  5420 20025.5 
 964.94  3370  5496 16212.25 
 964.99  3375  5573 20558.5 
 965.04  3380  5650 19071.75 
 965.09  3385  5726 21547.25 
 965.14  3390  5803 20967.75 
 965.19  3395  5880 20500.25 
 965.24  3400  5957 24181 
 965.29  3405  6035 21278.25 
 965.34  3410  6112 20479.75 
 965.39  3415  6189 18861 
 965.44  3420  6267 22173 
 965.49  3425  6345 20593.25 
 965.54  3430  6422 22310.75 
 965.59  3435  6500 20822.5 
 965.64  3440  6578 15045.25 
 965.69  3445  6657 15465.75 
 965.74  3450  6735 20092.5 
 965.79  3455  6813 20230.5 
 965.84  3460  6892 17030.5 
 965.89  3465  6971 19140.5 
 965.94  3470  7049 20219 
 965.99  3475  7128 16013.75 
 966.04  3480  7207 18521 
 966.09  3485  7286 18197.25 
 966.14  3490  7366 16431.75 
 966.19  3495  7445 16429.75 
 966.24  3500  7525 19972.5 
 966.29  3505  7604 20703.75 
 966.34  3510  7684 18434 
 966.39  3515  7764 17512.5 
 966.44  3520  7844 18697.25 
 966.49  3525  7924 14274.5 
 966.54  3530  8005 17979 
 966.59  3535  8085 18840 
 966.64  3540  8166 19359.25 
 966.69  3545  8246 19443.75 
 966.74  3550  8327 19213 
 966.79  3555  8408 16977 
 966.84  3560  8489 17577.25 
 966.89  3565  8570 14693.25 
 966.94  3570  8652 12209 
 966.99  3575  8733 14702 
 967.04  3580  8815 11221.5 
 967.09  3585  8897 9583 
 967.14  3590  8979 13584.75 
 967.19  3595  9061 16459 
 967.24  3600  9143 17066 
 967.29  3605  9225 13229 
 967.34  3610  9308 11986.25 
 967.39  3615  9390 13656.5 
 967.44  3620  9473 11348.5 
 967.49  3625  9556 15590.75 
 967.54  3630  9639 13264.5 
end
uaIntegration time is 0.2294 seconds per sampledt  3.4E-08 cy 1dh200619Arenosillo 37.1 6.73 3.58pr1000dark 8.05 
 1020.02  2900  736 45 
 1020.07  2905  803 43.75 
 1020.12  2910  870 46.25 
 1020.17  2915  937 45.25 
 1020.22  2920  1004 48.25 
 1020.27  2925  1071 46.25 
 1020.32  2930  1138 47.25 
 1020.38  2935  1206 46.5 
 1020.43  2940  1273 45.75 
 1020.48  2945  1341 54.5 
 1020.53  2950  1408 50.5 
 1020.57  2955  1476 51 
 1020.62  2960  1544 52.75 
 1020.67  2965  1611 54.25 
 1020.72  2970  1679 56 
 1020.78  2975  1747 64.75 
 1020.83  2980  1815 73 
 1020.87  2985  1883 74.75 
 1020.93  2990  1952 107 
 1020.98  2995  2020 136.75 
 1021.03  3000  2088 151.25 
 1021.07  3005  2157 195.75 
 1021.12  3010  2225 315 
 1021.17  3015  2294 440.25 
 1021.22  3020  2362 424 
 1021.27  3025  2431 806 
 1021.33  3030  2500 1316 
 1021.37  3035  2569 1670 
 1021.43  3040  2638 1667.75 
 1021.48  3045  2707 2357.25 
 1021.53  3050  2776 3449.25 
 1021.58  3055  2845 3780 
 1021.63  3060  2915 3784.25 
 1021.67  3065  2984 4645.75 
 1021.73  3070  3054 6708.75 
 1021.77  3075  3123 8268 
 1021.83  3080  3193 8874.75 
 1021.87  3085  3263 10133.5 
 1021.92  3090  3333 9047.5 
 1021.98  3095  3403 10728.25 
 1022.03  3100  3473 10981.5 
 1022.08  3105  3543 17387.5 
 1022.12  3110  3613 21017.75 
 1022.17  3115  3683 20458.75 
 1022.22  3120  3754 20055.25 
 1022.27  3125  3824 23575 
 1022.32  3130  3895 24649.75 
 1022.38  3135  3965 24414.25 
 1022.43  3140  4036 28388.25 
 1022.47  3145  4107 24837.5 
 1022.53  3150  4178 31126.5 
 1022.58  3155  4249 25791 
 1022.63  3160  4320 21921.75 
 1022.68  3165  4391 29785.5 
 1022.73  3170  4462 35083.75 
 1022.78  3175  4534 34438.5 
 1022.82  3180  4605 25651 
 1022.87  3185  4677 30513.25 
 1022.92  3190  4748 32514.25 
 1022.97  3195  4820 26858 
 1023.03  3200  4892 30187.75 
 1023.08  3205  4964 33905.75 
 1023.13  3210  5036 27334 
 1023.17  3215  5108 24951.25 
 1023.22  3220  5180 25480.5 
 1023.28  3225  5253 20083.25 
 1023.32  3230  5325 18596.5 
 1023.37  3235  5397 20239.75 
 1023.43  3240  5470 21383 
 1023.48  3245  5543 19889.75 
 1023.53  3250  5616 16365.5 
 1023.81  3255  3766 11977.25 
 1023.84  3260  3840 14187.25 
 1023.89  3265  3914 14094.25 
 1023.94  3270  3988 14031 
 1023.99  3275  4063 13445.25 
 1024.04  3280  4137 12306.25 
 1024.09  3285  4212 12543.25 
 1024.14  3290  4287 14867 
 1024.19  3295  4361 16561.75 
 1024.24  3300  4436 16737 
 1024.29  3305  4511 13561.5 
 1024.34  3310  4586 13853.75 
 1024.39  3315  4662 13930 
 1024.44  3320  4737 14603.5 
 1024.49  3325  4812 14462.25 
 1024.54  3330  4888 14277 
 1024.59  3335  4964 12974.5 
 1024.64  3340  5039 13433 
 1024.69  3345  5115 14935.5 
 1024.74  3350  5191 14137.5 
 1024.79  3355  5267 15820.75 
 1024.84  3360  5344 10722.5 
 1024.89  3365  5420 13200 
 1024.94  3370  5496 10615.5 
 1024.99  3375  5573 13434.75 
 1025.04  3380  5650 12546.75 
 1025.09  3385  5726 14204.75 
 1025.14  3390  5803 13867.5 
 1025.19  3395  5880 13558.75 
 1025.24  3400  5957 15841.75 
 1025.29  3405  6035 14026 
 1025.34  3410  6112 13519 
 1025.39  3415  6189 12461.5 
 1025.44  3420  6267 14664 
 1025.49  3425  6345 13638 
 1025.54  3430  6422 14671 
 1025.59  3435  6500 13674.5 
 1025.64  3440  6578 9912.5 
 1025.69  3445  6657 10209 
 1025.74  3450  6735 13294.25 
 1025.79  3455  6813 13351.25 
 1025.84  3460  6892 11241.5 
 1025.89  3465  6971 12658.5 
 1025.94  3470  7049 13443.75 
 1025.99  3475  7128 10635.5 
 1026.04  3480  7207 12271 
 1026.09  3485  7286 12062.5 
 1026.14  3490  7366 10913 
 1026.19  3495  7445 10855.75 
 1026.24  3500  7525 13194.75 
 1026.29  3505  7604 13725 
 1026.34  3510  7684 12203.75 
 1026.39  3515  7764 11585.5 
 1026.44  3520  7844 12303.5 
 1026.49  3525  7924 9484.5 
 1026.54  3530  8005 11842.25 
 1026.59  3535  8085 12459.5 
 1026.64  3540  8166 12835.25 
 1026.69  3545  8246 12916 
 1026.74  3550  8327 12696.25 
 1026.79  3555  8408 11210.25 
 1026.84  3560  8489 11616.75 
 1026.89  3565  8570 9796.75 
 1026.94  3570  8652 8067.75 
 1026.99  3575  8733 9737.25 
 1027.04  3580  8815 7424 
 1027.09  3585  8897 6346.25 
 1027.14  3590  8979 8946.5 
 1027.19  3595  9061 10915 
 1027.24  3600  9143 11256.75 
 1027.29  3605  9225 8704.75 
 1027.34  3610  9308 7884.75 
 1027.39  3615  9390 9023.5 
 1027.44  3620  9473 7514.75 
 1027.49  3625  9556 10312.75 
 1027.54  3630  9639 8757.75 
end
uxIntegration time is 0.2294 seconds per sampledt  3.4E-08 cy 1dh200619Arenosillo 37.1 6.73 3.35pr1000dark 4.5 
 1164.79  2900  736 6.75 
 1164.83  2905  803 4.75 
 1164.86  2910  870 6 
 1164.9  2915  937 5.25 
 1164.94  2920  1004 6.75 
 1164.97  2925  1071 6 
 1165.01  2930  1138 6.5 
 1165.05  2935  1206 6.75 
 1165.09  2940  1273 5.5 
 1165.12  2945  1341 5.5 
 1165.16  2950  1408 6.5 
 1165.2  2955  1476 6.5 
 1165.23  2960  1544 4.75 
 1165.27  2965  1611 5.5 
 1165.31  2970  1679 6.25 
 1165.35  2975  1747 5.75 
 1165.38  2980  1815 4.75 
 1165.42  2985  1883 6.5 
 1165.46  2990  1952 7.5 
 1165.49  2995  2020 7.75 
 1165.52  3000  2088 7 
 1165.55  3005  2157 7.5 
 1165.58  3010  2225 8 
 1165.61  3015  2294 10 
 1165.64  3020  2362 8 
 1165.66  3025  2431 10 
 1165.69  3030  2500 16 
 1165.72  3035  2569 21 
 1165.75  3040  2638 16.5 
 1165.78  3045  2707 20.5 
 1165.81  3050  2776 26 
 1165.83  3055  2845 37.5 
 1165.86  3060  2915 46 
 1165.89  3065  2984 34 
 1165.92  3070  3054 44 
 1165.95  3075  3123 56.5 
 1165.98  3080  3193 61.5 
 1166  3085  3263 69.5 
 1166.03  3090  3333 69 
 1166.06  3095  3403 78 
 1166.09  3100  3473 82.5 
 1166.12  3105  3543 128.5 
 1166.15  3110  3613 155.5 
 1166.18  3115  3683 157.5 
 1166.21  3120  3754 165 
 1166.23  3125  3824 216.5 
 1166.26  3130  3895 220.5 
 1166.29  3135  3965 220.5 
 1166.32  3140  4036 290 
 1166.35  3145  4107 292.5 
 1166.38  3150  4178 374 
 1166.4  3155  4249 295 
 1166.43  3160  4320 301.5 
 1166.46  3165  4391 467.5 
 1166.49  3170  4462 564.5 
 1166.52  3175  4534 537.5 
 1166.55  3180  4605 434.5 
 1166.57  3185  4677 675 
 1166.6  3190  4748 789 
 1166.63  3195  4820 578.5 
 1166.66  3200  4892 617 
 1166.69  3205  4964 875 
 1166.72  3210  5036 896.5 
 1166.74  3215  5108 836.5 
 1166.77  3220  5180 691 
 1166.8  3225  5253 532 
 1166.83  3230  5325 627 
 1166.86  3235  5397 861.5 
 1166.89  3240  5470 960.5 
 1166.92  3245  5543 787 
 1166.95  3250  5616 567 
 1167.21  3255  3766 445.5 
 1167.23  3260  3840 650 
 1167.26  3265  3914 733 
 1167.29  3270  3988 724.5 
 1167.32  3275  4063 634 
 1167.35  3280  4137 509.5 
 1167.38  3285  4212 617 
 1167.4  3290  4287 861 
 1167.43  3295  4361 1003.5 
 1167.46  3300  4436 974.5 
 1167.49  3305  4511 713 
 1167.52  3310  4586 693 
 1167.55  3315  4662 744 
 1167.57  3320  4737 887.5 
 1167.6  3325  4812 936 
 1167.63  3330  4888 908.5 
 1167.66  3335  4964 738 
 1167.69  3340  5039 761 
 1167.72  3345  5115 915.5 
 1167.74  3350  5191 921 
 1167.77  3355  5267 1045 
 1167.8  3360  5344 735 
 1167.83  3365  5420 828.5 
 1167.86  3370  5496 651.5 
 1167.89  3375  5573 801 
 1167.92  3380  5650 798.5 
 1167.95  3385  5726 939.5 
 1167.98  3390  5803 912.5 
 1168  3395  5880 899.5 
 1168.03  3400  5957 1052 
 1168.06  3405  6035 902.5 
 1168.09  3410  6112 908.5 
 1168.12  3415  6189 853 
 1168.15  3420  6267 987 
 1168.18  3425  6345 944.5 
 1168.21  3430  6422 1000.5 
 1168.24  3435  6500 936 
 1168.26  3440  6578 654.5 
 1168.29  3445  6657 670 
 1168.32  3450  6735 923.5 
 1168.35  3455  6813 910 
 1168.38  3460  6892 761 
 1168.41  3465  6971 869.5 
 1168.44  3470  7049 902.5 
 1168.47  3475  7128 727 
 1168.5  3480  7207 837 
 1168.53  3485  7286 817 
 1168.56  3490  7366 751.5 
 1168.59  3495  7445 739 
 1168.62  3500  7525 924.5 
 1168.65  3505  7604 940.5 
 1168.68  3510  7684 840 
 1168.71  3515  7764 775 
 1168.74  3520  7844 836 
 1168.77  3525  7924 645 
 1168.8  3530  8005 800 
 1168.84  3535  8085 833.5 
 1168.87  3540  8166 856 
 1168.9  3545  8246 864.5 
 1168.93  3550  8327 839 
 1168.96  3555  8408 755.5 
 1168.99  3560  8489 789.5 
 1169.02  3565  8570 660.5 
 1169.05  3570  8652 543 
 1169.08  3575  8733 662.5 
 1169.11  3580  8815 503.5 
 1169.14  3585  8897 432 
 1169.17  3590  8979 592 
 1169.2  3595  9061 699.5 
 1169.23  3600  9143 741 
 1169.26  3605  9225 580 
 1169.29  3610  9308 524 
 1169.32  3615  9390 585.5 
 1169.36  3620  9473 491.5 
 1169.39  3625  9556 687.5 
 1169.42  3630  9639 571 
end
