uxIntegration time is 0.2294 seconds per sampledt  3.3E-08 cy 1dh230619El Arenosillo 37.1 6.73 2.911481pr1000dark .4 
 302.1  2900  777 .25 
 302.13  2905  842 .5 
 302.16  2910  907 .5 
 302.19  2915  972 .5 
 302.22  2920  1037 .25 
 302.25  2925  1102 .5 
 302.29  2930  1168 .5 
 302.32  2935  1233 .25 
 302.35  2940  1299 .5 
 302.38  2945  1365 .5 
 302.41  2950  1431 .25 
 302.44  2955  1497 .75 
 302.47  2960  1563 .5 
 302.5  2965  1629 .75 
 302.53  2970  1695 .25 
 302.56  2975  1761 .75 
 302.59  2980  1828 .25 
 302.62  2985  1894 .75 
 302.65  2990  1961 1 
 302.68  2995  2028 .5 
 302.7  3000  2095 0 
 302.72  3005  2162 .5 
 302.75  3010  2229 .5 
 302.77  3015  2296 1 
 302.79  3020  2364 1 
 302.81  3025  2431 1 
 302.84  3030  2499 2.5 
 302.86  3035  2566 1 
 302.88  3040  2634 3 
 302.91  3045  2702 1.5 
 302.93  3050  2770 4 
 302.95  3055  2838 3.5 
 302.97  3060  2906 3 
 303  3065  2975 3.5 
 303.02  3070  3043 6 
 303.04  3075  3112 6.5 
 303.06  3080  3180 7 
 303.09  3085  3249 10 
 303.11  3090  3318 7.5 
 303.13  3095  3387 8.5 
 303.16  3100  3456 9.5 
 303.18  3105  3525 13.5 
 303.2  3110  3594 16 
 303.22  3115  3664 17 
 303.25  3120  3733 18.5 
 303.27  3125  3803 26 
 303.29  3130  3873 26 
 303.31  3135  3943 22.5 
 303.34  3140  4013 25.5 
 303.36  3145  4083 24 
 303.38  3150  4153 33.5 
 303.41  3155  4223 24.5 
 303.43  3160  4294 24.5 
 303.45  3165  4364 35 
 303.47  3170  4435 47 
 303.5  3175  4506 42.5 
 303.52  3180  4576 32.5 
 303.54  3185  4647 47 
 303.57  3190  4718 53.5 
 303.59  3195  4790 37.5 
 303.61  3200  4861 46 
 303.63  3205  4932 54 
 303.67  3210  5004 55 
 303.69  3215  5076 50 
 303.71  3220  5147 46 
 303.73  3225  5219 39.5 
 303.76  3230  5291 43.5 
 303.78  3235  5363 53.5 
 303.8  3240  5436 63 
 303.83  3245  5508 54 
 303.85  3250  5580 39.5 
 304.04  3255  3743 42 
 304.06  3260  3817 67 
 304.08  3265  3890 79.5 
 304.11  3270  3963 75.5 
 304.13  3275  4037 63 
 304.15  3280  4110 49 
 304.18  3285  4184 62 
 304.2  3290  4258 100 
 304.22  3295  4332 119.5 
 304.25  3300  4406 111.5 
 304.27  3305  4481 81 
 304.29  3310  4555 74 
 304.32  3315  4630 82 
 304.34  3320  4704 114.5 
 304.36  3325  4779 112.5 
 304.39  3330  4854 106 
 304.41  3335  4929 93 
 304.43  3340  5005 88 
 304.46  3345  5080 110 
 304.49  3350  5155 117.5 
 304.51  3355  5231 139 
 304.53  3360  5307 97.5 
 304.56  3365  5383 103 
 304.58  3370  5459 81.5 
 304.6  3375  5535 94 
 304.63  3380  5611 110 
 304.65  3385  5688 133 
 304.67  3390  5764 138.5 
 304.7  3395  5841 133.5 
 304.72  3400  5918 150.5 
 304.74  3405  5995 125.5 
 304.77  3410  6072 132.5 
 304.79  3415  6149 115 
 304.81  3420  6226 146.5 
 304.84  3425  6304 137 
 304.86  3430  6381 153 
 304.88  3435  6459 136 
 304.91  3440  6537 94.5 
 304.93  3445  6615 99.5 
 304.95  3450  6693 142 
 304.98  3455  6771 138 
 305  3460  6850 113 
 305.02  3465  6928 134.5 
 305.05  3470  7007 139.5 
 305.07  3475  7086 115 
 305.1  3480  7165 131 
 305.12  3485  7244 138.5 
 305.14  3490  7323 120 
 305.17  3495  7402 117 
 305.19  3500  7482 145.5 
 305.21  3505  7561 146 
 305.24  3510  7641 131 
 305.26  3515  7721 125.5 
 305.28  3520  7801 133 
 305.31  3525  7881 108 
 305.33  3530  7961 133.5 
 305.35  3535  8042 141 
 305.38  3540  8122 129 
 305.4  3545  8203 137 
 305.42  3550  8283 141 
 305.45  3555  8364 131.5 
 305.47  3560  8445 141 
 305.5  3565  8527 111 
 305.52  3570  8608 98.5 
 305.54  3575  8689 107.5 
 305.56  3580  8771 84.5 
 305.59  3585  8853 75 
 305.61  3590  8934 99.5 
 305.64  3595  9016 129 
 305.66  3600  9099 138 
 305.68  3605  9181 106 
 305.7  3610  9263 94.5 
 305.73  3615  9346 104 
 305.75  3620  9428 92 
 305.78  3625  9511 122.5 
 305.8  3630  9594 112 
end
uxIntegration time is 0.2294 seconds per sampledt  3.3E-08 cy 1dh230619El Arenosillo 37.1 6.73 3.447962pr1000dark 1.5 
 691.58  2900  777 69.75 
 691.61  2905  842 61.5 
 691.64  2910  907 65.5 
 691.67  2915  972 71.5 
 691.7  2920  1037 69.5 
 691.73  2925  1102 77.25 
 691.76  2930  1168 79.25 
 691.79  2935  1233 89.5 
 691.82  2940  1299 97 
 691.85  2945  1365 120.75 
 691.88  2950  1431 153.75 
 691.91  2955  1497 217.25 
 691.94  2960  1563 314.5 
 691.97  2965  1629 319.75 
 692  2970  1695 412.25 
 692.04  2975  1761 768 
 692.07  2980  1828 851 
 692.1  2985  1894 869.75 
 692.13  2990  1961 1505 
 692.16  2995  2028 1927.5 
 692.18  3000  2095 1852.5 
 692.2  3005  2162 2431.5 
 692.23  3010  2229 3615 
 692.25  3015  2296 4547 
 692.27  3020  2364 3988.5 
 692.29  3025  2431 6851 
 692.32  3030  2499 10235.5 
 692.34  3035  2566 11753.5 
 692.36  3040  2634 11128.5 
 692.38  3045  2702 14098.5 
 692.41  3050  2770 18105 
 692.43  3055  2838 18316 
 692.45  3060  2906 17627 
 692.48  3065  2975 20399.5 
 692.5  3070  3043 26197 
 692.52  3075  3112 29920.5 
 692.55  3080  3180 31276.5 
 692.57  3085  3249 34108 
 692.59  3090  3318 29710 
 692.61  3095  3387 31067.5 
 692.64  3100  3456 30660 
 692.66  3105  3525 47148.5 
 692.68  3110  3594 55572.5 
 692.71  3115  3664 52959.5 
 692.73  3120  3733 48305.5 
 692.75  3125  3803 53959 
 692.77  3130  3873 55567.5 
 692.8  3135  3943 55251.5 
 692.82  3140  4013 61536 
 692.84  3145  4083 50633.5 
 692.87  3150  4153 62271.5 
 692.89  3155  4223 53377 
 692.91  3160  4294 42833 
 692.93  3165  4364 55513.5 
 692.96  3170  4435 65807 
 692.98  3175  4506 66230.5 
 693  3180  4576 48291.5 
 693.03  3185  4647 53367.5 
 693.05  3190  4718 56854 
 693.07  3195  4790 48148.5 
 693.1  3200  4861 54573 
 693.12  3205  4932 58633 
 693.14  3210  5004 45980 
 693.17  3215  5076 41664.5 
 693.19  3220  5147 44402.5 
 693.21  3225  5219 35466 
 693.24  3230  5291 31511 
 693.26  3235  5363 33224 
 693.28  3240  5436 34950 
 693.3  3245  5508 33341 
 693.33  3250  5580 28201.5 
 693.52  3255  3743 27272.5 
 693.54  3260  3817 31308 
 693.56  3265  3890 30331.5 
 693.59  3270  3963 30628.5 
 693.61  3275  4037 29589 
 693.63  3280  4110 27863 
 693.66  3285  4184 27438 
 693.68  3290  4258 31511 
 693.7  3295  4332 35196 
 693.73  3300  4406 35837.5 
 693.75  3305  4481 29437 
 693.77  3310  4555 30009 
 693.8  3315  4630 29715.5 
 693.82  3320  4704 30803 
 693.84  3325  4779 30099.5 
 693.87  3330  4854 29965.5 
 693.89  3335  4929 27438.5 
 693.91  3340  5005 28357 
 693.94  3345  5080 31150.5 
 693.96  3350  5155 29271.5 
 693.99  3355  5231 32731.5 
 694.01  3360  5307 22456.5 
 694.03  3365  5383 27333 
 694.06  3370  5459 22017 
 694.08  3375  5535 27655 
 694.1  3380  5611 25738 
 694.13  3385  5688 28806 
 694.15  3390  5764 28083.5 
 694.17  3395  5841 27313 
 694.2  3400  5918 32244 
 694.22  3405  5995 28761.5 
 694.24  3410  6072 27389 
 694.27  3415  6149 25479 
 694.29  3420  6226 30158.5 
 694.31  3425  6304 27890.5 
 694.34  3430  6381 30317 
 694.36  3435  6459 27989 
 694.38  3440  6537 20294.5 
 694.41  3445  6615 21053 
 694.43  3450  6693 27425.5 
 694.45  3455  6771 27549.5 
 694.48  3460  6850 23178 
 694.5  3465  6928 26029.5 
 694.52  3470  7007 27502 
 694.55  3475  7086 21659.5 
 694.57  3480  7165 25040 
 694.6  3485  7244 24735 
 694.62  3490  7323 22235 
 694.64  3495  7402 22277 
 694.67  3500  7482 27241 
 694.69  3505  7561 28190 
 694.71  3510  7641 25047 
 694.74  3515  7721 24215.5 
 694.76  3520  7801 25340.5 
 694.78  3525  7881 19741.5 
 694.81  3530  7961 24832 
 694.83  3535  8042 25966 
 694.85  3540  8122 26470 
 694.88  3545  8203 26771 
 694.9  3550  8283 26098 
 694.92  3555  8364 23387.5 
 694.95  3560  8445 24248.5 
 694.97  3565  8527 19562 
 695  3570  8608 16765 
 695.02  3575  8689 20152.5 
 695.04  3580  8771 14808.5 
 695.07  3585  8853 13157.5 
 695.09  3590  8934 18763 
 695.11  3595  9016 22534 
 695.14  3600  9099 23068.5 
 695.16  3605  9181 17965 
 695.18  3610  9263 16789.5 
 695.21  3615  9346 18575 
 695.23  3620  9428 16085.5 
 695.26  3625  9511 22253.5 
 695.28  3630  9594 18013.5 
end
uxIntegration time is 0.2294 seconds per sampledt  3.3E-08 cy 1dh230619El Arenosillo 37.1 6.73 3.447962pr1000dark 23.4 
 721.72  2900  777 82.5 
 721.75  2905  842 78.25 
 721.78  2910  907 82.5 
 721.81  2915  972 86.5 
 721.84  2920  1037 83.75 
 721.87  2925  1102 93 
 721.9  2930  1168 95.5 
 721.93  2935  1233 100.5 
 721.96  2940  1299 113 
 721.99  2945  1365 138.25 
 722.02  2950  1431 171 
 722.05  2955  1497 243 
 722.08  2960  1563 342.75 
 722.11  2965  1629 350 
 722.14  2970  1695 454 
 722.17  2975  1761 819.75 
 722.2  2980  1828 954 
 722.23  2985  1894 930.75 
 722.27  2990  1961 1607 
 722.3  2995  2028 2064.75 
 722.32  3000  2095 2008 
 722.34  3005  2162 2584 
 722.36  3010  2229 3810.5 
 722.39  3015  2296 4843 
 722.41  3020  2364 4141.5 
 722.43  3025  2431 7092 
 722.46  3030  2499 10604 
 722.48  3035  2566 12436 
 722.5  3040  2634 11620 
 722.52  3045  2702 14755.5 
 722.55  3050  2770 18999.5 
 722.57  3055  2838 19429.5 
 722.59  3060  2906 18288 
 722.62  3065  2975 21291.5 
 722.64  3070  3043 27079.5 
 722.66  3075  3112 31002 
 722.69  3080  3180 32343.5 
 722.71  3085  3249 35524.5 
 722.73  3090  3318 31178.5 
 722.75  3095  3387 32150 
 722.78  3100  3456 31833 
 722.8  3105  3525 48403 
 722.82  3110  3594 57717.5 
 722.85  3115  3664 55192.5 
 722.87  3120  3733 50254 
 722.89  3125  3803 56188.5 
 722.91  3130  3873 57968 
 722.94  3135  3943 57763.5 
 722.96  3140  4013 65027 
 722.98  3145  4083 52872 
 723.01  3150  4153 65406.5 
 723.03  3155  4223 56681.5 
 723.05  3160  4294 45128 
 723.07  3165  4364 58376 
 723.1  3170  4435 69282.5 
 723.12  3175  4506 70259.5 
 723.14  3180  4576 51071 
 723.17  3185  4647 55946.5 
 723.19  3190  4718 60425.5 
 723.21  3195  4790 51139 
 723.24  3200  4861 58251 
 723.26  3205  4932 62584 
 723.28  3210  5004 49568.5 
 723.31  3215  5076 44138 
 723.33  3220  5147 47655 
 723.35  3225  5219 38157.5 
 723.38  3230  5291 33728.5 
 723.4  3235  5363 35285 
 723.42  3240  5436 37447.5 
 723.45  3245  5508 35705 
 723.47  3250  5580 30314 
 723.66  3255  3743 29247 
 723.68  3260  3817 33980.5 
 723.71  3265  3890 32772.5 
 723.73  3270  3963 33095 
 723.75  3275  4037 32070.5 
 723.78  3280  4110 29907 
 723.8  3285  4184 29470.5 
 723.82  3290  4258 33388 
 723.85  3295  4332 37572.5 
 723.87  3300  4406 38231 
 723.89  3305  4481 31710.5 
 723.92  3310  4555 32190 
 723.94  3315  4630 31790 
 723.96  3320  4704 32966.5 
 723.99  3325  4779 32254 
 724.01  3330  4854 32096.5 
 724.03  3335  4929 29831.5 
 724.06  3340  5005 30263 
 724.08  3345  5080 33767.5 
 724.1  3350  5155 31268 
 724.13  3355  5231 35204.5 
 724.15  3360  5307 24154.5 
 724.17  3365  5383 29389.5 
 724.2  3370  5459 24008 
 724.22  3375  5535 29992 
 724.24  3380  5611 28227 
 724.27  3385  5688 31305 
 724.29  3390  5764 30881.5 
 724.31  3395  5841 29644 
 724.34  3400  5918 35473 
 724.36  3405  5995 31482.5 
 724.39  3410  6072 30148 
 724.41  3415  6149 27520.5 
 724.43  3420  6226 32525.5 
 724.46  3425  6304 29974.5 
 724.48  3430  6381 32638.5 
 724.5  3435  6459 30556.5 
 724.53  3440  6537 22149.5 
 724.55  3445  6615 22689 
 724.57  3450  6693 29582.5 
 724.6  3455  6771 29857 
 724.62  3460  6850 25244.5 
 724.64  3465  6928 28173 
 724.67  3470  7007 29935 
 724.69  3475  7086 23723.5 
 724.71  3480  7165 27263.5 
 724.74  3485  7244 27070 
 724.76  3490  7323 24425 
 724.78  3495  7402 24175 
 724.81  3500  7482 29720 
 724.83  3505  7561 30785.5 
 724.85  3510  7641 27363.5 
 724.88  3515  7721 26350.5 
 724.9  3520  7801 27738.5 
 724.93  3525  7881 21379 
 724.95  3530  7961 27066 
 724.97  3535  8042 28348.5 
 725  3540  8122 29176.5 
 725.02  3545  8203 29348 
 725.04  3550  8283 28869.5 
 725.07  3555  8364 25663.5 
 725.09  3560  8445 26707 
 725.11  3565  8527 21964 
 725.14  3570  8608 18528 
 725.16  3575  8689 22505 
 725.19  3580  8771 16786.5 
 725.21  3585  8853 14705.5 
 725.23  3590  8934 21016 
 725.26  3595  9016 25517.5 
 725.28  3600  9099 26034 
 725.3  3605  9181 20176.5 
 725.33  3610  9263 18663 
 725.35  3615  9346 20997.5 
 725.37  3620  9428 17945 
 725.4  3625  9511 24393 
 725.42  3630  9594 19908 
end
uxIntegration time is 0.2294 seconds per sampledt  3.3E-08 cy 1dh230619El Arenosillo 37.1 6.73 3.50161pr1000dark 5.15 
 778.62  2900  777 70.25 
 778.65  2905  842 64.75 
 778.68  2910  907 70.25 
 778.71  2915  972 73.5 
 778.74  2920  1037 75.25 
 778.77  2925  1102 80 
 778.8  2930  1168 85.25 
 778.83  2935  1233 97.75 
 778.86  2940  1299 109.5 
 778.89  2945  1365 126.5 
 778.92  2950  1431 169.25 
 778.95  2955  1497 240 
 778.98  2960  1563 343.5 
 779.01  2965  1629 363.5 
 779.04  2970  1695 460 
 779.07  2975  1761 861.25 
 779.1  2980  1828 963.75 
 779.14  2985  1894 961 
 779.17  2990  1961 1702.25 
 779.2  2995  2028 2141.25 
 779.22  3000  2095 2056.5 
 779.24  3005  2162 2668.5 
 779.26  3010  2229 3967.5 
 779.29  3015  2296 5013.5 
 779.31  3020  2364 4271 
 779.33  3025  2431 7341.5 
 779.36  3030  2499 11031 
 779.38  3035  2566 12746 
 779.4  3040  2634 11958 
 779.42  3045  2702 15216 
 779.45  3050  2770 19318.5 
 779.47  3055  2838 19822 
 779.49  3060  2906 18623 
 779.52  3065  2975 21778.5 
 779.54  3070  3043 27668.5 
 779.56  3075  3112 31678 
 779.58  3080  3180 32882.5 
 779.61  3085  3249 36111 
 779.63  3090  3318 31470.5 
 779.65  3095  3387 32641 
 779.68  3100  3456 32212 
 779.7  3105  3525 49152.5 
 779.72  3110  3594 58382 
 779.74  3115  3664 55765.5 
 779.77  3120  3733 50605 
 779.79  3125  3803 56636 
 779.83  3130  3873 58347 
 779.85  3135  3943 58202 
 779.87  3140  4013 64974 
 779.9  3145  4083 53269 
 779.92  3150  4153 65705 
 779.94  3155  4223 56919.5 
 779.97  3160  4294 45405 
 779.99  3165  4364 58679.5 
 780.01  3170  4435 69504.5 
 780.04  3175  4506 70386 
 780.06  3180  4576 51164.5 
 780.08  3185  4647 55879.5 
 780.1  3190  4718 60297.5 
 780.13  3195  4790 51011.5 
 780.15  3200  4861 58110.5 
 780.17  3205  4932 62450 
 780.2  3210  5004 49485.5 
 780.22  3215  5076 44171 
 780.24  3220  5147 47544 
 780.27  3225  5219 38194.5 
 780.29  3230  5291 33567 
 780.31  3235  5363 35399.5 
 780.34  3240  5436 37153 
 780.36  3245  5508 35506.5 
 780.38  3250  5580 30365.5 
 780.57  3255  3743 29212.5 
 780.6  3260  3817 33623 
 780.62  3265  3890 32580 
 780.64  3270  3963 32918.5 
 780.67  3275  4037 31855.5 
 780.69  3280  4110 29892.5 
 780.71  3285  4184 29397 
 780.74  3290  4258 33433 
 780.76  3295  4332 37503.5 
 780.78  3300  4406 38275.5 
 780.81  3305  4481 31583.5 
 780.83  3310  4555 32178 
 780.85  3315  4630 31794 
 780.88  3320  4704 32996.5 
 780.9  3325  4779 32014.5 
 780.92  3330  4854 32017 
 780.95  3335  4929 29743.5 
 780.97  3340  5005 30428 
 780.99  3345  5080 33433 
 781.02  3350  5155 31125.5 
 781.04  3355  5231 35125.5 
 781.06  3360  5307 23989 
 781.09  3365  5383 29287.5 
 781.11  3370  5459 23837.5 
 781.15  3375  5535 29790.5 
 781.17  3380  5611 28034 
 781.19  3385  5688 31174 
 781.22  3390  5764 30711 
 781.24  3395  5841 29566.5 
 781.27  3400  5918 35319 
 781.29  3405  5995 31281 
 781.31  3410  6072 29873.5 
 781.34  3415  6149 27464 
 781.36  3420  6226 32456 
 781.38  3425  6304 29884 
 781.41  3430  6381 32517 
 781.43  3435  6459 30399.5 
 781.45  3440  6537 22205.5 
 781.48  3445  6615 22502 
 781.5  3450  6693 29393.5 
 781.52  3455  6771 29644 
 781.55  3460  6850 24932 
 781.57  3465  6928 28101.5 
 781.59  3470  7007 29745.5 
 781.62  3475  7086 23534.5 
 781.64  3480  7165 27162 
 781.67  3485  7244 26907 
 781.69  3490  7323 24275.5 
 781.71  3495  7402 24144 
 781.74  3500  7482 29458 
 781.76  3505  7561 30556.5 
 781.78  3510  7641 27146 
 781.81  3515  7721 26156 
 781.83  3520  7801 27504 
 781.85  3525  7881 21234.5 
 781.88  3530  7961 26844 
 781.9  3535  8042 28135.5 
 781.93  3540  8122 28883 
 781.95  3545  8203 29108.5 
 781.97  3550  8283 28652.5 
 782  3555  8364 25478 
 782.02  3560  8445 26438 
 782.04  3565  8527 21723 
 782.07  3570  8608 18442.5 
 782.09  3575  8689 22403 
 782.11  3580  8771 16669 
 782.14  3585  8853 14674.5 
 782.16  3590  8934 20968.5 
 782.19  3595  9016 25417 
 782.21  3600  9099 25982.5 
 782.23  3605  9181 20205.5 
 782.26  3610  9263 18703 
 782.28  3615  9346 20824.5 
 782.3  3620  9428 17794.5 
 782.33  3625  9511 24567 
 782.35  3630  9594 19831 
end
uxIntegration time is 0.2294 seconds per sampledt  3.3E-08 cy 1dh230619El Arenosillo 37.1 6.73 3.50161pr1000dark 1.8 
 838.1  2900  777 60 
 838.13  2905  842 63.5 
 838.16  2910  907 63 
 838.19  2915  972 65.25 
 838.22  2920  1037 65.75 
 838.25  2925  1102 69.75 
 838.28  2930  1168 72.5 
 838.31  2935  1233 78.75 
 838.34  2940  1299 88.5 
 838.37  2945  1365 104.25 
 838.4  2950  1431 126.5 
 838.43  2955  1497 178.75 
 838.46  2960  1563 252.75 
 838.49  2965  1629 267.75 
 838.52  2970  1695 341.5 
 838.56  2975  1761 631.75 
 838.59  2980  1828 718.5 
 838.62  2985  1894 735 
 838.65  2990  1961 1276 
 838.68  2995  2028 1645.25 
 838.7  3000  2095 1603.5 
 838.72  3005  2162 2097 
 838.75  3010  2229 3128.5 
 838.77  3015  2296 4018.5 
 838.79  3020  2364 3495 
 838.82  3025  2431 6020.5 
 838.84  3030  2499 9203 
 838.86  3035  2566 10470.5 
 838.88  3040  2634 9924 
 838.91  3045  2702 12765.5 
 838.93  3050  2770 16502.5 
 838.95  3055  2838 16753 
 838.97  3060  2906 16080.5 
 839  3065  2975 18627 
 839.02  3070  3043 24012.5 
 839.04  3075  3112 27554.5 
 839.07  3080  3180 28787.5 
 839.09  3085  3249 31635.5 
 839.11  3090  3318 27525 
 839.13  3095  3387 28984.5 
 839.16  3100  3456 28600.5 
 839.18  3105  3525 44025.5 
 839.2  3110  3594 51955 
 839.23  3115  3664 49461 
 839.25  3120  3733 45535 
 839.27  3125  3803 50998.5 
 839.29  3130  3873 52739 
 839.32  3135  3943 52541.5 
 839.34  3140  4013 58612.5 
 839.36  3145  4083 48406.5 
 839.39  3150  4153 60055.5 
 839.41  3155  4223 51451 
 839.43  3160  4294 41616.5 
 839.46  3165  4364 53934.5 
 839.48  3170  4435 63760 
 839.5  3175  4506 63910 
 839.52  3180  4576 46539 
 839.55  3185  4647 51707 
 839.57  3190  4718 55276 
 839.59  3195  4790 47066.5 
 839.62  3200  4861 53454 
 839.64  3205  4932 57494.5 
 839.66  3210  5004 45260 
 839.69  3215  5076 41140.5 
 839.71  3220  5147 43759.5 
 839.73  3225  5219 34838.5 
 839.76  3230  5291 31169 
 839.78  3235  5363 32509.5 
 839.8  3240  5436 34510.5 
 839.82  3245  5508 32664 
 839.85  3250  5580 27818.5 
 840.04  3255  3743 27036.5 
 840.06  3260  3817 30882 
 840.08  3265  3890 29939 
 840.11  3270  3963 30333.5 
 840.13  3275  4037 29409 
 840.15  3280  4110 27518.5 
 840.18  3285  4184 27154 
 840.2  3290  4258 31092 
 840.22  3295  4332 34707 
 840.25  3300  4406 35161 
 840.27  3305  4481 29024.5 
 840.29  3310  4555 29831.5 
 840.32  3315  4630 29298.5 
 840.34  3320  4704 30509.5 
 840.36  3325  4779 29829.5 
 840.39  3330  4854 29667.5 
 840.41  3335  4929 27400 
 840.43  3340  5005 28130.5 
 840.46  3345  5080 31078 
 840.48  3350  5155 29102.5 
 840.51  3355  5231 32618.5 
 840.53  3360  5307 22301 
 840.55  3365  5383 27373 
 840.57  3370  5459 22244 
 840.6  3375  5535 27960.5 
 840.62  3380  5611 26048 
 840.65  3385  5688 29362 
 840.67  3390  5764 28625.5 
 840.69  3395  5841 27767.5 
 840.71  3400  5918 33040 
 840.74  3405  5995 29123 
 840.76  3410  6072 28060 
 840.79  3415  6149 25765.5 
 840.81  3420  6226 30375 
 840.83  3425  6304 28065.5 
 840.86  3430  6381 30335.5 
 840.88  3435  6459 28398 
 840.92  3440  6537 20289 
 840.95  3445  6615 21222 
 840.97  3450  6693 27545 
 840.99  3455  6771 27613.5 
 841.02  3460  6850 23244.5 
 841.04  3465  6928 26225 
 841.06  3470  7007 27800.5 
 841.09  3475  7086 21938.5 
 841.11  3480  7165 25390 
 841.13  3485  7244 25018.5 
 841.16  3490  7323 22570.5 
 841.18  3495  7402 22669.5 
 841.21  3500  7482 27649 
 841.23  3505  7561 28564.5 
 841.25  3510  7641 25184 
 841.28  3515  7721 24494 
 841.3  3520  7801 25427.5 
 841.32  3525  7881 19931.5 
 841.35  3530  7961 25082.5 
 841.37  3535  8042 26357 
 841.39  3540  8122 26883.5 
 841.42  3545  8203 27185 
 841.44  3550  8283 26585 
 841.46  3555  8364 23735 
 841.49  3560  8445 24710 
 841.51  3565  8527 20152.5 
 841.54  3570  8608 17308 
 841.56  3575  8689 20806.5 
 841.58  3580  8771 15424.5 
 841.61  3585  8853 13587 
 841.63  3590  8934 19530 
 841.65  3595  9016 23608 
 841.68  3600  9099 24105.5 
 841.7  3605  9181 18642.5 
 841.72  3610  9263 17338.5 
 841.75  3615  9346 19257 
 841.77  3620  9428 16567.5 
 841.8  3625  9511 22833 
 841.82  3630  9594 18166 
end
uxIntegration time is 0.2294 seconds per sampledt  3.3E-08 cy 1dh230619El Arenosillo 37.1 6.73 3.50161pr1000dark 1.85 
 898.11  2900  777 28.5 
 898.14  2905  842 26.75 
 898.17  2910  907 30.25 
 898.2  2915  972 33 
 898.23  2920  1037 30.25 
 898.26  2925  1102 32.75 
 898.29  2930  1168 32.25 
 898.32  2935  1233 33.75 
 898.35  2940  1299 36.25 
 898.38  2945  1365 41.75 
 898.41  2950  1431 47.25 
 898.44  2955  1497 56.5 
 898.47  2960  1563 76 
 898.5  2965  1629 81.75 
 898.53  2970  1695 101.25 
 898.56  2975  1761 182.75 
 898.59  2980  1828 214.5 
 898.62  2985  1894 222.5 
 898.65  2990  1961 385.25 
 898.69  2995  2028 530.75 
 898.71  3000  2095 531 
 898.73  3005  2162 718 
 898.75  3010  2229 1089.5 
 898.78  3015  2296 1420.5 
 898.8  3020  2364 1273.5 
 898.82  3025  2431 2231.5 
 898.84  3030  2499 3443.5 
 898.87  3035  2566 4065 
 898.89  3040  2634 3879 
 898.91  3045  2702 5023 
 898.93  3050  2770 6652 
 898.96  3055  2838 6874.5 
 898.98  3060  2906 6638.5 
 899  3065  2975 7856.5 
 899.03  3070  3043 10240 
 899.05  3075  3112 12009.5 
 899.07  3080  3180 12636 
 899.1  3085  3249 14028.5 
 899.12  3090  3318 12455 
 899.14  3095  3387 13296.5 
 899.16  3100  3456 13381.5 
 899.19  3105  3525 20637.5 
 899.21  3110  3594 24683 
 899.23  3115  3664 23979 
 899.25  3120  3733 22282 
 899.28  3125  3803 25286.5 
 899.3  3130  3873 26230.5 
 899.32  3135  3943 26214 
 899.35  3140  4013 29576.5 
 899.37  3145  4083 24653 
 899.39  3150  4153 30611 
 899.42  3155  4223 26081.5 
 899.44  3160  4294 21353 
 899.46  3165  4364 27882 
 899.48  3170  4435 32826.5 
 899.51  3175  4506 33191 
 899.53  3180  4576 24281.5 
 899.55  3185  4647 27092.5 
 899.58  3190  4718 28961.5 
 899.6  3195  4790 24482 
 899.62  3200  4861 27680.5 
 899.65  3205  4932 30010 
 899.67  3210  5004 24247 
 899.69  3215  5076 21820 
 899.71  3220  5147 23161.5 
 899.74  3225  5219 18595.5 
 899.76  3230  5291 16637.5 
 899.78  3235  5363 17829.5 
 899.81  3240  5436 18959.5 
 899.83  3245  5508 17984.5 
 899.85  3250  5580 15382.5 
 900.04  3255  3743 15311.5 
 900.07  3260  3817 17820.5 
 900.09  3265  3890 17417.5 
 900.11  3270  3963 17621.5 
 900.14  3275  4037 17065.5 
 900.16  3280  4110 16033.5 
 900.18  3285  4184 15853.5 
 900.21  3290  4258 18296.5 
 900.23  3295  4332 20360 
 900.25  3300  4406 20801.5 
 900.28  3305  4481 17167.5 
 900.3  3310  4555 17526 
 900.32  3315  4630 17449 
 900.35  3320  4704 18253.5 
 900.37  3325  4779 17948 
 900.39  3330  4854 17891 
 900.42  3335  4929 16648 
 900.44  3340  5005 17139.5 
 900.46  3345  5080 19197.5 
 900.49  3350  5155 18116.5 
 900.51  3355  5231 20482 
 900.53  3360  5307 14234 
 900.56  3365  5383 17261.5 
 900.58  3370  5459 14179.5 
 900.6  3375  5535 17876.5 
 900.63  3380  5611 16827 
 900.65  3385  5688 18899.5 
 900.67  3390  5764 18617.5 
 900.7  3395  5841 18015 
 900.72  3400  5918 21432.5 
 900.75  3405  5995 18915.5 
 900.77  3410  6072 18038.5 
 900.79  3415  6149 16561 
 900.82  3420  6226 19399 
 900.84  3425  6304 17897 
 900.86  3430  6381 19699 
 900.89  3435  6459 18461 
 900.91  3440  6537 13553 
 900.93  3445  6615 13973.5 
 900.96  3450  6693 18186 
 900.98  3455  6771 18346.5 
 901  3460  6850 15442.5 
 901.03  3465  6928 17256.5 
 901.05  3470  7007 18203 
 901.08  3475  7086 14314.5 
 901.1  3480  7165 16440 
 901.12  3485  7244 16212.5 
 901.15  3490  7323 14596.5 
 901.17  3495  7402 14605 
 901.19  3500  7482 17774 
 901.22  3505  7561 18364 
 901.24  3510  7641 16276.5 
 901.26  3515  7721 15751.5 
 901.29  3520  7801 16479.5 
 901.31  3525  7881 12876 
 901.33  3530  7961 16261.5 
 901.36  3535  8042 17087.5 
 901.38  3540  8122 17418.5 
 901.4  3545  8203 17633 
 901.43  3550  8283 17347.5 
 901.45  3555  8364 15634 
 901.48  3560  8445 16311 
 901.5  3565  8527 13452.5 
 901.52  3570  8608 11537 
 901.55  3575  8689 14075 
 901.57  3580  8771 10539 
 901.59  3585  8853 9359 
 901.62  3590  8934 13327 
 901.64  3595  9016 16052 
 901.66  3600  9099 16441 
 901.69  3605  9181 12889 
 901.71  3610  9263 12196 
 901.74  3615  9346 13790 
 901.76  3620  9428 11967.5 
 901.78  3625  9511 16522 
 901.81  3630  9594 13483.5 
end
uxIntegration time is 0.2294 seconds per sampledt  3.3E-08 cy 1dh230619El Arenosillo 37.1 6.73 3.447962pr1000dark 1.45 
 958.18  2900  777 33.25 
 958.21  2905  842 33.75 
 958.24  2910  907 36.25 
 958.27  2915  972 36 
 958.3  2920  1037 34.75 
 958.33  2925  1102 34 
 958.36  2930  1168 35.25 
 958.4  2935  1233 39 
 958.43  2940  1299 40 
 958.46  2945  1365 39 
 958.49  2950  1431 43.75 
 958.52  2955  1497 51.75 
 958.55  2960  1563 56.25 
 958.58  2965  1629 65.75 
 958.61  2970  1695 73.5 
 958.64  2975  1761 121 
 958.67  2980  1828 145.5 
 958.7  2985  1894 156.75 
 958.73  2990  1961 266.75 
 958.76  2995  2028 373.25 
 958.78  3000  2095 373.5 
 958.81  3005  2162 511 
 958.83  3010  2229 848 
 958.85  3015  2296 1083 
 958.87  3020  2364 1000 
 958.9  3025  2431 1797.5 
 958.92  3030  2499 2886.5 
 958.94  3035  2566 3449.5 
 958.97  3040  2634 3402.5 
 958.99  3045  2702 4503 
 959.01  3050  2770 6204 
 959.03  3055  2838 6527 
 959.06  3060  2906 6416 
 959.08  3065  2975 7564.5 
 959.1  3070  3043 10182.5 
 959.12  3075  3112 12151.5 
 959.15  3080  3180 12896.5 
 959.2  3085  3249 14401 
 959.22  3090  3318 12806.5 
 959.24  3095  3387 14012.5 
 959.26  3100  3456 14106.5 
 959.29  3105  3525 22143 
 959.31  3110  3594 26520 
 959.33  3115  3664 25467 
 959.36  3120  3733 24068 
 959.38  3125  3803 27680 
 959.4  3130  3873 28713.5 
 959.42  3135  3943 28695.5 
 959.45  3140  4013 32758.5 
 959.47  3145  4083 27666.5 
 959.49  3150  4153 34479 
 959.52  3155  4223 29476.5 
 959.54  3160  4294 24189.5 
 959.56  3165  4364 31940 
 959.58  3170  4435 38139.5 
 959.61  3175  4506 38001.5 
 959.63  3180  4576 27817.5 
 959.65  3185  4647 31522 
 959.68  3190  4718 33877 
 959.7  3195  4790 28071.5 
 959.72  3200  4861 31574.5 
 959.75  3205  4932 34205 
 959.77  3210  5004 27140 
 959.79  3215  5076 24201 
 959.82  3220  5147 25215 
 959.84  3225  5219 19916.5 
 959.86  3230  5291 17854 
 959.89  3235  5363 18928.5 
 959.91  3240  5436 20000 
 959.93  3245  5508 18916 
 959.96  3250  5580 15930 
 960.14  3255  3743 13989 
 960.17  3260  3817 16032.5 
 960.19  3265  3890 15593.5 
 960.21  3270  3963 15617 
 960.24  3275  4037 14938.5 
 960.26  3280  4110 13883.5 
 960.28  3285  4184 13894 
 960.31  3290  4258 15911.5 
 960.33  3295  4332 17879.5 
 960.35  3300  4406 18527 
 960.38  3305  4481 15345 
 960.4  3310  4555 15720.5 
 960.42  3315  4630 15661.5 
 960.45  3320  4704 16233 
 960.47  3325  4779 15787 
 960.49  3330  4854 15383.5 
 960.52  3335  4929 14021.5 
 960.54  3340  5005 14315.5 
 960.56  3345  5080 15692 
 960.61  3350  5155 14862 
 960.63  3355  5231 16828 
 960.66  3360  5307 11672.5 
 960.68  3365  5383 14213.5 
 960.7  3370  5459 11583 
 960.73  3375  5535 14401 
 960.75  3380  5611 13456.5 
 960.78  3385  5688 15288.5 
 960.8  3390  5764 15242.5 
 960.82  3395  5841 14948 
 960.85  3400  5918 17885.5 
 960.87  3405  5995 15908 
 960.89  3410  6072 15210 
 960.92  3415  6149 14104 
 960.94  3420  6226 16584 
 960.96  3425  6304 15540 
 960.99  3430  6381 16945 
 961.01  3435  6459 15622 
 961.03  3440  6537 11166.5 
 961.06  3445  6615 11390.5 
 961.08  3450  6693 14493 
 961.1  3455  6771 14543 
 961.13  3460  6850 12315.5 
 961.15  3465  6928 14000.5 
 961.18  3470  7007 15050 
 961.2  3475  7086 12074 
 961.22  3480  7165 13980 
 961.25  3485  7244 14045.5 
 961.27  3490  7323 12687 
 961.29  3495  7402 12836.5 
 961.32  3500  7482 15697.5 
 961.34  3505  7561 16394 
 961.36  3510  7641 14456.5 
 961.39  3515  7721 14091 
 961.41  3520  7801 14822 
 961.43  3525  7881 11587.5 
 961.46  3530  7961 14785 
 961.48  3535  8042 15459.5 
 961.5  3540  8122 15756.5 
 961.53  3545  8203 15940 
 961.55  3550  8283 15473 
 961.58  3555  8364 13724.5 
 961.6  3560  8445 14090 
 961.62  3565  8527 11490 
 961.65  3570  8608 9797.5 
 961.67  3575  8689 11819.5 
 961.7  3580  8771 8775.5 
 961.72  3585  8853 7721 
 961.74  3590  8934 10903.5 
 961.77  3595  9016 13066 
 961.79  3600  9099 13293 
 961.82  3605  9181 10308.5 
 961.84  3610  9263 9539.5 
 961.86  3615  9346 10454.5 
 961.89  3620  9428 8869.5 
 961.91  3625  9511 12145 
 961.93  3630  9594 9667 
end
uxIntegration time is 0.2294 seconds per sampledt  3.3E-08 cy 1dh230619El Arenosillo 37.1 6.73 3.126073pr1000dark .45 
 1160.87  2900  777 1.5 
 1160.9  2905  842 1 
 1160.93  2910  907 1.25 
 1160.96  2915  972 1.5 
 1160.99  2920  1037 1.5 
 1161.02  2925  1102 1.5 
 1161.05  2930  1168 1 
 1161.09  2935  1233 1 
 1161.12  2940  1299 1.75 
 1161.15  2945  1365 1.75 
 1161.18  2950  1431 1.5 
 1161.21  2955  1497 1.5 
 1161.24  2960  1563 1.25 
 1161.27  2965  1629 1.5 
 1161.3  2970  1695 1.75 
 1161.33  2975  1761 .75 
 1161.36  2980  1828 .75 
 1161.39  2985  1894 1.75 
 1161.42  2990  1961 1.75 
 1161.45  2995  2028 2 
 1161.47  3000  2095 2 
 1161.49  3005  2162 2.5 
 1161.52  3010  2229 3 
 1161.54  3015  2296 2 
 1161.56  3020  2364 3 
 1161.58  3025  2431 4 
 1161.6  3030  2499 5 
 1161.63  3035  2566 6.5 
 1161.65  3040  2634 8.5 
 1161.67  3045  2702 10 
 1161.7  3050  2770 15.5 
 1161.72  3055  2838 12 
 1161.74  3060  2906 14 
 1161.77  3065  2975 17.5 
 1161.79  3070  3043 26 
 1161.81  3075  3112 32.5 
 1161.83  3080  3180 37.5 
 1161.86  3085  3249 41.5 
 1161.88  3090  3318 41 
 1161.9  3095  3387 46.5 
 1161.92  3100  3456 49 
 1161.95  3105  3525 80 
 1161.97  3110  3594 105.5 
 1161.99  3115  3664 103.5 
 1162.02  3120  3733 113.5 
 1162.04  3125  3803 147.5 
 1162.06  3130  3873 174 
 1162.08  3135  3943 157.5 
 1162.11  3140  4013 208.5 
 1162.13  3145  4083 224 
 1162.15  3150  4153 285.5 
 1162.17  3155  4223 241.5 
 1162.2  3160  4294 239.5 
 1162.22  3165  4364 376.5 
 1162.24  3170  4435 452.5 
 1162.27  3175  4506 432 
 1162.29  3180  4576 359.5 
 1162.31  3185  4647 554.5 
 1162.34  3190  4718 653.5 
 1162.36  3195  4790 482 
 1162.38  3200  4861 511.5 
 1162.41  3205  4932 733.5 
 1162.43  3210  5004 733.5 
 1162.45  3215  5076 676 
 1162.47  3220  5147 596 
 1162.5  3225  5219 445.5 
 1162.52  3230  5291 505 
 1162.54  3235  5363 704.5 
 1162.57  3240  5436 798 
 1162.59  3245  5508 661.5 
 1162.61  3250  5580 490.5 
 1162.8  3255  3743 509 
 1162.83  3260  3817 710.5 
 1162.85  3265  3890 820.5 
 1162.87  3270  3963 803.5 
 1162.89  3275  4037 695.5 
 1162.92  3280  4110 592 
 1162.94  3285  4184 689 
 1162.96  3290  4258 907 
 1162.99  3295  4332 1072 
 1163.01  3300  4406 1070.5 
 1163.03  3305  4481 789 
 1163.06  3310  4555 768.5 
 1163.08  3315  4630 801.5 
 1163.1  3320  4704 940.5 
 1163.13  3325  4779 979 
 1163.15  3330  4854 964 
 1163.17  3335  4929 839.5 
 1163.2  3340  5005 825 
 1163.22  3345  5080 1000.5 
 1163.24  3350  5155 973 
 1163.27  3355  5231 1107 
 1163.29  3360  5307 766.5 
 1163.31  3365  5383 885.5 
 1163.34  3370  5459 729 
 1163.36  3375  5535 857 
 1163.38  3380  5611 867 
 1163.41  3385  5688 1001.5 
 1163.43  3390  5764 999 
 1163.45  3395  5841 973.5 
 1163.48  3400  5918 1108.5 
 1163.5  3405  5995 983 
 1163.52  3410  6072 984.5 
 1163.55  3415  6149 910 
 1163.57  3420  6226 1067 
 1163.59  3425  6304 981 
 1163.62  3430  6381 1052 
 1163.64  3435  6459 969.5 
 1163.66  3440  6537 698.5 
 1163.69  3445  6615 709.5 
 1163.71  3450  6693 953 
 1163.74  3455  6771 962.5 
 1163.76  3460  6850 843 
 1163.78  3465  6928 913 
 1163.81  3470  7007 961.5 
 1163.83  3475  7086 785 
 1163.85  3480  7165 895.5 
 1163.88  3485  7244 871 
 1163.9  3490  7323 799.5 
 1163.92  3495  7402 808.5 
 1163.95  3500  7482 979.5 
 1163.97  3505  7561 997 
 1163.99  3510  7641 875.5 
 1164.02  3515  7721 853 
 1164.04  3520  7801 887.5 
 1164.06  3525  7881 696 
 1164.09  3530  7961 884 
 1164.11  3535  8042 932 
 1164.13  3540  8122 956.5 
 1164.16  3545  8203 961.5 
 1164.18  3550  8283 928 
 1164.2  3555  8364 841.5 
 1164.23  3560  8445 878 
 1164.25  3565  8527 701 
 1164.28  3570  8608 605 
 1164.3  3575  8689 724.5 
 1164.32  3580  8771 538.5 
 1164.35  3585  8853 476.5 
 1164.37  3590  8934 678 
 1164.39  3595  9016 822.5 
 1164.42  3600  9099 812 
 1164.44  3605  9181 641.5 
 1164.46  3610  9263 605.5 
 1164.49  3615  9346 670.5 
 1164.51  3620  9428 582.5 
 1164.53  3625  9511 781.5 
 1164.56  3630  9594 635.5 
end
