uxIntegration time is 0.2294 seconds per sampledt  2.7E-08 cy 1dh230619El Arenosillo 37.1 6.73 2.92pr1000dark .35 
 302.58  2900  722 .5 
 302.62  2905  789 1 
 302.66  2910  857 .25 
 302.7  2915  924 .25 
 302.73  2920  992 .25 
 302.77  2925  1060 .5 
 302.81  2930  1127 .5 
 302.85  2935  1195 .75 
 302.89  2940  1263 .5 
 302.93  2945  1331 .75 
 302.97  2950  1399 .5 
 303.01  2955  1468 .5 
 303.05  2960  1536 .75 
 303.09  2965  1604 .25 
 303.13  2970  1672 .5 
 303.17  2975  1741 .5 
 303.21  2980  1809 .75 
 303.25  2985  1878 .75 
 303.28  2990  1946 1 
 303.32  2995  2015 .75 
 303.35  3000  2084 .5 
 303.38  3005  2153 1 
 303.42  3010  2221 1 
 303.45  3015  2290 1.5 
 303.48  3020  2359 .5 
 303.51  3025  2428 1.5 
 303.54  3030  2498 1.5 
 303.57  3035  2567 2 
 303.6  3040  2636 3 
 303.63  3045  2705 3.5 
 303.66  3050  2775 4 
 303.69  3055  2844 4.5 
 303.72  3060  2914 4 
 303.75  3065  2984 5 
 303.78  3070  3053 8.5 
 303.81  3075  3123 6 
 303.84  3080  3193 9 
 303.87  3085  3263 9.5 
 303.91  3090  3333 8 
 303.93  3095  3403 9.5 
 303.97  3100  3473 11.5 
 304  3105  3544 18.5 
 304.03  3110  3614 20 
 304.06  3115  3684 22 
 304.09  3120  3755 22 
 304.12  3125  3826 25 
 304.15  3130  3896 27 
 304.18  3135  3967 48 
 304.21  3140  4038 40.5 
 304.24  3145  4109 28 
 304.27  3150  4180 41.5 
 304.3  3155  4251 30.5 
 304.33  3160  4322 29 
 304.36  3165  4393 44.5 
 304.39  3170  4465 55 
 304.42  3175  4536 49 
 304.45  3180  4607 43 
 304.49  3185  4679 53 
 304.52  3190  4751 61.5 
 304.55  3195  4822 50.5 
 304.58  3200  4894 59 
 304.61  3205  4966 69 
 304.64  3210  5038 76.5 
 304.67  3215  5110 58.5 
 304.7  3220  5183 53 
 304.73  3225  5255 42.5 
 304.76  3230  5327 50.5 
 304.79  3235  5400 77 
 304.82  3240  5472 78.5 
 304.85  3245  5545 65 
 304.88  3250  5618 47 
 305.15  3255  3767 34.5 
 305.18  3260  3842 51 
 305.21  3265  3916 60.5 
 305.24  3270  3990 55 
 305.28  3275  4065 49.5 
 305.31  3280  4139 38.5 
 305.34  3285  4214 53.5 
 305.37  3290  4288 79.5 
 305.4  3295  4363 89 
 305.43  3300  4438 93.5 
 305.46  3305  4513 59 
 305.49  3310  4588 62.5 
 305.52  3315  4664 72.5 
 305.55  3320  4739 87 
 305.58  3325  4814 102 
 305.61  3330  4890 93.5 
 305.64  3335  4965 76 
 305.67  3340  5041 72.5 
 305.7  3345  5117 95.5 
 305.73  3350  5193 107 
 305.76  3355  5269 123.5 
 305.8  3360  5345 78.5 
 305.83  3365  5421 97 
 305.86  3370  5498 71 
 305.89  3375  5574 89.5 
 305.92  3380  5651 96.5 
 305.95  3385  5728 116 
 305.98  3390  5805 116.5 
 306.01  3395  5882 115 
 306.04  3400  5959 119 
 306.08  3405  6036 112.5 
 306.11  3410  6113 116 
 306.14  3415  6190 113.5 
 306.17  3420  6268 131.5 
 306.2  3425  6346 117.5 
 306.23  3430  6423 132 
 306.26  3435  6501 115 
 306.29  3440  6579 77.5 
 306.32  3445  6658 91 
 306.36  3450  6736 125 
 306.39  3455  6814 117 
 306.42  3460  6893 103 
 306.45  3465  6971 118.5 
 306.48  3470  7050 124.5 
 306.52  3475  7129 107.5 
 306.55  3480  7208 113.5 
 306.58  3485  7287 117.5 
 306.61  3490  7367 102.5 
 306.64  3495  7446 113.5 
 306.68  3500  7526 129 
 306.71  3505  7605 135 
 306.74  3510  7685 119.5 
 306.77  3515  7765 128.5 
 306.81  3520  7845 119 
 306.84  3525  7925 95 
 306.87  3530  8006 122 
 306.9  3535  8086 123 
 306.93  3540  8167 135.5 
 306.97  3545  8248 124 
 307  3550  8329 130.5 
 307.03  3555  8410 117.5 
 307.06  3560  8491 134 
 307.09  3565  8572 105 
 307.12  3570  8654 86.5 
 307.16  3575  8736 104 
 307.19  3580  8818 84 
 307.22  3585  8900 69.5 
 307.25  3590  8982 101 
 307.28  3595  9064 116 
 307.32  3600  9146 127 
 307.35  3605  9229 94 
 307.38  3610  9312 84 
 307.41  3615  9395 92.5 
 307.45  3620  9478 80 
 307.48  3625  9561 111.5 
 307.51  3630  9645 96.5 
end
uxIntegration time is 0.2294 seconds per sampledt  2.7E-08 cy 1dh230619El Arenosillo 37.1 6.73 3.35pr1000dark 1.5 
 479.25  2900  722 35.75 
 479.29  2905  789 35.75 
 479.33  2910  857 36.5 
 479.37  2915  924 34 
 479.41  2920  992 35 
 479.45  2925  1060 36.75 
 479.49  2930  1127 35.5 
 479.52  2935  1195 44 
 479.56  2940  1263 41 
 479.6  2945  1331 39.5 
 479.64  2950  1399 40 
 479.68  2955  1468 43.25 
 479.72  2960  1536 41.75 
 479.76  2965  1604 44.75 
 479.8  2970  1672 48.25 
 479.84  2975  1741 53.5 
 479.88  2980  1809 62.5 
 479.92  2985  1878 67.75 
 479.96  2990  1946 85 
 480  2995  2015 110.25 
 480.03  3000  2084 122.5 
 480.06  3005  2153 163.5 
 480.09  3010  2221 259 
 480.12  3015  2290 350.5 
 480.15  3020  2359 345 
 480.18  3025  2428 614 
 480.21  3030  2498 984.5 
 480.24  3035  2567 1221 
 480.27  3040  2636 1240 
 480.3  3045  2705 1726 
 480.33  3050  2775 2531 
 480.36  3055  2844 2755.5 
 480.39  3060  2914 2744.5 
 480.42  3065  2984 3392 
 480.45  3070  3053 4797.5 
 480.48  3075  3123 5874.5 
 480.52  3080  3193 6367 
 480.55  3085  3263 7234 
 480.58  3090  3333 6478.5 
 480.61  3095  3403 7571 
 480.64  3100  3473 7798.5 
 480.67  3105  3544 12358 
 480.7  3110  3614 14946 
 480.73  3115  3684 14508 
 480.76  3120  3755 14291 
 480.79  3125  3826 16809.5 
 480.82  3130  3896 17547.5 
 480.85  3135  3967 17541.5 
 480.88  3140  4038 20253.5 
 480.91  3145  4109 17966.5 
 480.95  3150  4180 22300 
 480.98  3155  4251 18316.5 
 481.01  3160  4322 16060 
 481.04  3165  4393 21717 
 481.07  3170  4465 25740 
 481.1  3175  4536 24804 
 481.13  3180  4607 18659 
 481.16  3185  4679 22904 
 481.19  3190  4751 23093.5 
 481.22  3195  4822 20099.5 
 481.25  3200  4894 22720.5 
 481.28  3205  4966 25013 
 481.31  3210  5038 19845 
 481.34  3215  5110 19028 
 481.37  3220  5183 18894.5 
 481.4  3225  5255 14777.5 
 481.43  3230  5327 14428.5 
 481.47  3235  5400 15401 
 481.5  3240  5472 16371.5 
 481.53  3245  5545 14938.5 
 481.56  3250  5618 12724.5 
 481.83  3255  3767 7952.5 
 481.86  3260  3842 9378.5 
 481.89  3265  3916 9295.5 
 481.92  3270  3990 9277 
 481.95  3275  4065 8945 
 481.98  3280  4139 8355.5 
 482.01  3285  4214 8421.5 
 482.05  3290  4288 10110 
 482.08  3295  4363 11230 
 482.11  3300  4438 11236.5 
 482.14  3305  4513 9129 
 482.17  3310  4588 9468.5 
 482.2  3315  4664 9694.5 
 482.23  3320  4739 9904.5 
 482.26  3325  4814 10000 
 482.29  3330  4890 9932.5 
 482.32  3335  4965 8935 
 482.35  3340  5041 9483.5 
 482.38  3345  5117 10468 
 482.42  3350  5193 10070.5 
 482.45  3355  5269 10863.5 
 482.48  3360  5345 7546 
 482.51  3365  5421 9335.5 
 482.54  3370  5498 7513 
 482.57  3375  5574 9772 
 482.6  3380  5651 8881.5 
 482.63  3385  5728 10332 
 482.67  3390  5805 9626 
 482.7  3395  5882 9893.5 
 482.73  3400  5959 11273 
 482.76  3405  6036 9912 
 482.79  3410  6113 9582 
 482.82  3415  6190 9046 
 482.85  3420  6268 10388.5 
 482.88  3425  6346 9717 
 482.91  3430  6423 10286.5 
 482.94  3435  6501 9554.5 
 482.97  3440  6579 6629.5 
 483.01  3445  6658 7331.5 
 483.04  3450  6736 9202 
 483.07  3455  6814 8951 
 483.1  3460  6893 7718.5 
 483.13  3465  6971 8636.5 
 483.16  3470  7050 9092 
 483.19  3475  7129 7133.5 
 483.23  3480  7208 8351.5 
 483.26  3485  7287 8174 
 483.29  3490  7367 7183 
 483.32  3495  7446 7187.5 
 483.35  3500  7526 8743 
 483.38  3505  7605 8802 
 483.41  3510  7685 7734.5 
 483.45  3515  7765 7498.5 
 483.48  3520  7845 7777 
 483.51  3525  7925 6093 
 483.54  3530  8006 7712 
 483.58  3535  8086 8168 
 483.61  3540  8167 8416.5 
 483.64  3545  8248 8545 
 483.67  3550  8329 8558 
 483.7  3555  8410 7831.5 
 483.74  3560  8491 8248 
 483.77  3565  8572 6898 
 483.8  3570  8654 5876.5 
 483.83  3575  8736 7159 
 483.86  3580  8818 5473 
 483.9  3585  8900 4725.5 
 483.93  3590  8982 6622 
 483.96  3595  9064 7952 
 483.99  3600  9146 8235.5 
 484.02  3605  9229 6250.5 
 484.06  3610  9312 5628 
 484.09  3615  9395 6285 
 484.12  3620  9478 5133 
 484.15  3625  9561 6830 
 484.18  3630  9645 5689.5 
end
uxIntegration time is 0.2294 seconds per sampledt  2.7E-08 cy 1dh230619El Arenosillo 37.1 6.73 3.74pr1000dark 4.05 
 709.96  2900  722 102.75 
 710  2905  789 111.75 
 710.04  2910  857 119.75 
 710.08  2915  924 116.5 
 710.12  2920  992 118.5 
 710.16  2925  1060 118.5 
 710.2  2930  1127 131.5 
 710.24  2935  1195 144.5 
 710.28  2940  1263 153 
 710.32  2945  1331 173.5 
 710.36  2950  1399 213.5 
 710.4  2955  1468 293.5 
 710.44  2960  1536 386.25 
 710.48  2965  1604 413.25 
 710.51  2970  1672 481.5 
 710.55  2975  1741 875 
 710.59  2980  1809 1018.75 
 710.63  2985  1878 982.75 
 710.67  2990  1946 1662.5 
 710.71  2995  2015 2136 
 710.74  3000  2084 2121 
 710.77  3005  2153 2651.5 
 710.8  3010  2221 3898.5 
 710.83  3015  2290 5007 
 710.86  3020  2359 4290 
 710.89  3025  2428 7372.5 
 710.92  3030  2498 10976 
 710.96  3035  2567 12603 
 710.99  3040  2636 11825.5 
 711.02  3045  2705 14837.5 
 711.05  3050  2775 19025 
 711.08  3055  2844 19108.5 
 711.11  3060  2914 18412.5 
 711.14  3065  2984 21323.5 
 711.17  3070  3053 27473 
 711.2  3075  3123 31000.5 
 711.23  3080  3193 32333.5 
 711.26  3085  3263 35438 
 711.29  3090  3333 30476.5 
 711.32  3095  3403 32536 
 711.35  3100  3473 31797 
 711.38  3105  3544 48745 
 711.41  3110  3614 56641.5 
 711.44  3115  3684 53713 
 711.48  3120  3755 49292 
 711.51  3125  3826 55433.5 
 711.54  3130  3896 56338 
 711.57  3135  3967 56619.5 
 711.6  3140  4038 62272.5 
 711.63  3145  4109 52205 
 711.66  3150  4180 64299.5 
 711.69  3155  4251 54105.5 
 711.72  3160  4322 45246 
 711.75  3165  4393 58295 
 711.78  3170  4465 68857.5 
 711.81  3175  4536 67262 
 711.84  3180  4607 49369 
 711.87  3185  4679 57180.5 
 711.91  3190  4751 57076 
 711.94  3195  4822 50772 
 711.97  3200  4894 57382 
 712  3205  4966 61275 
 712.03  3210  5038 46766.5 
 712.06  3215  5110 45382 
 712.09  3220  5183 46531.5 
 712.12  3225  5255 36390.5 
 712.15  3230  5327 34440 
 712.18  3235  5400 35200.5 
 712.21  3240  5472 37528.5 
 712.24  3245  5545 34671 
 712.27  3250  5618 30345 
 712.54  3255  3767 18662 
 712.57  3260  3842 21393 
 712.61  3265  3916 20785.5 
 712.64  3270  3990 21141.5 
 712.67  3275  4065 20507.5 
 712.7  3280  4139 19330.5 
 712.73  3285  4214 19127 
 712.76  3290  4288 22417 
 712.79  3295  4363 24671.5 
 712.82  3300  4438 25357 
 712.85  3305  4513 20899.5 
 712.88  3310  4588 21652 
 712.91  3315  4664 21739.5 
 712.94  3320  4739 22127 
 712.97  3325  4814 21866.5 
 713  3330  4890 21427.5 
 713.03  3335  4965 19445.5 
 713.07  3340  5041 20766 
 713.1  3345  5117 22571 
 713.13  3350  5193 21669.5 
 713.16  3355  5269 23319.5 
 713.19  3360  5345 16188.5 
 713.22  3365  5421 20344.5 
 713.25  3370  5498 16583 
 713.28  3375  5574 21438 
 713.32  3380  5651 19342 
 713.35  3385  5728 22446 
 713.38  3390  5805 21035 
 713.41  3395  5882 21645 
 713.44  3400  5959 24630.5 
 713.47  3405  6036 21467 
 713.5  3410  6113 20838.5 
 713.53  3415  6190 19732.5 
 713.56  3420  6268 22853.5 
 713.6  3425  6346 21272.5 
 713.63  3430  6423 22714 
 713.66  3435  6501 21218.5 
 713.69  3440  6579 14914 
 713.72  3445  6658 16532 
 713.75  3450  6736 20708.5 
 713.78  3455  6814 20273 
 713.81  3460  6893 17613.5 
 713.84  3465  6971 20147 
 713.88  3470  7050 21361.5 
 713.91  3475  7129 16825 
 713.94  3480  7208 19631 
 713.97  3485  7287 19453.5 
 714  3490  7367 17358 
 714.04  3495  7446 17443.5 
 714.07  3500  7526 21489.5 
 714.1  3505  7605 21901.5 
 714.13  3510  7685 19344.5 
 714.16  3515  7765 18886.5 
 714.2  3520  7845 19662.5 
 714.23  3525  7925 15292.5 
 714.26  3530  8006 19264 
 714.29  3535  8086 20322.5 
 714.32  3540  8167 21092 
 714.36  3545  8248 21886 
 714.39  3550  8329 21683 
 714.42  3555  8410 19395 
 714.45  3560  8491 20009 
 714.49  3565  8572 16524.5 
 714.52  3570  8654 13863.5 
 714.55  3575  8736 16838 
 714.58  3580  8818 12742.5 
 714.61  3585  8900 10920 
 714.65  3590  8982 15412.5 
 714.68  3595  9064 18660 
 714.71  3600  9146 19294.5 
 714.74  3605  9229 14975 
 714.77  3610  9312 13589.5 
 714.81  3615  9395 15488.5 
 714.84  3620  9478 13050 
 714.87  3625  9561 17744 
 714.9  3630  9645 14909.5 
end
uxIntegration time is 0.2294 seconds per sampledt  2.7E-08 cy 1dh230619El Arenosillo 37.1 6.73 3.74pr1000dark 19.4 
 720.13  2900  722 131.5 
 720.17  2905  789 129.25 
 720.21  2910  857 137.5 
 720.24  2915  924 132.5 
 720.28  2920  992 141 
 720.32  2925  1060 144 
 720.36  2930  1127 153.25 
 720.4  2935  1195 165 
 720.44  2940  1263 176 
 720.48  2945  1331 199.75 
 720.52  2950  1399 242 
 720.56  2955  1468 323.75 
 720.6  2960  1536 432.25 
 720.64  2965  1604 467 
 720.68  2970  1672 572 
 720.72  2975  1741 988.75 
 720.76  2980  1809 1154.25 
 720.8  2985  1878 1124 
 720.83  2990  1946 1896 
 720.87  2995  2015 2419 
 720.9  3000  2084 2349 
 720.94  3005  2153 3002 
 720.97  3010  2221 4362.5 
 721  3015  2290 5515 
 721.03  3020  2359 4786.5 
 721.06  3025  2428 8084.5 
 721.09  3030  2498 11939 
 721.12  3035  2567 13563 
 721.15  3040  2636 12845.5 
 721.18  3045  2705 16256 
 721.21  3050  2775 20633.5 
 721.24  3055  2844 20742 
 721.27  3060  2914 20153.5 
 721.3  3065  2984 23040.5 
 721.33  3070  3053 29490.5 
 721.36  3075  3123 33367 
 721.39  3080  3193 34791.5 
 721.42  3085  3263 38199 
 721.45  3090  3333 32801 
 721.49  3095  3403 34708.5 
 721.52  3100  3473 34068 
 721.55  3105  3544 52895 
 721.58  3110  3614 61471 
 721.61  3115  3684 58401 
 721.64  3120  3755 53719 
 721.67  3125  3826 60170.5 
 721.7  3130  3896 61557 
 721.73  3135  3967 61963 
 721.76  3140  4038 68138.5 
 721.79  3145  4109 56751.5 
 721.82  3150  4180 69665 
 721.85  3155  4251 57911 
 721.88  3160  4322 48821 
 721.91  3165  4393 63531.5 
 721.94  3170  4465 74602 
 721.97  3175  4536 72069.5 
 722  3180  4607 53093.5 
 722.03  3185  4679 61949 
 722.06  3190  4751 62125 
 722.1  3195  4822 54969 
 722.13  3200  4894 62253.5 
 722.16  3205  4966 65934.5 
 722.19  3210  5038 50307.5 
 722.22  3215  5110 48069 
 722.25  3220  5183 49427 
 722.28  3225  5255 38677 
 722.31  3230  5327 36725 
 722.34  3235  5400 37507 
 722.37  3240  5472 39958.5 
 722.4  3245  5545 36882.5 
 722.43  3250  5618 32213 
 722.7  3255  3767 19681 
 722.73  3260  3842 22460.5 
 722.76  3265  3916 21978.5 
 722.79  3270  3990 22149.5 
 722.82  3275  4065 21577.5 
 722.86  3280  4139 20440.5 
 722.89  3285  4214 20118.5 
 722.92  3290  4288 23560.5 
 722.95  3295  4363 25925 
 722.98  3300  4438 26259.5 
 723.01  3305  4513 21612 
 723.04  3310  4588 22483 
 723.07  3315  4664 22486.5 
 723.1  3320  4739 23056.5 
 723.13  3325  4814 22839 
 723.17  3330  4890 22837 
 723.2  3335  4965 20788.5 
 723.23  3340  5041 22126 
 723.26  3345  5117 23947 
 723.29  3350  5193 22900 
 723.32  3355  5269 24818 
 723.35  3360  5345 17071 
 723.38  3365  5421 21328 
 723.41  3370  5498 17442.5 
 723.44  3375  5574 22561 
 723.47  3380  5651 20392 
 723.5  3385  5728 23676.5 
 723.53  3390  5805 22119.5 
 723.57  3395  5882 22866.5 
 723.6  3400  5959 26170 
 723.63  3405  6036 22955 
 723.66  3410  6113 22154 
 723.69  3415  6190 20901.5 
 723.72  3420  6268 24171 
 723.75  3425  6346 22591.5 
 723.79  3430  6423 24459 
 723.82  3435  6501 22761 
 723.85  3440  6579 15899 
 723.88  3445  6658 17797 
 723.91  3450  6736 22422 
 723.94  3455  6814 22093 
 723.98  3460  6893 18926.5 
 724.01  3465  6971 21308 
 724.04  3470  7050 22600.5 
 724.07  3475  7129 17812 
 724.1  3480  7208 20885 
 724.13  3485  7287 20591 
 724.17  3490  7367 18461.5 
 724.2  3495  7446 18719 
 724.23  3500  7526 22951 
 724.26  3505  7605 23335 
 724.3  3510  7685 20726.5 
 724.33  3515  7765 20130.5 
 724.36  3520  7845 21046.5 
 724.39  3525  7925 16413.5 
 724.42  3530  8006 20585.5 
 724.46  3535  8086 21742 
 724.49  3540  8167 22234 
 724.52  3545  8248 22476 
 724.55  3550  8329 22067.5 
 724.58  3555  8410 19670 
 724.62  3560  8491 20446.5 
 724.65  3565  8572 16910 
 724.68  3570  8654 14150 
 724.71  3575  8736 17117 
 724.74  3580  8818 13032 
 724.78  3585  8900 11201 
 724.81  3590  8982 15833 
 724.84  3595  9064 19131 
 724.87  3600  9146 19804.5 
 724.9  3605  9229 15348.5 
 724.94  3610  9312 14015 
 724.97  3615  9395 15845.5 
 725  3620  9478 13257.5 
 725.03  3625  9561 16999 
 725.06  3630  9645 15255.5 
end
uxIntegration time is 0.2294 seconds per sampledt  2.7E-08 cy 1dh230619El Arenosillo 37.1 6.73 3.74pr1000dark 9.05 
 778.72  2900  722 127.75 
 778.76  2905  789 124.5 
 778.8  2910  857 131.25 
 778.84  2915  924 125.75 
 778.88  2920  992 135 
 778.92  2925  1060 135.75 
 778.96  2930  1127 150 
 779  2935  1195 166.25 
 779.04  2940  1263 178.25 
 779.08  2945  1331 202.25 
 779.11  2950  1399 241.25 
 779.15  2955  1468 323.5 
 779.19  2960  1536 437.75 
 779.23  2965  1604 483 
 779.27  2970  1672 548 
 779.31  2975  1741 1001.75 
 779.35  2980  1809 1191.25 
 779.39  2985  1878 1166 
 779.43  2990  1946 1965 
 779.47  2995  2015 2503.5 
 779.5  3000  2084 2432 
 779.53  3005  2153 3073.5 
 779.56  3010  2221 4486.5 
 779.59  3015  2290 5649 
 779.62  3020  2359 4881 
 779.65  3025  2428 8159.5 
 779.68  3030  2498 12104 
 779.71  3035  2567 13958 
 779.74  3040  2636 13131 
 779.77  3045  2705 16616.5 
 779.8  3050  2775 21217.5 
 779.83  3055  2844 21030 
 779.86  3060  2914 20605.5 
 779.9  3065  2984 23497 
 779.93  3070  3053 29894 
 779.96  3075  3123 33873.5 
 779.99  3080  3193 35314.5 
 780.02  3085  3263 38689 
 780.05  3090  3333 33231.5 
 780.08  3095  3403 35206 
 780.11  3100  3473 34772 
 780.14  3105  3544 53534.5 
 780.17  3110  3614 62246 
 780.2  3115  3684 59097 
 780.23  3120  3755 54202 
 780.26  3125  3826 60790.5 
 780.29  3130  3896 62234 
 780.32  3135  3967 62342.5 
 780.35  3140  4038 68910.5 
 780.38  3145  4109 57603.5 
 780.41  3150  4180 70568.5 
 780.45  3155  4251 58734.5 
 780.48  3160  4322 49429 
 780.51  3165  4393 64046 
 780.54  3170  4465 75538.5 
 780.57  3175  4536 73315 
 780.6  3180  4607 53829 
 780.63  3185  4679 62356 
 780.66  3190  4751 62652.5 
 780.69  3195  4822 55622.5 
 780.72  3200  4894 62998.5 
 780.75  3205  4966 66547 
 780.78  3210  5038 51123 
 780.81  3215  5110 48848.5 
 780.84  3220  5183 50457.5 
 780.87  3225  5255 39202.5 
 780.9  3230  5327 37065.5 
 780.93  3235  5400 38139 
 780.97  3240  5472 40402 
 781  3245  5545 37260 
 781.03  3250  5618 32522 
 781.3  3255  3767 19869.5 
 781.33  3260  3842 22734.5 
 781.36  3265  3916 22220 
 781.39  3270  3990 22317 
 781.42  3275  4065 21653.5 
 781.45  3280  4139 20417.5 
 781.48  3285  4214 20135 
 781.51  3290  4288 23647.5 
 781.54  3295  4363 26104.5 
 781.57  3300  4438 26409 
 781.6  3305  4513 21658.5 
 781.63  3310  4588 22650.5 
 781.66  3315  4664 22693.5 
 781.69  3320  4739 23121 
 781.72  3325  4814 23059 
 781.75  3330  4890 22732.5 
 781.79  3335  4965 20727 
 781.82  3340  5041 22086.5 
 781.85  3345  5117 23923 
 781.88  3350  5193 22897 
 781.91  3355  5269 24941.5 
 781.94  3360  5345 17147.5 
 781.97  3365  5421 21327 
 782  3370  5498 17266.5 
 782.04  3375  5574 22454 
 782.07  3380  5651 20359.5 
 782.1  3385  5728 23442 
 782.13  3390  5805 22116 
 782.16  3395  5882 22659.5 
 782.19  3400  5959 26194 
 782.22  3405  6036 22966 
 782.25  3410  6113 22105.5 
 782.28  3415  6190 20837 
 782.32  3420  6268 24085.5 
 782.35  3425  6346 22644.5 
 782.38  3430  6423 24290.5 
 782.41  3435  6501 22770.5 
 782.44  3440  6579 15816 
 782.48  3445  6658 17817.5 
 782.51  3450  6736 22573.5 
 782.54  3455  6814 22293.5 
 782.57  3460  6893 19003 
 782.6  3465  6971 21531 
 782.63  3470  7050 22626.5 
 782.67  3475  7129 17823.5 
 782.7  3480  7208 20810 
 782.73  3485  7287 20515.5 
 782.76  3490  7367 18509 
 782.8  3495  7446 18641 
 782.83  3500  7526 23136 
 782.86  3505  7605 23355.5 
 782.89  3510  7685 20584.5 
 782.92  3515  7765 20145 
 782.96  3520  7845 20872.5 
 782.99  3525  7925 16254 
 783.02  3530  8006 20507 
 783.05  3535  8086 21627 
 783.08  3540  8167 22042.5 
 783.12  3545  8248 22254 
 783.15  3550  8329 21679 
 783.18  3555  8410 19350.5 
 783.21  3560  8491 20108 
 783.24  3565  8572 16502 
 783.28  3570  8654 13692.5 
 783.31  3575  8736 16581.5 
 783.34  3580  8818 12635 
 783.37  3585  8900 10745.5 
 783.4  3590  8982 15321 
 783.44  3595  9064 18551.5 
 783.47  3600  9146 19160 
 783.5  3605  9229 14754 
 783.53  3610  9312 13331.5 
 783.56  3615  9395 15172.5 
 783.6  3620  9478 12683 
 783.63  3625  9561 17142.5 
 783.66  3630  9645 14542.5 
end
uxIntegration time is 0.2294 seconds per sampledt  2.7E-08 cy 1dh230619El Arenosillo 37.1 6.73 3.72pr1000dark 4.85 
 838.21  2900  722 107.5 
 838.25  2905  789 116 
 838.29  2910  857 116.75 
 838.33  2915  924 115 
 838.37  2920  992 119.25 
 838.41  2925  1060 119 
 838.45  2930  1127 138.75 
 838.49  2935  1195 139.5 
 838.53  2940  1263 144.5 
 838.57  2945  1331 157 
 838.61  2950  1399 191.5 
 838.65  2955  1468 255.75 
 838.69  2960  1536 331.25 
 838.72  2965  1604 363.75 
 838.76  2970  1672 431.75 
 838.8  2975  1741 755.5 
 838.84  2980  1809 890.75 
 838.88  2985  1878 881.75 
 838.92  2990  1946 1506.5 
 838.96  2995  2015 1902 
 838.99  3000  2084 1875 
 839.02  3005  2153 2468.5 
 839.05  3010  2221 3556 
 839.08  3015  2290 4554 
 839.11  3020  2359 3923 
 839.14  3025  2428 6664 
 839.17  3030  2498 10081 
 839.21  3035  2567 11493.5 
 839.24  3040  2636 10852 
 839.27  3045  2705 13958.5 
 839.3  3050  2775 18035.5 
 839.33  3055  2844 17987.5 
 839.36  3060  2914 17603.5 
 839.39  3065  2984 20293 
 839.42  3070  3053 26193 
 839.45  3075  3123 29757 
 839.48  3080  3193 30939.5 
 839.51  3085  3263 33999 
 839.54  3090  3333 29361 
 839.57  3095  3403 31272 
 839.6  3100  3473 30924 
 839.63  3105  3544 47733.5 
 839.66  3110  3614 55725 
 839.69  3115  3684 52967.5 
 839.73  3120  3755 48880.5 
 839.76  3125  3826 55133.5 
 839.79  3130  3896 56268 
 839.82  3135  3967 56437.5 
 839.85  3140  4038 62706 
 839.88  3145  4109 52470.5 
 839.91  3150  4180 64451 
 839.94  3155  4251 53538.5 
 839.97  3160  4322 45046.5 
 840  3165  4393 58395 
 840.03  3170  4465 69001 
 840.06  3175  4536 67084 
 840.09  3180  4607 49112 
 840.12  3185  4679 57665.5 
 840.15  3190  4751 57879.5 
 840.18  3195  4822 51174.5 
 840.22  3200  4894 57904.5 
 840.25  3205  4966 61539 
 840.28  3210  5038 47198 
 840.31  3215  5110 45197 
 840.34  3220  5183 46434 
 840.37  3225  5255 36313 
 840.4  3230  5327 34326 
 840.43  3235  5400 35397.5 
 840.46  3240  5472 37659 
 840.49  3245  5545 34898 
 840.52  3250  5618 30395.5 
 840.79  3255  3767 18632.5 
 840.82  3260  3842 21190.5 
 840.85  3265  3916 20831.5 
 840.89  3270  3990 20855.5 
 840.92  3275  4065 20277 
 840.95  3280  4139 19070.5 
 840.98  3285  4214 18864 
 841.01  3290  4288 22050.5 
 841.04  3295  4363 24465.5 
 841.07  3300  4438 24732 
 841.1  3305  4513 20217.5 
 841.13  3310  4588 21130 
 841.16  3315  4664 21182 
 841.19  3320  4739 21476.5 
 841.22  3325  4814 21435 
 841.25  3330  4890 21382.5 
 841.28  3335  4965 19481.5 
 841.32  3340  5041 20743 
 841.35  3345  5117 22444 
 841.38  3350  5193 21496 
 841.41  3355  5269 23402 
 841.44  3360  5345 16050.5 
 841.47  3365  5421 19950 
 841.5  3370  5498 16219 
 841.53  3375  5574 21108 
 841.56  3380  5651 19077.5 
 841.6  3385  5728 22032 
 841.63  3390  5805 20712 
 841.66  3395  5882 21204.5 
 841.69  3400  5959 24394.5 
 841.72  3405  6036 21320 
 841.75  3410  6113 20687 
 841.78  3415  6190 19448.5 
 841.81  3420  6268 22342.5 
 841.84  3425  6346 21044 
 841.87  3430  6423 22528 
 841.91  3435  6501 20938.5 
 841.94  3440  6579 14704.5 
 841.97  3445  6658 16514 
 842  3450  6736 20888 
 842.03  3455  6814 20531.5 
 842.06  3460  6893 17635.5 
 842.09  3465  6971 19799 
 842.13  3470  7050 20833.5 
 842.16  3475  7129 16489 
 842.19  3480  7208 19284.5 
 842.22  3485  7287 19104 
 842.25  3490  7367 17076.5 
 842.28  3495  7446 17243.5 
 842.31  3500  7526 21257 
 842.35  3505  7605 21732 
 842.38  3510  7685 19032.5 
 842.41  3515  7765 18762 
 842.44  3520  7845 19515 
 842.48  3525  7925 15245.5 
 842.51  3530  8006 18990 
 842.54  3535  8086 19985.5 
 842.57  3540  8167 20237.5 
 842.6  3545  8248 20311 
 842.63  3550  8329 19866 
 842.67  3555  8410 17720.5 
 842.7  3560  8491 18521.5 
 842.73  3565  8572 15273 
 842.76  3570  8654 12906.5 
 842.8  3575  8736 15534.5 
 842.83  3580  8818 11846 
 842.86  3585  8900 10075 
 842.89  3590  8982 14278.5 
 842.92  3595  9064 17272.5 
 842.96  3600  9146 17890.5 
 842.99  3605  9229 13720.5 
 843.02  3610  9312 12434.5 
 843.05  3615  9395 14209 
 843.08  3620  9478 11812.5 
 843.11  3625  9561 16062 
 843.15  3630  9645 13752.5 
end
uxIntegration time is 0.2294 seconds per sampledt  2.7E-08 cy 1dh230619El Arenosillo 37.1 6.73 3.72pr1000dark 5.15 
 898.28  2900  722 55 
 898.32  2905  789 57 
 898.35  2910  857 57.75 
 898.39  2915  924 56.5 
 898.43  2920  992 63.75 
 898.47  2925  1060 67 
 898.51  2930  1127 57 
 898.55  2935  1195 67.75 
 898.59  2940  1263 64.25 
 898.63  2945  1331 70 
 898.67  2950  1399 77.25 
 898.71  2955  1468 94.5 
 898.75  2960  1536 114.5 
 898.79  2965  1604 126.25 
 898.82  2970  1672 142.75 
 898.86  2975  1741 241 
 898.9  2980  1809 277 
 898.94  2985  1878 282.75 
 898.98  2990  1946 466.5 
 899.02  2995  2015 634.25 
 899.05  3000  2084 624.5 
 899.08  3005  2153 830.5 
 899.11  3010  2221 1265.5 
 899.14  3015  2290 1602.5 
 899.17  3020  2359 1446 
 899.21  3025  2428 2483.5 
 899.24  3030  2498 3898.5 
 899.27  3035  2567 4605 
 899.3  3040  2636 4447 
 899.33  3045  2705 5700 
 899.36  3050  2775 7535.5 
 899.39  3055  2844 7735.5 
 899.42  3060  2914 7647 
 899.45  3065  2984 8907.5 
 899.48  3070  3053 11780 
 899.51  3075  3123 13569 
 899.54  3080  3193 14310 
 899.57  3085  3263 15820 
 899.6  3090  3333 13744.5 
 899.63  3095  3403 14973.5 
 899.66  3100  3473 14975.5 
 899.69  3105  3544 23348.5 
 899.73  3110  3614 27672.5 
 899.76  3115  3684 26634 
 899.79  3120  3755 25238 
 899.82  3125  3826 28931.5 
 899.85  3130  3896 29898 
 899.88  3135  3967 30215 
 899.91  3140  4038 33995.5 
 899.94  3145  4109 29014 
 899.97  3150  4180 35903 
 900  3155  4251 29936.5 
 900.03  3160  4322 25329 
 900.06  3165  4393 33148.5 
 900.09  3170  4465 39473 
 900.12  3175  4536 38364.5 
 900.15  3180  4607 28539 
 900.18  3185  4679 33788 
 900.21  3190  4751 33937 
 900.24  3195  4822 30162.5 
 900.27  3200  4894 33938.5 
 900.31  3205  4966 36700 
 900.34  3210  5038 28455.5 
 900.37  3215  5110 27225.5 
 900.4  3220  5183 27915.5 
 900.43  3225  5255 21934.5 
 900.46  3230  5327 21175.5 
 900.49  3235  5400 22196.5 
 900.52  3240  5472 23932 
 900.55  3245  5545 22292.5 
 900.58  3250  5618 19425.5 
 900.85  3255  3767 11900 
 900.88  3260  3842 13840 
 900.91  3265  3916 13816.5 
 900.94  3270  3990 13909 
 900.97  3275  4065 13595.5 
 901  3280  4139 12689 
 901.03  3285  4214 12581.5 
 901.07  3290  4288 14712 
 901.1  3295  4363 16100 
 901.13  3300  4438 16284 
 901.16  3305  4513 13296 
 901.19  3310  4588 13773 
 901.22  3315  4664 13901.5 
 901.25  3320  4739 14170 
 901.28  3325  4814 14102.5 
 901.31  3330  4890 14062.5 
 901.34  3335  4965 12821 
 901.37  3340  5041 13690 
 901.4  3345  5117 14799 
 901.43  3350  5193 14179.5 
 901.47  3355  5269 15524 
 901.5  3360  5345 10833.5 
 901.53  3365  5421 13626.5 
 901.56  3370  5498 11202 
 901.59  3375  5574 14581 
 901.62  3380  5651 13277.5 
 901.65  3385  5728 15237 
 901.68  3390  5805 14415 
 901.71  3395  5882 15097 
 901.74  3400  5959 17539 
 901.78  3405  6036 15637 
 901.81  3410  6113 15226 
 901.84  3415  6190 14487.5 
 901.87  3420  6268 16958.5 
 901.9  3425  6346 16125.5 
 901.93  3430  6423 17286.5 
 901.96  3435  6501 16012 
 901.99  3440  6579 11213.5 
 902.02  3445  6658 12755 
 902.06  3450  6736 16200 
 902.09  3455  6814 16013.5 
 902.12  3460  6893 13638 
 902.15  3465  6971 15357 
 902.18  3470  7050 16217.5 
 902.22  3475  7129 12827.5 
 902.25  3480  7208 14883.5 
 902.28  3485  7287 14605 
 902.31  3490  7367 13061 
 902.34  3495  7446 13305 
 902.37  3500  7526 16491.5 
 902.41  3505  7605 16845 
 902.44  3510  7685 14947 
 902.47  3515  7765 14559 
 902.5  3520  7845 15083 
 902.54  3525  7925 11745 
 902.57  3530  8006 14674 
 902.6  3535  8086 15383 
 902.63  3540  8167 15736.5 
 902.66  3545  8248 15981.5 
 902.7  3550  8329 15679.5 
 902.73  3555  8410 13948 
 902.76  3560  8491 14633.5 
 902.79  3565  8572 12253 
 902.82  3570  8654 10460.5 
 902.86  3575  8736 12779 
 902.89  3580  8818 9649.5 
 902.92  3585  8900 8247 
 902.95  3590  8982 11660 
 902.98  3595  9064 14063.5 
 903.02  3600  9146 14296.5 
 903.05  3605  9229 10915.5 
 903.08  3610  9312 9856.5 
 903.11  3615  9395 11046.5 
 903.14  3620  9478 9102 
 903.18  3625  9561 12276.5 
 903.21  3630  9645 10515.5 
end
uxIntegration time is 0.2294 seconds per sampledt  2.7E-08 cy 1dh230619El Arenosillo 37.1 6.73 3.66pr1000dark 4.3 
 958.26  2900  722 64 
 958.3  2905  789 66.25 
 958.34  2910  857 65.75 
 958.38  2915  924 69.75 
 958.42  2920  992 69.25 
 958.46  2925  1060 68.75 
 958.5  2930  1127 70.5 
 958.54  2935  1195 71.5 
 958.58  2940  1263 73 
 958.62  2945  1331 77 
 958.66  2950  1399 78.75 
 958.69  2955  1468 85 
 958.73  2960  1536 100.75 
 958.77  2965  1604 110 
 958.81  2970  1672 116.5 
 958.85  2975  1741 164.75 
 958.89  2980  1809 203.25 
 958.93  2985  1878 211.5 
 958.97  2990  1946 329 
 959.01  2995  2015 450.75 
 959.04  3000  2084 465 
 959.07  3005  2153 612 
 959.1  3010  2221 943.5 
 959.13  3015  2290 1270.5 
 959.16  3020  2359 1163 
 959.19  3025  2428 2061 
 959.22  3030  2498 3214 
 959.25  3035  2567 3905.5 
 959.28  3040  2636 3791.5 
 959.31  3045  2705 5005.5 
 959.34  3050  2775 6853.5 
 959.38  3055  2844 7097 
 959.41  3060  2914 7083 
 959.44  3065  2984 8360.5 
 959.47  3070  3053 11405 
 959.5  3075  3123 13506.5 
 959.53  3080  3193 14252 
 959.56  3085  3263 15949 
 959.59  3090  3333 13998 
 959.62  3095  3403 15532.5 
 959.65  3100  3473 15576 
 959.68  3105  3544 24295 
 959.71  3110  3614 28337.5 
 959.74  3115  3684 26798 
 959.77  3120  3755 25178.5 
 959.8  3125  3826 28597.5 
 959.83  3130  3896 29024 
 959.86  3135  3967 28898.5 
 959.89  3140  4038 32290.5 
 959.92  3145  4109 27824.5 
 959.96  3150  4180 34308.5 
 959.99  3155  4251 28612 
 960.02  3160  4322 24722 
 960.05  3165  4393 32358 
 960.08  3170  4465 37221 
 960.11  3175  4536 34785 
 960.14  3180  4607 24978 
 960.17  3185  4679 29016 
 960.2  3190  4751 29164.5 
 960.23  3195  4822 25565 
 960.26  3200  4894 28972 
 960.29  3205  4966 31092 
 960.32  3210  5038 24313 
 960.35  3215  5110 23529 
 960.38  3220  5183 24001.5 
 960.41  3225  5255 18874.5 
 960.45  3230  5327 18130.5 
 960.48  3235  5400 18740.5 
 960.51  3240  5472 19680.5 
 960.54  3245  5545 17755.5 
 960.57  3250  5618 15252 
 960.84  3255  3767 9954.5 
 960.87  3260  3842 11590 
 960.9  3265  3916 11432 
 960.93  3270  3990 11516.5 
 960.96  3275  4065 11254 
 960.99  3280  4139 10594 
 961.02  3285  4214 10475 
 961.05  3290  4288 12214 
 961.08  3295  4363 13186 
 961.11  3300  4438 13345.5 
 961.15  3305  4513 11038 
 961.18  3310  4588 11552 
 961.21  3315  4664 11814.5 
 961.24  3320  4739 12186 
 961.27  3325  4814 12401 
 961.3  3330  4890 12394 
 961.33  3335  4965 11219 
 961.36  3340  5041 12045 
 961.39  3345  5117 13172 
 961.42  3350  5193 12830 
 961.45  3355  5269 13935.5 
 961.48  3360  5345 9629 
 961.52  3365  5421 11985.5 
 961.55  3370  5498 9549 
 961.58  3375  5574 12384 
 961.61  3380  5651 11148.5 
 961.64  3385  5728 12831 
 961.67  3390  5805 12021 
 961.7  3395  5882 12403 
 961.73  3400  5959 14019 
 961.76  3405  6036 12283 
 961.8  3410  6113 11764.5 
 961.83  3415  6190 11101 
 961.86  3420  6268 12585 
 961.89  3425  6346 11800.5 
 961.92  3430  6423 12541 
 961.95  3435  6501 11414 
 961.98  3440  6579 7835.5 
 962.01  3445  6658 8735.5 
 962.05  3450  6736 10832 
 962.08  3455  6814 10786 
 962.11  3460  6893 9415.5 
 962.14  3465  6971 10655 
 962.17  3470  7050 11322 
 962.2  3475  7129 8961 
 962.24  3480  7208 10479.5 
 962.27  3485  7287 10354.5 
 962.3  3490  7367 9383.5 
 962.33  3495  7446 9633.5 
 962.37  3500  7526 12047.5 
 962.4  3505  7605 12598 
 962.43  3510  7685 11114 
 962.46  3515  7765 10926 
 962.49  3520  7845 11343 
 962.53  3525  7925 8802 
 962.56  3530  8006 10844 
 962.59  3535  8086 11306.5 
 962.62  3540  8167 11449.5 
 962.65  3545  8248 11667 
 962.69  3550  8329 11598 
 962.72  3555  8410 10504.5 
 962.75  3560  8491 10948.5 
 962.78  3565  8572 9216.5 
 962.81  3570  8654 7720 
 962.85  3575  8736 9304.5 
 962.88  3580  8818 6941 
 962.91  3585  8900 5818 
 962.94  3590  8982 7865 
 962.97  3595  9064 9344.5 
 963.01  3600  9146 9436.5 
 963.04  3605  9229 7323.5 
 963.07  3610  9312 6797 
 963.1  3615  9395 7915.5 
 963.13  3620  9478 6777 
 963.17  3625  9561 9421 
 963.2  3630  9645 7924 
end
uxIntegration time is 0.2294 seconds per sampledt  2.7E-08 cy 1dh230619El Arenosillo 37.1 6.73 3.27pr1000dark 1.65 
 1161.38  2900  722 2.5 
 1161.42  2905  789 2.5 
 1161.46  2910  857 3 
 1161.5  2915  924 2.5 
 1161.53  2920  992 2.25 
 1161.57  2925  1060 2.5 
 1161.61  2930  1127 2.25 
 1161.65  2935  1195 2.5 
 1161.69  2940  1263 3 
 1161.73  2945  1331 2.25 
 1161.77  2950  1399 2 
 1161.81  2955  1468 2.75 
 1161.85  2960  1536 2.75 
 1161.89  2965  1604 3.25 
 1161.93  2970  1672 2 
 1161.97  2975  1741 2 
 1162.01  2980  1809 3 
 1162.05  2985  1878 2.5 
 1162.08  2990  1946 6.75 
 1162.12  2995  2015 3.25 
 1162.15  3000  2084 4 
 1162.18  3005  2153 3 
 1162.21  3010  2221 4 
 1162.25  3015  2290 4.5 
 1162.28  3020  2359 5.5 
 1162.31  3025  2428 6 
 1162.34  3030  2498 9 
 1162.37  3035  2567 11 
 1162.4  3040  2636 9 
 1162.43  3045  2705 11 
 1162.46  3050  2775 23 
 1162.49  3055  2844 19.5 
 1162.52  3060  2914 18.5 
 1162.55  3065  2984 21 
 1162.58  3070  3053 29 
 1162.61  3075  3123 35 
 1162.64  3080  3193 39.5 
 1162.67  3085  3263 42.5 
 1162.7  3090  3333 42 
 1162.73  3095  3403 51 
 1162.77  3100  3473 55 
 1162.8  3105  3544 86.5 
 1162.83  3110  3614 113 
 1162.86  3115  3684 111 
 1162.89  3120  3755 115.5 
 1162.92  3125  3826 153 
 1162.95  3130  3896 178.5 
 1162.98  3135  3967 175 
 1163.01  3140  4038 214.5 
 1163.04  3145  4109 241.5 
 1163.07  3150  4180 295.5 
 1163.1  3155  4251 240 
 1163.13  3160  4322 246.5 
 1163.16  3165  4393 408.5 
 1163.19  3170  4465 449 
 1163.22  3175  4536 430.5 
 1163.25  3180  4607 372 
 1163.28  3185  4679 584 
 1163.31  3190  4751 639 
 1163.35  3195  4822 470.5 
 1163.38  3200  4894 546.5 
 1163.41  3205  4966 761 
 1163.44  3210  5038 747.5 
 1163.47  3215  5110 718.5 
 1163.5  3220  5183 590 
 1163.53  3225  5255 445.5 
 1163.56  3230  5327 548 
 1163.59  3235  5400 740.5 
 1163.62  3240  5472 789 
 1163.65  3245  5545 643.5 
 1163.68  3250  5618 484 
 1163.95  3255  3767 328 
 1163.98  3260  3842 487.5 
 1164.01  3265  3916 528.5 
 1164.04  3270  3990 516 
 1164.07  3275  4065 451.5 
 1164.11  3280  4139 371.5 
 1164.14  3285  4214 441.5 
 1164.17  3290  4288 615 
 1164.2  3295  4363 709 
 1164.23  3300  4438 675.5 
 1164.26  3305  4513 524.5 
 1164.29  3310  4588 521.5 
 1164.32  3315  4664 549.5 
 1164.35  3320  4739 621.5 
 1164.38  3325  4814 668.5 
 1164.41  3330  4890 639.5 
 1164.44  3335  4965 542 
 1164.47  3340  5041 576.5 
 1164.51  3345  5117 684.5 
 1164.54  3350  5193 692.5 
 1164.57  3355  5269 758 
 1164.6  3360  5345 526 
 1164.63  3365  5421 617.5 
 1164.66  3370  5498 478.5 
 1164.69  3375  5574 627 
 1164.72  3380  5651 617 
 1164.75  3385  5728 720.5 
 1164.79  3390  5805 681 
 1164.82  3395  5882 679 
 1164.85  3400  5959 767.5 
 1164.88  3405  6036 680.5 
 1164.91  3410  6113 664.5 
 1164.94  3415  6190 638.5 
 1164.97  3420  6268 741.5 
 1165  3425  6346 718.5 
 1165.04  3430  6423 748 
 1165.07  3435  6501 701.5 
 1165.1  3440  6579 468.5 
 1165.13  3445  6658 547.5 
 1165.16  3450  6736 697.5 
 1165.19  3455  6814 682 
 1165.22  3460  6893 581.5 
 1165.26  3465  6971 659.5 
 1165.29  3470  7050 682.5 
 1165.32  3475  7129 563.5 
 1165.35  3480  7208 656.5 
 1165.38  3485  7287 642 
 1165.41  3490  7367 573.5 
 1165.44  3495  7446 591 
 1165.48  3500  7526 701 
 1165.51  3505  7605 716.5 
 1165.54  3510  7685 637 
 1165.57  3515  7765 643 
 1165.6  3520  7845 647 
 1165.64  3525  7925 518.5 
 1165.67  3530  8006 650 
 1165.7  3535  8086 669.5 
 1165.73  3540  8167 671 
 1165.76  3545  8248 679 
 1165.8  3550  8329 678.5 
 1165.83  3555  8410 591.5 
 1165.86  3560  8491 629 
 1165.89  3565  8572 501.5 
 1165.92  3570  8654 422.5 
 1165.96  3575  8736 525 
 1165.99  3580  8818 393.5 
 1166.02  3585  8900 335 
 1166.05  3590  8982 480.5 
 1166.08  3595  9064 574.5 
 1166.12  3600  9146 583 
 1166.15  3605  9229 471.5 
 1166.18  3610  9312 420.5 
 1166.21  3615  9395 486 
 1166.24  3620  9478 409.5 
 1166.28  3625  9561 529.5 
 1166.31  3630  9645 463 
end
