ufIntegration time is 0.2294 seconds per sampledt  4.1E-08 cy 4dh260619Arenosillo 37.1 6.73 3.21pr1000dark 1 
 289.65  2900  1261 1 
 289.69  2905  1333 1 
 289.73  2910  1405 2 
 289.77  2915  1477 1 
 289.81  2920  1549 1 
 289.86  2925  1621 1 
 289.9  2930  1693 2 
 289.94  2935  1765 2 
 289.97  2940  1837 1 
 290.01  2945  1909 1 
 290.05  2950  1981 1 
 290.09  2955  2054 2 
 290.13  2960  2126 1 
 290.17  2965  2199 1 
 290.22  2970  2271 2 
 290.26  2975  2344 1 
 290.3  2980  2416 1 
 290.34  2985  2489 1 
 290.38  2990  2562 2 
 290.42  2995  2635 1 
 290.46  3000  2708 2 
 290.5  3005  2781 3 
 290.53  3010  2854 1 
 290.58  3015  2927 3 
 290.62  3020  3000 2 
 290.66  3025  3073 3 
 290.7  3030  3147 4 
 290.74  3035  3220 5 
 290.78  3040  3294 5 
 290.82  3045  3367 5 
 290.86  3050  3441 10 
 290.9  3055  3514 6 
 290.94  3060  3588 9 
 290.98  3065  3662 10 
 291.02  3070  3736 11 
 291.06  3075  3810 15 
 291.1  3080  3884 17 
 291.14  3085  3958 20 
 291.18  3090  4032 15 
 291.22  3095  4106 18 
 291.26  3100  4181 24 
 291.31  3105  4255 29 
 291.35  3110  4329 32 
 291.38  3115  4404 32 
 291.42  3120  4479 38 
 291.46  3125  4553 36 
 291.51  3130  4628 39 
 291.55  3135  4703 38 
 291.59  3140  4778 51 
 291.62  3145  4853 40 
 291.67  3150  4928 54 
 291.71  3155  5003 44 
 291.75  3160  5078 46 
 291.79  3165  5153 63 
 291.83  3170  5228 74 
 291.87  3175  5304 76 
 291.91  3180  5379 56 
 291.95  3185  5455 75 
 292  3190  5530 82 
 292.04  3195  5606 62 
 292.08  3200  5682 63 
 292.12  3205  5758 76 
 292.16  3210  5834 71 
 292.2  3215  5910 67 
 292.24  3220  5986 60 
 292.28  3225  6062 48 
 292.32  3230  6138 49 
 292.37  3235  6214 68 
 292.41  3240  6291 70 
 292.45  3245  6367 54 
 292.49  3250  6444 42 
end
uaIntegration time is 0.2294 seconds per sampledt  4.1E-08 cy 1dh260619Arenosillo 37.1 6.73 3.19pr1000dark .2 
 330.04  2900  1261 2.5 
 330.09  2905  1333 2 
 330.15  2910  1405 2.5 
 330.19  2915  1477 3.75 
 330.24  2920  1549 3 
 330.3  2925  1621 3.25 
 330.34  2930  1693 3.25 
 330.39  2935  1765 3.25 
 330.45  2940  1837 3 
 330.5  2945  1909 2.5 
 330.55  2950  1981 3.25 
 330.6  2955  2054 3.5 
 330.65  2960  2126 2.5 
 330.7  2965  2199 4.75 
 330.74  2970  2271 4.25 
 330.79  2975  2344 4.25 
 330.84  2980  2416 4.25 
 330.89  2985  2489 3.5 
 330.94  2990  2562 5 
 331  2995  2635 6.25 
 331.05  3000  2708 5.5 
 331.1  3005  2781 6.5 
 331.15  3010  2854 6.75 
 331.2  3015  2927 7.75 
 331.24  3020  3000 8.75 
 331.29  3025  3073 11.5 
 331.35  3030  3147 17.75 
 331.39  3035  3220 17.25 
 331.44  3040  3294 18.5 
 331.5  3045  3367 27.75 
 331.55  3050  3441 39.75 
 331.6  3055  3514 36.75 
 331.65  3060  3588 36.25 
 331.7  3065  3662 37.75 
 331.74  3070  3736 52 
 331.79  3075  3810 64 
 331.85  3080  3884 72 
 331.9  3085  3958 78.5 
 331.94  3090  4032 65.25 
 331.99  3095  4106 80.75 
 332.05  3100  4181 83.5 
 332.09  3105  4255 128.75 
 332.15  3110  4329 156 
 332.2  3115  4404 158 
 332.25  3120  4479 151.25 
 332.3  3125  4553 200.5 
 332.35  3130  4628 216 
 332.4  3135  4703 207.25 
 332.44  3140  4778 255.75 
 332.49  3145  4853 271.5 
 332.55  3150  4928 346.75 
 332.6  3155  5003 273.5 
 332.64  3160  5078 282.5 
 332.7  3165  5153 434.25 
 332.75  3170  5228 486.5 
 332.8  3175  5304 458 
 332.85  3180  5379 407.5 
 332.9  3185  5455 624.75 
 332.94  3190  5530 704 
 332.99  3195  5606 522.25 
 333.05  3200  5682 604.5 
 333.1  3205  5758 855.75 
 333.14  3210  5834 822.75 
 333.2  3215  5910 797.25 
 333.25  3220  5986 670.25 
 333.3  3225  6062 528.25 
 333.35  3230  6138 627.5 
 333.4  3235  6214 854.5 
 333.45  3240  6291 944 
 333.5  3245  6367 785.25 
 333.55  3250  6444 567 
end
uaIntegration time is 0.2294 seconds per sampledt  4.1E-08 cy 1dh260619Arenosillo 37.1 6.73 3.17pr1000dark .2 
 360.04  2900  1261 10.75 
 360.09  2905  1333 10.5 
 360.14  2910  1405 11 
 360.2  2915  1477 11.25 
 360.24  2920  1549 11.5 
 360.29  2925  1621 11.25 
 360.34  2930  1693 12.5 
 360.4  2935  1765 11.75 
 360.45  2940  1837 14 
 360.49  2945  1909 13.5 
 360.55  2950  1981 13.5 
 360.59  2955  2054 11 
 360.64  2960  2126 13.5 
 360.69  2965  2199 12.75 
 360.75  2970  2271 12.25 
 360.79  2975  2344 14 
 360.84  2980  2416 14.25 
 360.89  2985  2489 13 
 360.94  2990  2562 15.5 
 361  2995  2635 15 
 361.05  3000  2708 14.5 
 361.09  3005  2781 18 
 361.14  3010  2854 20.25 
 361.19  3015  2927 24.75 
 361.24  3020  3000 24.25 
 361.3  3025  3073 34.75 
 361.34  3030  3147 40.75 
 361.39  3035  3220 47.5 
 361.45  3040  3294 47.75 
 361.5  3045  3367 65 
 361.55  3050  3441 86.5 
 361.6  3055  3514 94.5 
 361.64  3060  3588 97.5 
 361.69  3065  3662 129.75 
 361.74  3070  3736 193.5 
 361.79  3075  3810 237.5 
 361.85  3080  3884 261.5 
 361.89  3085  3958 324.75 
 361.94  3090  4032 308 
 362  3095  4106 427.5 
 362.05  3100  4181 468 
 362.1  3105  4255 788.25 
 362.15  3110  4329 977.25 
 362.19  3115  4404 1021 
 362.25  3120  4479 1174.75 
 362.29  3125  4553 1524 
 362.34  3130  4628 1660.75 
 362.4  3135  4703 1637 
 362.44  3140  4778 2077.5 
 362.5  3145  4853 2223.5 
 362.55  3150  4928 2791.25 
 362.6  3155  5003 2194.5 
 362.65  3160  5078 2188.75 
 362.7  3165  5153 3244.75 
 362.75  3170  5228 3775.5 
 362.79  3175  5304 3551.25 
 362.84  3180  5379 2902 
 362.89  3185  5455 3972.25 
 362.95  3190  5530 4353.25 
 362.99  3195  5606 3340 
 363.04  3200  5682 3736 
 363.1  3205  5758 4709.5 
 363.14  3210  5834 4140.75 
 363.19  3215  5910 3855.5 
 363.25  3220  5986 3524.5 
 363.3  3225  6062 2733.25 
 363.34  3230  6138 2839 
 363.39  3235  6214 3407.75 
 363.45  3240  6291 3677.5 
 363.5  3245  6367 3244.25 
 363.55  3250  6444 2541.25 
end
uaIntegration time is 0.2294 seconds per sampledt  4.1E-08 cy 1dh260619Arenosillo 37.1 6.73 3.17pr1000dark .2 
 390.04  2900  1261 20.75 
 390.1  2905  1333 22 
 390.14  2910  1405 22.5 
 390.2  2915  1477 25.75 
 390.25  2920  1549 22 
 390.3  2925  1621 23.5 
 390.35  2930  1693 22 
 390.4  2935  1765 22.5 
 390.45  2940  1837 35 
 390.5  2945  1909 30.5 
 390.55  2950  1981 36 
 390.59  2955  2054 25.75 
 390.64  2960  2126 25.75 
 390.7  2965  2199 25.75 
 390.75  2970  2271 28.25 
 390.8  2975  2344 27 
 390.85  2980  2416 28.5 
 390.9  2985  2489 29 
 390.95  2990  2562 43.75 
 391  2995  2635 34.5 
 391.05  3000  2708 31 
 391.1  3005  2781 38.5 
 391.14  3010  2854 39 
 391.2  3015  2927 43.75 
 391.24  3020  3000 44 
 391.3  3025  3073 61 
 391.35  3030  3147 83 
 391.39  3035  3220 95 
 391.45  3040  3294 96.75 
 391.5  3045  3367 134.25 
 391.55  3050  3441 214.75 
 391.6  3055  3514 232.75 
 391.65  3060  3588 243.25 
 391.7  3065  3662 303.75 
 391.75  3070  3736 481.25 
 391.8  3075  3810 644.5 
 391.85  3080  3884 686.5 
 391.9  3085  3958 805.75 
 391.95  3090  4032 747 
 392  3095  4106 982.25 
 392.05  3100  4181 1066.75 
 392.1  3105  4255 1745.75 
 392.15  3110  4329 2087.75 
 392.21  3115  4404 2054.25 
 392.25  3120  4479 2213 
 392.29  3125  4553 2700.5 
 392.35  3130  4628 2855.75 
 392.4  3135  4703 2785.25 
 392.45  3140  4778 3364.5 
 392.5  3145  4853 3230 
 392.55  3150  4928 4010.75 
 392.6  3155  5003 3187.5 
 392.65  3160  5078 2973.5 
 392.7  3165  5153 4187.5 
 392.75  3170  5228 4845.25 
 392.8  3175  5304 4670.25 
 392.85  3180  5379 3640.25 
 392.9  3185  5455 4666.75 
 392.94  3190  5530 5009.75 
 393  3195  5606 4015 
 393.05  3200  5682 4500.25 
 393.11  3205  5758 5325 
 393.15  3210  5834 4483.75 
 393.2  3215  5910 4151.5 
 393.25  3220  5986 3987.75 
 393.3  3225  6062 3120.5 
 393.35  3230  6138 3071 
 393.41  3235  6214 3476 
 393.45  3240  6291 3692 
 393.49  3245  6367 3330.75 
 393.55  3250  6444 2701.75 
end
uaIntegration time is 0.2294 seconds per sampledt  4.1E-08 cy 1dh260619Arenosillo 37.1 6.73 3.17pr1000dark .15 
 420.04  2900  1261 90.25 
 420.09  2905  1333 93.75 
 420.14  2910  1405 97.25 
 420.19  2915  1477 96.5 
 420.24  2920  1549 98.75 
 420.29  2925  1621 102 
 420.35  2930  1693 102.5 
 420.39  2935  1765 97.5 
 420.44  2940  1837 107.5 
 420.49  2945  1909 104.5 
 420.54  2950  1981 107 
 420.59  2955  2054 115 
 420.64  2960  2126 109 
 420.69  2965  2199 111.5 
 420.74  2970  2271 110.75 
 420.8  2975  2344 115 
 420.84  2980  2416 116 
 420.89  2985  2489 122 
 420.94  2990  2562 133.5 
 420.99  2995  2635 138.75 
 421.04  3000  2708 141.25 
 421.09  3005  2781 146.75 
 421.14  3010  2854 192 
 421.19  3015  2927 228.5 
 421.25  3020  3000 230.75 
 421.29  3025  3073 363 
 421.34  3030  3147 586.25 
 421.39  3035  3220 691.25 
 421.44  3040  3294 734 
 421.49  3045  3367 1063.25 
 421.54  3050  3441 1659.25 
 421.59  3055  3514 1741.25 
 421.64  3060  3588 1902 
 421.7  3065  3662 2299.25 
 421.74  3070  3736 3611.75 
 421.79  3075  3810 4568.25 
 421.84  3080  3884 4882.5 
 421.89  3085  3958 5628.75 
 421.94  3090  4032 5142 
 421.99  3095  4106 6495.5 
 422.04  3100  4181 6851.25 
 422.09  3105  4255 11079.5 
 422.14  3110  4329 13175 
 422.2  3115  4404 12854 
 422.24  3120  4479 13311.5 
 422.29  3125  4553 15944.75 
 422.34  3130  4628 16610.25 
 422.39  3135  4703 16561 
 422.44  3140  4778 19347.75 
 422.49  3145  4853 17947 
 422.54  3150  4928 22154.5 
 422.59  3155  5003 17634.5 
 422.65  3160  5078 16139.75 
 422.69  3165  5153 22103.25 
 422.74  3170  5228 25775.25 
 422.79  3175  5304 24454.5 
 422.84  3180  5379 18765.75 
 422.89  3185  5455 23329 
 422.94  3190  5530 24203 
 422.99  3195  5606 19944.5 
 423.04  3200  5682 22389.25 
 423.09  3205  5758 25548.25 
 423.15  3210  5834 20554.75 
 423.19  3215  5910 19383.75 
 423.24  3220  5986 18785.75 
 423.29  3225  6062 14795.75 
 423.34  3230  6138 14244.5 
 423.39  3235  6214 15626.25 
 423.44  3240  6291 16608.25 
 423.49  3245  6367 15107 
 423.54  3250  6444 12353 
end
uaIntegration time is 0.2294 seconds per sampledt  4.1E-08 cy 1dh260619Arenosillo 37.1 6.73 3.27pr1000dark .35 
 450.04  2900  1261 153 
 450.09  2905  1333 158.75 
 450.14  2910  1405 151.25 
 450.2  2915  1477 159 
 450.24  2920  1549 163 
 450.3  2925  1621 168.75 
 450.35  2930  1693 166.25 
 450.4  2935  1765 168.25 
 450.45  2940  1837 170.5 
 450.5  2945  1909 168.25 
 450.55  2950  1981 171.25 
 450.59  2955  2054 178.25 
 450.65  2960  2126 177.5 
 450.69  2965  2199 179.5 
 450.74  2970  2271 180.75 
 450.8  2975  2344 185.75 
 450.84  2980  2416 200 
 450.89  2985  2489 202.75 
 450.95  2990  2562 227.5 
 451  2995  2635 270 
 451.05  3000  2708 281.75 
 451.09  3005  2781 330.75 
 451.15  3010  2854 468.5 
 451.2  3015  2927 612.75 
 451.24  3020  3000 592 
 451.29  3025  3073 1022.75 
 451.35  3030  3147 1673 
 451.4  3035  3220 2054.25 
 451.45  3040  3294 2088.5 
 451.5  3045  3367 2925.75 
 451.55  3050  3441 4380.75 
 451.6  3055  3514 4639.5 
 451.65  3060  3588 4778.25 
 451.71  3065  3662 5720 
 451.74  3070  3736 8365.25 
 451.79  3075  3810 10322.25 
 451.85  3080  3884 10968.25 
 451.89  3085  3958 12508.75 
 451.94  3090  4032 11044 
 452  3095  4106 13226.5 
 452.05  3100  4181 13571 
 452.1  3105  4255 21513.75 
 452.15  3110  4329 25362.75 
 452.2  3115  4404 24590.25 
 452.25  3120  4479 24292.75 
 452.3  3125  4553 28587.25 
 452.35  3130  4628 29489.75 
 452.4  3135  4703 29339.25 
 452.44  3140  4778 33489.75 
 452.5  3145  4853 29820.75 
 452.55  3150  4928 36831.5 
 452.6  3155  5003 29777.25 
 452.65  3160  5078 26003 
 452.7  3165  5153 35080.25 
 452.75  3170  5228 40952.75 
 452.79  3175  5304 39664 
 452.85  3180  5379 29578.75 
 452.9  3185  5455 35558.25 
 452.94  3190  5530 36963.75 
 452.99  3195  5606 30808 
 453.05  3200  5682 34601.25 
 453.1  3205  5758 38472.25 
 453.15  3210  5834 30899 
 453.2  3215  5910 28383.5 
 453.25  3220  5986 28419.5 
 453.3  3225  6062 22288 
 453.35  3230  6138 20941.75 
 453.4  3235  6214 22505.25 
 453.47  3240  6291 23886.75 
 453.51  3245  6367 22004.25 
 453.55  3250  6444 18199.25 
end
uaIntegration time is 0.2294 seconds per sampledt  4.1E-08 cy 1dh260619Arenosillo 37.1 6.73 3.37pr1000dark .3 
 480.05  2900  1261 228.75 
 480.11  2905  1333 232 
 480.16  2910  1405 232 
 480.21  2915  1477 237.25 
 480.25  2920  1549 236.5 
 480.3  2925  1621 244.25 
 480.35  2930  1693 245.5 
 480.4  2935  1765 249 
 480.46  2940  1837 259 
 480.5  2945  1909 256.25 
 480.55  2950  1981 254.25 
 480.6  2955  2054 259 
 480.66  2960  2126 276.75 
 480.71  2965  2199 272.25 
 480.76  2970  2271 278.25 
 480.81  2975  2344 325.25 
 480.85  2980  2416 341.5 
 480.9  2985  2489 362.5 
 480.95  2990  2562 450.25 
 481  2995  2635 562.25 
 481.05  3000  2708 578.5 
 481.11  3005  2781 747.25 
 481.16  3010  2854 1102.75 
 481.21  3015  2927 1458.5 
 481.26  3020  3000 1385 
 481.31  3025  3073 2461.25 
 481.36  3030  3147 3980.25 
 481.4  3035  3220 4725 
 481.45  3040  3294 4738.5 
 481.5  3045  3367 6408.5 
 481.55  3050  3441 9358.5 
 481.6  3055  3514 9455.25 
 481.66  3060  3588 9706.5 
 481.71  3065  3662 11402 
 481.76  3070  3736 16202.75 
 481.81  3075  3810 19119.75 
 481.86  3080  3884 20014.75 
 481.9  3085  3958 22391.75 
 481.96  3090  4032 19558.75 
 482.01  3095  4106 22493 
 482.05  3100  4181 22774.25 
 482.1  3105  4255 35909.75 
 482.15  3110  4329 41745.75 
 482.21  3115  4404 39642.25 
 482.26  3120  4479 38473.5 
 482.3  3125  4553 44397.25 
 482.36  3130  4628 45380.75 
 482.41  3135  4703 45242.5 
 482.45  3140  4778 50594 
 482.51  3145  4853 44319 
 482.56  3150  4928 54122.25 
 482.6  3155  5003 43754.25 
 482.65  3160  5078 38091.25 
 482.7  3165  5153 50284.5 
 482.76  3170  5228 58715.5 
 482.81  3175  5304 56297.5 
 482.86  3180  5379 41699.75 
 482.91  3185  5455 49477.5 
 482.95  3190  5530 50664.5 
 483.01  3195  5606 43019.75 
 483.06  3200  5682 48315.75 
 483.1  3205  5758 52878 
 483.16  3210  5834 41882.25 
 483.2  3215  5910 38704.75 
 483.26  3220  5986 39154.75 
 483.3  3225  6062 30776.5 
 483.35  3230  6138 28513.75 
 483.41  3235  6214 30201.25 
 483.46  3240  6291 31892 
 483.51  3245  6367 29552 
 483.56  3250  6444 24665 
end
uaIntegration time is 0.2294 seconds per sampledt  4.1E-08 cy 1dh260619Arenosillo 37.1 6.73 3.45pr1000dark .55 
 510.04  2900  1261 311.25 
 510.1  2905  1333 312.25 
 510.15  2910  1405 312.5 
 510.2  2915  1477 330.25 
 510.25  2920  1549 320.5 
 510.3  2925  1621 327.5 
 510.34  2930  1693 344.5 
 510.4  2935  1765 340 
 510.45  2940  1837 355.25 
 510.5  2945  1909 349.5 
 510.55  2950  1981 356.5 
 510.6  2955  2054 382 
 510.65  2960  2126 404.75 
 510.71  2965  2199 421.5 
 510.75  2970  2271 428.5 
 510.8  2975  2344 546.75 
 510.85  2980  2416 593.5 
 510.9  2985  2489 626.25 
 510.96  2990  2562 888.25 
 511  2995  2635 1117.25 
 511.05  3000  2708 1158 
 511.1  3005  2781 1505.25 
 511.15  3010  2854 2319.5 
 511.2  3015  2927 2967.75 
 511.25  3020  3000 2798.5 
 511.3  3025  3073 4872 
 511.35  3030  3147 7755.25 
 511.4  3035  3220 9045 
 511.45  3040  3294 8968 
 511.5  3045  3367 11834.75 
 511.55  3050  3441 16416.5 
 511.6  3055  3514 16293 
 511.65  3060  3588 16657.75 
 511.7  3065  3662 19129.25 
 511.75  3070  3736 26360 
 511.8  3075  3810 30514 
 511.85  3080  3884 31622.75 
 511.91  3085  3958 35033.5 
 511.95  3090  4032 30175.5 
 512  3095  4106 33867.75 
 512.05  3100  4181 33816 
 512.1  3105  4255 52838 
 512.1501  3110  4329 60596.25 
 512.2  3115  4404 57172.5 
 512.25  3120  4479 54456 
 512.3  3125  4553 61878 
 512.35  3130  4628 63084.5 
 512.4001  3135  4703 62848.25 
 512.4601  3140  4778 69381 
 512.5  3145  4853 60077.5 
 512.55  3150  4928 73173.75 
 512.6  3155  5003 59620.75 
 512.6501  3160  5078 51098 
 512.7101  3165  5153 66859 
 512.75  3170  5228 77706.75 
 512.8  3175  5304 75102.5 
 512.85  3180  5379 55408.75 
 512.9001  3185  5455 64733.75 
 512.95  3190  5530 65987.75 
 513.01  3195  5606 56199.75 
 513.05  3200  5682 63327.25 
 513.1  3205  5758 68397 
 513.1501  3210  5834 53578.75 
 513.2  3215  5910 49526.75 
 513.26  3220  5986 50566.75 
 513.3  3225  6062 39567.5 
 513.35  3230  6138 36614.75 
 513.4001  3235  6214 38619.5 
 513.45  3240  6291 40448.25 
 513.5  3245  6367 37550 
 513.56  3250  6444 31415.25 
end
uaIntegration time is 0.2294 seconds per sampledt  4.1E-08 cy 1dh260619Arenosillo 37.1 6.73 3.5pr1000dark .5 
 540.04  2900  1261 405.5 
 540.09  2905  1333 406.5 
 540.15  2910  1405 416 
 540.2  2915  1477 415.25 
 540.25  2920  1549 425.25 
 540.29  2925  1621 426.25 
 540.35  2930  1693 437.25 
 540.4  2935  1765 443.75 
 540.44  2940  1837 449 
 540.5  2945  1909 468.75 
 540.55  2950  1981 484.75 
 540.59  2955  2054 514.25 
 540.64  2960  2126 568.75 
 540.7  2965  2199 597.25 
 540.75  2970  2271 645.25 
 540.8  2975  2344 896.75 
 540.85  2980  2416 989.75 
 540.9  2985  2489 1024 
 540.95  2990  2562 1595 
 541  2995  2635 2039 
 541.05  3000  2708 2091 
 541.09  3005  2781 2694.25 
 541.14  3010  2854 4072.25 
 541.2  3015  2927 5209.5 
 541.25  3020  3000 4784.75 
 541.3  3025  3073 8368 
 541.35  3030  3147 12921.5 
 541.4  3035  3220 14821 
 541.45  3040  3294 14381.75 
 541.49  3045  3367 18626.75 
 541.55  3050  3441 25163.75 
 541.6  3055  3514 24820.25 
 541.64  3060  3588 24766 
 541.69  3065  3662 28342.5 
 541.75  3070  3736 37746.25 
 541.79  3075  3810 43209.75 
 541.85  3080  3884 44673.5 
 541.9  3085  3958 48959.25 
 541.95  3090  4032 41767 
 542  3095  4106 45901.25 
 542.06  3100  4181 45252.75 
 542.09  3105  4255 70373.25 
 542.14  3110  4329 80024.75 
 542.19  3115  4404 75092.5 
 542.25  3120  4479 70527.5 
 542.3  3125  4553 79602.25 
 542.34  3130  4628 80711.5 
 542.4  3135  4703 80841 
 542.45  3140  4778 88048.75 
 542.5  3145  4853 75128.25 
 542.55  3150  4928 91054.75 
 542.6  3155  5003 74680.5 
 542.65  3160  5078 63424.5 
 542.7  3165  5153 82421.25 
 542.74  3170  5228 95399.25 
 542.8  3175  5304 92278 
 542.85  3180  5379 67781.75 
 542.9  3185  5455 78775 
 542.94  3190  5530 79411.5 
 543  3195  5606 68556 
 543.05  3200  5682 76643 
 543.11  3205  5758 82139.5 
 543.15  3210  5834 63517 
 543.19  3215  5910 59366.75 
 543.24  3220  5986 60848.5 
 543.3  3225  6062 47918.5 
 543.35  3230  6138 43989.75 
 543.39  3235  6214 45813.25 
 543.45  3240  6291 48131 
 543.5  3245  6367 44888 
 543.55  3250  6444 37708.75 
end
uaIntegration time is 0.2294 seconds per sampledt  4.1E-08 cy 1dh260619Arenosillo 37.1 6.73 3.58pr1000dark .6 
 570.04  2900  1261 501.25 
 570.09  2905  1333 498.5 
 570.14  2910  1405 503.75 
 570.19  2915  1477 518.5 
 570.24  2920  1549 523.25 
 570.29  2925  1621 556.75 
 570.34  2930  1693 541.25 
 570.4  2935  1765 570 
 570.44  2940  1837 575 
 570.49  2945  1909 592 
 570.54  2950  1981 628.5 
 570.59  2955  2054 701.25 
 570.64  2960  2126 809.75 
 570.69  2965  2199 856.75 
 570.74  2970  2271 944.25 
 570.79  2975  2344 1432.75 
 570.85  2980  2416 1634.5 
 570.89  2985  2489 1662.5 
 570.94  2990  2562 2613.75 
 570.99  2995  2635 3403 
 571.04  3000  2708 3370.25 
 571.09  3005  2781 4313.5 
 571.14  3010  2854 6542 
 571.19  3015  2927 8181 
 571.24  3020  3000 7337.25 
 571.3  3025  3073 12665.75 
 571.34  3030  3147 19294.75 
 571.39  3035  3220 21971.75 
 571.44  3040  3294 20890.75 
 571.49  3045  3367 26712 
 571.54  3050  3441 35237.75 
 571.59  3055  3514 34616 
 571.64  3060  3588 34038 
 571.69  3065  3662 38670.5 
 571.75  3070  3736 50773 
 571.79  3075  3810 57292.5 
 571.84  3080  3884 58699 
 571.89  3085  3958 63891.75 
 571.94  3090  4032 54233.75 
 571.99  3095  4106 58781 
 572.04  3100  4181 57556.75 
 572.09  3105  4255 88056.5 
 572.14  3110  4329 100293.8 
 572.19  3115  4404 94284.25 
 572.24  3120  4479 87504 
 572.29  3125  4553 97601.5 
 572.34  3130  4628 98913.25 
 572.39  3135  4703 98698.25 
 572.44  3140  4778 107328.5 
 572.49  3145  4853 90575 
 572.54  3150  4928 109649.3 
 572.59  3155  5003 90591 
 572.64  3160  5078 75935.75 
 572.69  3165  5153 97951.5 
 572.74  3170  5228 113360 
 572.79  3175  5304 110107.3 
 572.84  3180  5379 80559.5 
 572.89  3185  5455 92833 
 572.94  3190  5530 93723.5 
 572.99  3195  5606 81123 
 573.04  3200  5682 91002.75 
 573.09  3205  5758 96616.5 
 573.15  3210  5834 74704.75 
 573.19  3215  5910 69400 
 573.24  3220  5986 71686.25 
 573.29  3225  6062 56378 
 573.34  3230  6138 51381.25 
 573.39  3235  6214 53289 
 573.44  3240  6291 56075.75 
 573.49  3245  6367 52284.5 
 573.55  3250  6444 44162.25 
end
uaIntegration time is 0.2294 seconds per sampledt  4.1E-08 cy 1dh260619Arenosillo 37.1 6.73 3.62pr1000dark .7 
 600.04  2900  1261 606.25 
 600.09  2905  1333 613.25 
 600.14  2910  1405 607.75 
 600.2  2915  1477 615.75 
 600.24  2920  1549 633 
 600.29  2925  1621 638.75 
 600.35  2930  1693 666.5 
 600.39  2935  1765 648.5 
 600.45  2940  1837 691.75 
 600.5  2945  1909 616 
 600.55  2950  1981 603 
 600.6  2955  2054 708.75 
 600.65  2960  2126 1021 
 600.69  2965  2199 964.5 
 600.74  2970  2271 1163.5 
 600.8  2975  2344 1889 
 600.84  2980  2416 2207.75 
 600.89  2985  2489 2293.25 
 600.94  2990  2562 3681 
 601  2995  2635 4310 
 601.05  3000  2708 4287.5 
 601.1  3005  2781 5994.5 
 601.15  3010  2854 8889 
 601.2  3015  2927 10409.5 
 601.24  3020  3000 9934 
 601.29  3025  3073 16362.25 
 601.34  3030  3147 25173.25 
 601.39  3035  3220 29891.25 
 601.45  3040  3294 28207.75 
 601.5  3045  3367 35545.25 
 601.55  3050  3441 46361.25 
 601.6  3055  3514 44850 
 601.65  3060  3588 42367.75 
 601.7  3065  3662 48371 
 601.74  3070  3736 57295.75 
 601.79  3075  3810 63644.5 
 601.84  3080  3884 72650.75 
 601.9  3085  3958 78752.75 
 601.94  3090  4032 64654.25 
 602  3095  4106 67199 
 602.05  3100  4181 63617 
 602.1  3105  4255 106017.8 
 602.15  3110  4329 122441 
 602.2  3115  4404 112984 
 602.25  3120  4479 104487.5 
 602.3  3125  4553 112977.5 
 602.34  3130  4628 116607 
 602.4  3135  4703 115704.8 
 602.44  3140  4778 125278.3 
 602.49  3145  4853 105315.3 
 602.55  3150  4928 126873.3 
 602.6  3155  5003 104627.3 
 602.65  3160  5078 87528.5 
 602.7  3165  5153 112341 
 602.75  3170  5228 129555.3 
 602.79  3175  5304 125985.5 
 602.84  3180  5379 92172.5 
 602.9  3185  5455 104960.5 
 602.94  3190  5530 106223.8 
 602.99  3195  5606 88565.25 
 603.04  3200  5682 96082.25 
 603.1  3205  5758 100537.3 
 603.15  3210  5834 65278 
 603.2  3215  5910 62676.25 
 603.25  3220  5986 76195.75 
 603.3  3225  6062 65198.5 
 603.34  3230  6138 58355.5 
 603.4  3235  6214 58871.75 
 603.45  3240  6291 63293 
 603.49  3245  6367 59969 
 603.54  3250  6444 50702.25 
end
uaIntegration time is 0.2294 seconds per sampledt  4.1E-08 cy 1dh260619Arenosillo 37.1 6.73 3.66pr1000dark .85 
 630.04  2900  1261 654.5 
 630.09  2905  1333 666 
 630.15  2910  1405 684.25 
 630.2  2915  1477 690.75 
 630.25  2920  1549 695.25 
 630.3  2925  1621 716.75 
 630.34  2930  1693 745.25 
 630.4  2935  1765 770.25 
 630.44  2940  1837 810.5 
 630.5  2945  1909 874.5 
 630.55  2950  1981 962.75 
 630.6  2955  2054 1165.25 
 630.64  2960  2126 1462.75 
 630.7  2965  2199 1515.5 
 630.75  2970  2271 1761.5 
 630.8  2975  2344 2878 
 630.84  2980  2416 3206.25 
 630.9  2985  2489 3187 
 630.95  2990  2562 5240.5 
 630.99  2995  2635 6643.5 
 631.04  3000  2708 6406.75 
 631.1  3005  2781 8092.5 
 631.14  3010  2854 11838.75 
 631.2  3015  2927 14851.75 
 631.25  3020  3000 12880.5 
 631.3  3025  3073 21758.75 
 631.35  3030  3147 32206.75 
 631.4  3035  3220 36111.75 
 631.45  3040  3294 34005.75 
 631.49  3045  3367 42572.5 
 631.54  3050  3441 54425.75 
 631.6  3055  3514 52796.25 
 631.65  3060  3588 51137.5 
 631.69  3065  3662 57631.5 
 631.75  3070  3736 73970 
 631.8  3075  3810 81591 
 631.85  3080  3884 83362.25 
 631.9  3085  3958 89981 
 631.95  3090  4032 75984.25 
 632  3095  4106 80283.5 
 632.04  3100  4181 78395.25 
 632.09  3105  4255 118836.8 
 632.14  3110  4329 133385.3 
 632.19  3115  4404 124576 
 632.25  3120  4479 114632.5 
 632.3  3125  4553 126658.3 
 632.35  3130  4628 127530 
 632.4  3135  4703 127446.3 
 632.45  3140  4778 137583.5 
 632.5  3145  4853 114993.8 
 632.55  3150  4928 138312 
 632.59  3155  5003 115782.5 
 632.65  3160  5078 95827.25 
 632.69  3165  5153 122349 
 632.74  3170  5228 141122.8 
 632.8  3175  5304 137732.8 
 632.85  3180  5379 100990.3 
 632.9  3185  5455 114138.5 
 632.95  3190  5530 116096.3 
 633  3195  5606 100468.8 
 633.05  3200  5682 112386.8 
 633.1  3205  5758 118718.5 
 633.15  3210  5834 91849.75 
 633.19  3215  5910 84945.25 
 633.24  3220  5986 88438 
 633.3  3225  6062 69481.75 
 633.35  3230  6138 63145.25 
 633.4  3235  6214 65008.5 
 633.45  3240  6291 68327.25 
 633.5  3245  6367 63865.75 
 633.55  3250  6444 54462.5 
end
uaIntegration time is 0.2294 seconds per sampledt  4.1E-08 cy 1dh260619Arenosillo 37.1 6.73 3.7pr1000dark .85 
 660.04  2900  1261 736 
 660.1  2905  1333 746.75 
 660.15  2910  1405 756.25 
 660.2  2915  1477 754.75 
 660.25  2920  1549 795 
 660.3  2925  1621 797.25 
 660.35  2930  1693 837.25 
 660.4  2935  1765 887.5 
 660.45  2940  1837 941.5 
 660.51  2945  1909 996.5 
 660.55  2950  1981 1152.5 
 660.59  2955  2054 1435.75 
 660.65  2960  2126 1845.75 
 660.7  2965  2199 1948 
 660.75  2970  2271 2213.75 
 660.8  2975  2344 3564.5 
 660.85  2980  2416 2549.25 
 660.9  2985  2489 2440.75 
 660.95  2990  2562 4561.5 
 661  2995  2635 7819.75 
 661.05  3000  2708 7934.25 
 661.1  3005  2781 10338.5 
 661.15  3010  2854 13774.75 
 661.2  3015  2927 18080.5 
 661.24  3020  3000 15789.25 
 661.3  3025  3073 26628.25 
 661.35  3030  3147 38596.5 
 661.4  3035  3220 43070 
 661.45  3040  3294 40321 
 661.5  3045  3367 49847.5 
 661.55  3050  3441 63530.5 
 661.6  3055  3514 60268 
 661.65  3060  3588 59344.5 
 661.7  3065  3662 65799.75 
 661.75  3070  3736 83509 
 661.8  3075  3810 91651.75 
 661.85  3080  3884 93262.75 
 661.9  3085  3958 100284 
 661.95  3090  4032 84561 
 662  3095  4106 88627.75 
 662.05  3100  4181 86104 
 662.1  3105  4255 130296.8 
 662.14  3110  4329 145593.8 
 662.2  3115  4404 135788.8 
 662.25  3120  4479 124851.8 
 662.3  3125  4553 137515.3 
 662.35  3130  4628 138193.5 
 662.4  3135  4703 138298 
 662.44  3140  4778 147896.8 
 662.5  3145  4853 123984.3 
 662.55  3150  4928 148712.8 
 662.61  3155  5003 124296.8 
 662.65  3160  5078 103402.8 
 662.7  3165  5153 131098.3 
 662.75  3170  5228 151209.8 
 662.8  3175  5304 146970.5 
 662.85  3180  5379 108129.5 
 662.91  3185  5455 121898.5 
 662.94  3190  5530 123279.3 
 663  3195  5606 107370.5 
 663.05  3200  5682 120036 
 663.1  3205  5758 126103.5 
 663.15  3210  5834 97585.25 
 663.2  3215  5910 90445 
 663.25  3220  5986 94379.75 
 663.3  3225  6062 74264.25 
 663.34  3230  6138 67531.75 
 663.4  3235  6214 69334.25 
 663.45  3240  6291 72582.25 
 663.49  3245  6367 68118 
 663.55  3250  6444 57928.5 
end
uvIntegration time is 0.2294 seconds per sampledt  4.1E-08 cy 4dh260619Arenosillo 37.1 6.73 3.74pr1000dark 5.8 
 690.28  2900  1261 3076 
 690.32  2905  1333 3165 
 690.36  2910  1405 3173 
 690.4  2915  1477 3282 
 690.44  2920  1549 3364 
 690.48  2925  1621 3416 
 690.52  2930  1693 3588 
 690.56  2935  1765 3846 
 690.6  2940  1837 4167 
 690.64  2945  1909 4508 
 690.68  2950  1981 5236 
 690.72  2955  2054 6671 
 690.76  2960  2126 8742 
 690.8  2965  2199 9043 
 690.84  2970  2271 10337 
 690.88  2975  2344 17663 
 690.92  2980  2416 19782 
 690.96  2985  2489 18092 
 691  2990  2562 30467 
 691.04  2995  2635 31918 
 691.08  3000  2708 31033 
 691.12  3005  2781 43915 
 691.16  3010  2854 66035 
 691.2  3015  2927 73164 
 691.24  3020  3000 62403 
 691.28  3025  3073 112351 
 691.32  3030  3147 170766 
 691.36  3035  3220 190540 
 691.4  3040  3294 177596 
 691.44  3045  3367 219175 
 691.48  3050  3441 275094 
 691.52  3055  3514 265046 
 691.56  3060  3588 256963 
 691.6  3065  3662 286432 
 691.64  3070  3736 360049 
 691.67  3075  3810 395091 
 691.72  3080  3884 400823 
 691.76  3085  3958 430668 
 691.8  3090  4032 362136 
 691.84  3095  4106 377992 
 691.88  3100  4181 367223 
 691.92  3105  4255 552895 
 691.96  3110  4329 618703 
 692  3115  4404 577225 
 692.04  3120  4479 529193 
 692.07  3125  4553 580631 
 692.12  3130  4628 581948 
 692.16  3135  4703 582674 
 692.2  3140  4778 623252 
 692.24  3145  4853 522364 
 692.28  3150  4928 623867 
 692.32  3155  5003 523168 
 692.36  3160  5078 434097 
 692.39  3165  5153 549166 
 692.43  3170  5228 626403 
 692.47  3175  5304 614045 
 692.52  3180  5379 451264 
 692.56  3185  5455 509019 
 692.6  3190  5530 515252 
 692.64  3195  5606 447221 
 692.68  3200  5682 500899 
 692.72  3205  5758 526520 
 692.76  3210  5834 408544 
 692.79  3215  5910 377521 
 692.83  3220  5986 393488 
 692.87  3225  6062 310044 
 692.91  3230  6138 282223 
 692.96  3235  6214 289320 
 693  3240  6291 303972 
 693.04  3245  6367 284910 
 693.08  3250  6444 243008 
dark 4.2 
 693.21  3250  6444 242343 
 693.25  3245  6367 285195 
 693.29  3240  6291 304000 
 693.33  3235  6214 289544 
 693.37  3230  6138 281430 
 693.41  3225  6062 310095 
 693.45  3220  5986 389171 
 693.49  3215  5910 366400 
 693.53  3210  5834 403577 
 693.57  3205  5758 527208 
 693.61  3200  5682 502321 
 693.65  3195  5606 450329 
 693.69  3190  5530 517676 
 693.73  3185  5455 509030 
 693.77  3180  5379 453318 
 693.81  3175  5304 615628 
 693.85  3170  5228 631016 
 693.89  3165  5153 548407 
 693.93  3160  5078 432776 
 693.97  3155  5003 522240 
 694.01  3150  4928 623857 
 694.05  3145  4853 521227 
 694.09  3140  4778 624027 
 694.13  3135  4703 583332 
 694.19  3130  4628 585382 
 694.23  3125  4553 583045 
 694.27  3120  4479 530310 
 694.31  3115  4404 579063 
 694.35  3110  4329 619905 
 694.39  3105  4255 553386 
 694.43  3100  4181 368420 
 694.47  3095  4106 380699 
 694.5  3090  4032 365406 
 694.55  3085  3958 432534 
 694.59  3080  3884 402956 
 694.63  3075  3810 395853 
 694.67  3070  3736 359970 
 694.71  3065  3662 286938 
 694.75  3060  3588 256773 
 694.79  3055  3514 265382 
 694.83  3050  3441 275458 
 694.86  3045  3367 220411 
 694.9  3040  3294 178336 
 694.95  3035  3220 191886 
 694.99  3030  3147 171159 
 695.03  3025  3073 117423 
 695.07  3020  3000 70325 
 695.11  3015  2927 82491 
 695.15  3010  2854 67412 
 695.19  3005  2781 46623 
 695.23  3000  2708 37338 
 695.26  2995  2635 39205 
 695.3  2990  2562 31658 
 695.35  2985  2489 18922 
 695.39  2980  2416 20021 
 695.43  2975  2344 17796 
 695.47  2970  2271 10373 
 695.51  2965  2199 9081 
 695.55  2960  2126 8694 
 695.59  2955  2054 6665 
 695.62  2950  1981 5154 
 695.66  2945  1909 4457 
 695.7  2940  1837 4143 
 695.75  2935  1765 3922 
 695.79  2930  1693 3658 
 695.83  2925  1621 3453 
 695.87  2920  1549 3436 
 695.91  2915  1477 3305 
 695.95  2910  1405 3198 
 695.99  2905  1333 3218 
 696.02  2900  1261 3169 
end
uaIntegration time is 0.2294 seconds per sampledt  4.1E-08 cy 1dh260619Arenosillo 37.1 6.73 3.74pr1000dark 1.55 
 720.04  2900  1261 807.75 
 720.09  2905  1333 819.5 
 720.14  2910  1405 823.5 
 720.2  2915  1477 845.5 
 720.24  2920  1549 871.75 
 720.3  2925  1621 887 
 720.34  2930  1693 931.75 
 720.4  2935  1765 1010.5 
 720.44  2940  1837 1095.25 
 720.5  2945  1909 1189.75 
 720.55  2950  1981 1373.25 
 720.59  2955  2054 1777.5 
 720.64  2960  2126 2335.25 
 720.69  2965  2199 2420 
 720.74  2970  2271 2756.25 
 720.79  2975  2344 4676 
 720.85  2980  2416 5321.25 
 720.89  2985  2489 5059.75 
 720.94  2990  2562 8423.75 
 720.99  2995  2635 10445.25 
 721.04  3000  2708 9891.75 
 721.09  3005  2781 12255 
 721.15  3010  2854 17600.5 
 721.19  3015  2927 21832.5 
 721.24  3020  3000 18596 
 721.29  3025  3073 30578.75 
 721.34  3030  3147 44513 
 721.39  3035  3220 50044.75 
 721.45  3040  3294 46449.25 
 721.5  3045  3367 57428.25 
 721.54  3050  3441 72033 
 721.6  3055  3514 69252.25 
 721.64  3060  3588 66952.5 
 721.69  3065  3662 74545.75 
 721.74  3070  3736 93493.75 
 721.79  3075  3810 102370.3 
 721.85  3080  3884 103844 
 721.89  3085  3958 111492.8 
 721.94  3090  4032 93954.75 
 722  3095  4106 97858.25 
 722.04  3100  4181 95087.5 
 722.09  3105  4255 142242.5 
 722.15  3110  4329 158711.5 
 722.2  3115  4404 148006 
 722.25  3120  4479 135344.8 
 722.29  3125  4553 148744 
 722.34  3130  4628 149162.5 
 722.39  3135  4703 148832.8 
 722.45  3140  4778 159863.3 
 722.5  3145  4853 132973.8 
 722.54  3150  4928 159050.3 
 722.59  3155  5003 133261.5 
 722.65  3160  5078 110521.3 
 722.69  3165  5153 139974.3 
 722.75  3170  5228 160800.5 
 722.8  3175  5304 157038.3 
 722.84  3180  5379 115593.3 
 722.89  3185  5455 128543.8 
 722.94  3190  5530 132278.3 
 722.99  3195  5606 114233 
 723.05  3200  5682 127907.5 
 723.1  3205  5758 134611.5 
 723.14  3210  5834 104936.8 
 723.2  3215  5910 95779 
 723.25  3220  5986 101170 
 723.3  3225  6062 80303.75 
 723.34  3230  6138 71638.5 
 723.39  3235  6214 73992.25 
 723.44  3240  6291 77224.5 
 723.49  3245  6367 73010.25 
 723.55  3250  6444 61863.5 
end
uaIntegration time is 0.2294 seconds per sampledt  4.1E-08 cy 1dh260619Arenosillo 37.1 6.73 3.74pr1000dark .95 
 750.04  2900  1261 806.75 
 750.1  2905  1333 821.75 
 750.15  2910  1405 835 
 750.2  2915  1477 856.5 
 750.24  2920  1549 873 
 750.3  2925  1621 891 
 750.34  2930  1693 943.75 
 750.4  2935  1765 1014.5 
 750.45  2940  1837 1117.75 
 750.5  2945  1909 1206.5 
 750.55  2950  1981 1398.5 
 750.6  2955  2054 1821.75 
 750.65  2960  2126 2391.75 
 750.7  2965  2199 2471.75 
 750.75  2970  2271 2837.5 
 750.81  2975  2344 4845.25 
 750.84  2980  2416 5332 
 750.9  2985  2489 5090 
 750.95  2990  2562 8542.75 
 750.99  2995  2635 10539.5 
 751.05  3000  2708 9961.25 
 751.1  3005  2781 12462 
 751.15  3010  2854 17972.5 
 751.2  3015  2927 21877.5 
 751.25  3020  3000 18728 
 751.3  3025  3073 31294.25 
 751.36  3030  3147 45397.5 
 751.39  3035  3220 50329.5 
 751.45  3040  3294 47098.75 
 751.49  3045  3367 58083.25 
 751.55  3050  3441 72887 
 751.6  3055  3514 69353.75 
 751.65  3060  3588 67788.75 
 751.7  3065  3662 75166 
 751.75  3070  3736 94607.75 
 751.8  3075  3810 103347.8 
 751.85  3080  3884 104788 
 751.89  3085  3958 112382 
 751.95  3090  4032 94890.25 
 752  3095  4106 98890 
 752.04  3100  4181 95691.5 
 752.1  3105  4255 143065 
 752.15  3110  4329 159943 
 752.2  3115  4404 149383.8 
 752.25  3120  4479 136591.8 
 752.3  3125  4553 149936.5 
 752.35  3130  4628 150399 
 752.4  3135  4703 151240.8 
 752.44  3140  4778 160575.3 
 752.51  3145  4853 134404.3 
 752.54  3150  4928 160761 
 752.6  3155  5003 133891.5 
 752.65  3160  5078 111871.8 
 752.7  3165  5153 141094.3 
 752.75  3170  5228 162390.3 
 752.8  3175  5304 158540.5 
 752.85  3180  5379 116599.3 
 752.9  3185  5455 130700.5 
 752.94  3190  5530 132413 
 753  3195  5606 115560 
 753.06  3200  5682 129154.3 
 753.09  3205  5758 135633.5 
 753.15  3210  5834 105337.8 
 753.2  3215  5910 96894.5 
 753.25  3220  5986 101292 
 753.3  3225  6062 80062.25 
 753.35  3230  6138 72334 
 753.4  3235  6214 74223.5 
 753.45  3240  6291 77953.75 
 753.5  3245  6367 73189.75 
 753.55  3250  6444 62299.75 
end
uaIntegration time is 0.2294 seconds per sampledt  4.1E-08 cy 1dh260619Arenosillo 37.1 6.73 3.74pr1000dark 1.2 
 780.04  2900  1261 779.25 
 780.09  2905  1333 789.5 
 780.14  2910  1405 799.75 
 780.2  2915  1477 825.25 
 780.25  2920  1549 866 
 780.3  2925  1621 875.25 
 780.35  2930  1693 935.5 
 780.4  2935  1765 982 
 780.45  2940  1837 1051.5 
 780.5  2945  1909 1166.5 
 780.55  2950  1981 1363 
 780.6  2955  2054 1689.75 
 780.65  2960  2126 2244 
 780.7  2965  2199 2318.25 
 780.75  2970  2271 2644 
 780.8  2975  2344 4459.25 
 780.85  2980  2416 4998.25 
 780.9  2985  2489 4821 
 780.95  2990  2562 8048.25 
 781  2995  2635 9948.75 
 781.05  3000  2708 9473 
 781.1  3005  2781 11776.5 
 781.15  3010  2854 16974.5 
 781.2  3015  2927 20978 
 781.25  3020  3000 17871 
 781.3  3025  3073 30017.5 
 781.35  3030  3147 43695.25 
 781.4  3035  3220 48485.5 
 781.45  3040  3294 45303.25 
 781.5  3045  3367 55927.5 
 781.55  3050  3441 70337.25 
 781.6  3055  3514 67604.75 
 781.65  3060  3588 65207.5 
 781.7  3065  3662 72682.5 
 781.75  3070  3736 91343 
 781.8  3075  3810 100311.8 
 781.85  3080  3884 101999.8 
 781.9  3085  3958 109487.3 
 781.95  3090  4032 92319.5 
 782  3095  4106 96422.25 
 782.05  3100  4181 93293.75 
 782.1  3105  4255 140682.3 
 782.15  3110  4329 156662 
 782.2  3115  4404 146029 
 782.25  3120  4479 133365.8 
 782.3  3125  4553 146655.5 
 782.35  3130  4628 147146 
 782.41  3135  4703 147965 
 782.45  3140  4778 157003 
 782.5  3145  4853 131794 
 782.55  3150  4928 157209 
 782.6  3155  5003 130965.5 
 782.65  3160  5078 109539.3 
 782.7  3165  5153 138671.3 
 782.75  3170  5228 159611.3 
 782.8  3175  5304 155560 
 782.85  3180  5379 114315.8 
 782.9  3185  5455 128715.3 
 782.95  3190  5530 129984.8 
 783  3195  5606 113819.3 
 783.05  3200  5682 127265 
 783.1  3205  5758 133402.3 
 783.15  3210  5834 102755.8 
 783.2  3215  5910 95526.5 
 783.25  3220  5986 99761.25 
 783.3  3225  6062 78828.5 
 783.35  3230  6138 71184.25 
 783.4  3235  6214 73074 
 783.45  3240  6291 76547.5 
 783.5  3245  6367 71939.25 
 783.55  3250  6444 61338.5 
end
uaIntegration time is 0.2294 seconds per sampledt  4.1E-08 cy 1dh260619Arenosillo 37.1 6.73 3.72pr1000dark 1 
 810.04  2900  1261 741.75 
 810.1  2905  1333 768.75 
 810.15  2910  1405 784.75 
 810.2  2915  1477 798 
 810.24  2920  1549 818 
 810.3  2925  1621 820 
 810.34  2930  1693 868.75 
 810.4  2935  1765 931.25 
 810.45  2940  1837 998.5 
 810.5  2945  1909 1078.25 
 810.55  2950  1981 1230.25 
 810.6  2955  2054 1569 
 810.65  2960  2126 2043.5 
 810.69  2965  2199 2126 
 810.75  2970  2271 2419.75 
 810.8  2975  2344 4163 
 810.84  2980  2416 4561.5 
 810.89  2985  2489 4508 
 810.95  2990  2562 7441.75 
 810.99  2995  2635 9211.25 
 811.05  3000  2708 8723.5 
 811.1  3005  2781 10999.5 
 811.15  3010  2854 16002.75 
 811.2  3015  2927 19435 
 811.25  3020  3000 16750.5 
 811.3  3025  3073 28222.75 
 811.36  3030  3147 41176 
 811.39  3035  3220 45480.25 
 811.44  3040  3294 42652.5 
 811.49  3045  3367 52638.75 
 811.54  3050  3441 66190.25 
 811.6  3055  3514 63698.75 
 811.65  3060  3588 62035.5 
 811.7  3065  3662 69033 
 811.75  3070  3736 87091.5 
 811.8  3075  3810 95898.75 
 811.85  3080  3884 97446.75 
 811.9  3085  3958 104543.5 
 811.94  3090  4032 87963.5 
 812  3095  4106 92174.5 
 812.04  3100  4181 89649.75 
 812.09  3105  4255 136090.8 
 812.15  3110  4329 150599.3 
 812.2  3115  4404 139979.3 
 812.25  3120  4479 128695.5 
 812.3  3125  4553 141702.5 
 812.35  3130  4628 142059 
 812.4  3135  4703 142456 
 812.45  3140  4778 151547.8 
 812.5  3145  4853 127314 
 812.54  3150  4928 152109.8 
 812.59  3155  5003 126403.8 
 812.65  3160  5078 105819.8 
 812.7  3165  5153 133876.3 
 812.75  3170  5228 154118.5 
 812.8  3175  5304 148896.5 
 812.85  3180  5379 109905.5 
 812.9  3185  5455 124171.3 
 812.95  3190  5530 125752.8 
 813  3195  5606 109114.5 
 813.05  3200  5682 122037.5 
 813.09  3205  5758 127904.8 
 813.14  3210  5834 99461.25 
 813.2  3215  5910 91778.5 
 813.25  3220  5986 95655.75 
 813.3  3225  6062 75368.25 
 813.35  3230  6138 68283.25 
 813.4  3235  6214 70618.25 
 813.45  3240  6291 73858 
 813.5  3245  6367 69312.75 
 813.55  3250  6444 59058 
end
uaIntegration time is 0.2294 seconds per sampledt  4.1E-08 cy 1dh260619Arenosillo 37.1 6.73 3.72pr1000dark .85 
 840.04  2900  1261 706.5 
 840.09  2905  1333 714.75 
 840.14  2910  1405 733.25 
 840.19  2915  1477 732.25 
 840.24  2920  1549 765.5 
 840.29  2925  1621 778.25 
 840.34  2930  1693 809.75 
 840.4  2935  1765 847.5 
 840.44  2940  1837 897.5 
 840.49  2945  1909 966.75 
 840.54  2950  1981 1117.25 
 840.59  2955  2054 1374.75 
 840.64  2960  2126 1739 
 840.69  2965  2199 1809.25 
 840.74  2970  2271 2114.75 
 840.79  2975  2344 3466.25 
 840.84  2980  2416 3870.5 
 840.9  2985  2489 3796.25 
 840.94  2990  2562 6291 
 840.99  2995  2635 7891.5 
 841.04  3000  2708 7537.25 
 841.09  3005  2781 9449.5 
 841.14  3010  2854 13805 
 841.19  3015  2927 17071.25 
 841.24  3020  3000 14724.5 
 841.29  3025  3073 24640.75 
 841.34  3030  3147 36255.25 
 841.4  3035  3220 40652.25 
 841.44  3040  3294 38117.25 
 841.49  3045  3367 47282.75 
 841.54  3050  3441 60075.25 
 841.59  3055  3514 57929.25 
 841.64  3060  3588 55948.5 
 841.69  3065  3662 62682.75 
 841.74  3070  3736 79939.5 
 841.79  3075  3810 87905.25 
 841.85  3080  3884 89469 
 841.89  3085  3958 96258.75 
 841.94  3090  4032 80847.5 
 841.99  3095  4106 85337.5 
 842.04  3100  4181 82851.5 
 842.09  3105  4255 125093.3 
 842.14  3110  4329 140023 
 842.19  3115  4404 130702.5 
 842.24  3120  4479 119881.8 
 842.29  3125  4553 132331.3 
 842.35  3130  4628 132694.5 
 842.39  3135  4703 132553.3 
 842.44  3140  4778 142655.8 
 842.49  3145  4853 119474 
 842.54  3150  4928 143111 
 842.59  3155  5003 118742.8 
 842.64  3160  5078 99024 
 842.69  3165  5153 126047.3 
 842.74  3170  5228 145122.3 
 842.79  3175  5304 141192.3 
 842.85  3180  5379 103943 
 842.89  3185  5455 117121.8 
 842.94  3190  5530 118726 
 842.99  3195  5606 103049.3 
 843.04  3200  5682 115593.5 
 843.09  3205  5758 121463 
 843.14  3210  5834 93915.5 
 843.19  3215  5910 86798 
 843.24  3220  5986 90760.5 
 843.29  3225  6062 70912.75 
 843.35  3230  6138 64921 
 843.39  3235  6214 66653.5 
 843.44  3240  6291 70129.75 
 843.49  3245  6367 65533.75 
 843.54  3250  6444 55776 
end
uaIntegration time is 0.2294 seconds per sampledt  4.1E-08 cy 1dh260619Arenosillo 37.1 6.73 3.74pr1000dark 1.55 
 870.04  2900  1261 646.75 
 870.09  2905  1333 652 
 870.14  2910  1405 647 
 870.2  2915  1477 663.5 
 870.24  2920  1549 686.75 
 870.29  2925  1621 699.25 
 870.34  2930  1693 714.5 
 870.39  2935  1765 734.5 
 870.44  2940  1837 799 
 870.49  2945  1909 827 
 870.55  2950  1981 921.5 
 870.59  2955  2054 1102.75 
 870.64  2960  2126 1381.75 
 870.69  2965  2199 1445.25 
 870.74  2970  2271 1647.25 
 870.79  2975  2344 2706.5 
 870.85  2980  2416 3067.75 
 870.89  2985  2489 3071.5 
 870.95  2990  2562 5024 
 870.99  2995  2635 6293.25 
 871.04  3000  2708 6046 
 871.09  3005  2781 7678.75 
 871.15  3010  2854 11230 
 871.19  3015  2927 13982 
 871.24  3020  3000 12194.25 
 871.3  3025  3073 20815.25 
 871.34  3030  3147 30805.25 
 871.39  3035  3220 34247 
 871.45  3040  3294 32313 
 871.49  3045  3367 40519.25 
 871.54  3050  3441 52201.75 
 871.59  3055  3514 49887.25 
 871.64  3060  3588 49133.25 
 871.69  3065  3662 54915.25 
 871.74  3070  3736 70381.75 
 871.8  3075  3810 77804.25 
 871.84  3080  3884 79207.25 
 871.9  3085  3958 85539.5 
 871.95  3090  4032 72269 
 872  3095  4106 76540.75 
 872.04  3100  4181 74749.5 
 872.1  3105  4255 114073.3 
 872.14  3110  4329 127315 
 872.19  3115  4404 118599.5 
 872.24  3120  4479 109485.5 
 872.29  3125  4553 121250.5 
 872.34  3130  4628 121684.5 
 872.4  3135  4703 121850 
 872.45  3140  4778 131076.5 
 872.5  3145  4853 110096 
 872.54  3150  4928 132001 
 872.59  3155  5003 109137.8 
 872.64  3160  5078 91470.75 
 872.69  3165  5153 116960.3 
 872.74  3170  5228 134708.3 
 872.79  3175  5304 130734.8 
 872.84  3180  5379 95707.5 
 872.89  3185  5455 108691.8 
 872.95  3190  5530 110310.3 
 873  3195  5606 95482.75 
 873.04  3200  5682 107268 
 873.09  3205  5758 113334.5 
 873.14  3210  5834 87729.25 
 873.2  3215  5910 81067 
 873.24  3220  5986 84238.25 
 873.29  3225  6062 66293.75 
 873.35  3230  6138 60145.5 
 873.39  3235  6214 62083.5 
 873.44  3240  6291 65183.75 
 873.49  3245  6367 61305.75 
 873.54  3250  6444 51897.5 
end
uaIntegration time is 0.2294 seconds per sampledt  4.1E-08 cy 1dh260619Arenosillo 37.1 6.73 3.76pr1000dark .9 
 900.04  2900  1261 554.25 
 900.09  2905  1333 557 
 900.15  2910  1405 564.75 
 900.19  2915  1477 575.75 
 900.26  2920  1549 582.25 
 900.3  2925  1621 597.5 
 900.34  2930  1693 615 
 900.4  2935  1765 650.5 
 900.45  2940  1837 644.25 
 900.49  2945  1909 687.25 
 900.55  2950  1981 741 
 900.6  2955  2054 861 
 900.65  2960  2126 1031.5 
 900.7  2965  2199 1064.75 
 900.75  2970  2271 1208.5 
 900.8  2975  2344 1925.25 
 900.84  2980  2416 2182.5 
 900.89  2985  2489 2178.75 
 900.95  2990  2562 3558 
 900.99  2995  2635 4517.75 
 901.05  3000  2708 4405.75 
 901.1  3005  2781 5688.75 
 901.15  3010  2854 8504.25 
 901.2  3015  2927 10526.5 
 901.25  3020  3000 9274.5 
 901.3  3025  3073 15792.5 
 901.35  3030  3147 23669.25 
 901.4  3035  3220 26906.25 
 901.45  3040  3294 25401.5 
 901.49  3045  3367 32080.5 
 901.54  3050  3441 41518.25 
 901.6  3055  3514 40772.75 
 901.65  3060  3588 39844.75 
 901.69  3065  3662 45032.75 
 901.75  3070  3736 58566.25 
 901.8  3075  3810 65372.25 
 901.85  3080  3884 66841 
 901.9  3085  3958 72469.5 
 901.95  3090  4032 61198 
 902  3095  4106 65670.5 
 902.04  3100  4181 64045 
 902.09  3105  4255 98419 
 902.15  3110  4329 110551.3 
 902.2  3115  4404 103484.3 
 902.25  3120  4479 95494.75 
 902.3  3125  4553 106073.8 
 902.35  3130  4628 107055.5 
 902.4  3135  4703 106870 
 902.45  3140  4778 115438.5 
 902.5  3145  4853 97644 
 902.54  3150  4928 117428.8 
 902.59  3155  5003 96037 
 902.64  3160  5078 81574.5 
 902.69  3165  5153 104620.3 
 902.75  3170  5228 120878 
 902.8  3175  5304 116649.8 
 902.85  3180  5379 85484.75 
 902.9  3185  5455 97844.5 
 902.95  3190  5530 99456.5 
 903  3195  5606 85755 
 903.05  3200  5682 96114 
 903.1  3205  5758 102088.3 
 903.15  3210  5834 78902.5 
 903.19  3215  5910 73213.25 
 903.24  3220  5986 75817 
 903.3  3225  6062 59370 
 903.35  3230  6138 54198 
 903.4  3235  6214 55956.25 
 903.45  3240  6291 58927.25 
 903.5  3245  6367 55065.75 
 903.55  3250  6444 46722.25 
end
uaIntegration time is 0.2294 seconds per sampledt  4.1E-08 cy 1dh260619Arenosillo 37.1 6.73 3.76pr1000dark 1.15 
 930.04  2900  1261 471 
 930.1  2905  1333 478.75 
 930.15  2910  1405 470.25 
 930.2  2915  1477 478.5 
 930.25  2920  1549 498.75 
 930.3  2925  1621 489.5 
 930.35  2930  1693 502.25 
 930.4  2935  1765 529.5 
 930.45  2940  1837 514 
 930.5  2945  1909 544 
 930.55  2950  1981 572.25 
 930.59  2955  2054 616.5 
 930.65  2960  2126 735.5 
 930.7  2965  2199 747.5 
 930.75  2970  2271 856.75 
 930.8  2975  2344 1230.75 
 930.85  2980  2416 1409.25 
 930.9  2985  2489 1406.75 
 930.95  2990  2562 2230 
 930.99  2995  2635 2890.75 
 931.06  3000  2708 2880.75 
 931.09  3005  2781 3669 
 931.15  3010  2854 5515.25 
 931.2  3015  2927 7138.75 
 931.25  3020  3000 6342 
 931.3  3025  3073 10815.75 
 931.35  3030  3147 16629.25 
 931.4  3035  3220 19312 
 931.45  3040  3294 18298.75 
 931.49  3045  3367 23495.5 
 931.55  3050  3441 31234.75 
 931.61  3055  3514 30773.5 
 931.64  3060  3588 30210 
 931.7  3065  3662 34495.25 
 931.75  3070  3736 45310 
 931.8  3075  3810 51307 
 931.85  3080  3884 52776 
 931.9  3085  3958 57243 
 931.95  3090  4032 48964.25 
 932  3095  4106 52436.25 
 932.05  3100  4181 51705.5 
 932.1  3105  4255 79506 
 932.14  3110  4329 90929.5 
 932.2  3115  4404 84533.75 
 932.25  3120  4479 78695.25 
 932.3  3125  4553 88121.5 
 932.35  3130  4628 89564.75 
 932.4  3135  4703 89293.75 
 932.45  3140  4778 98302.5 
 932.5  3145  4853 82355.25 
 932.55  3150  4928 100227.3 
 932.6  3155  5003 83311 
 932.65  3160  5078 68286.5 
 932.7  3165  5153 89078.5 
 932.75  3170  5228 103254 
 932.8  3175  5304 101163 
 932.85  3180  5379 74074.25 
 932.9  3185  5455 84141.75 
 932.95  3190  5530 86488 
 933.01  3195  5606 73953.75 
 933.05  3200  5682 82969 
 933.1  3205  5758 88707 
 933.15  3210  5834 69372.5 
 933.19  3215  5910 63263 
 933.25  3220  5986 65800.75 
 933.3  3225  6062 52131.75 
 933.34  3230  6138 47152.25 
 933.4  3235  6214 49094 
 933.45  3240  6291 51558.75 
 933.5  3245  6367 48407.25 
 933.55  3250  6444 40682.25 
end
uaIntegration time is 0.2294 seconds per sampledt  4.1E-08 cy 1dh260619Arenosillo 37.1 6.73 3.72pr1000dark 1.15 
 960.04  2900  1261 370.5 
 960.1  2905  1333 379.75 
 960.15  2910  1405 376.25 
 960.2  2915  1477 390 
 960.25  2920  1549 386.25 
 960.3  2925  1621 410 
 960.35  2930  1693 399.25 
 960.4  2935  1765 412 
 960.45  2940  1837 408.25 
 960.5  2945  1909 424.25 
 960.55  2950  1981 440 
 960.6  2955  2054 473 
 960.65  2960  2126 509 
 960.7  2965  2199 529.5 
 960.74  2970  2271 557.25 
 960.79  2975  2344 762.75 
 960.85  2980  2416 866 
 960.9  2985  2489 871.5 
 960.95  2990  2562 1351.25 
 961  2995  2635 1741.5 
 961.05  3000  2708 1754.5 
 961.1  3005  2781 2248 
 961.15  3010  2854 3454.75 
 961.2  3015  2927 4400 
 961.25  3020  3000 4012 
 961.3  3025  3073 7006.5 
 961.35  3030  3147 10847.75 
 961.4  3035  3220 12653.5 
 961.45  3040  3294 12187 
 961.5  3045  3367 15919.5 
 961.55  3050  3441 21600 
 961.6  3055  3514 21572.25 
 961.65  3060  3588 21291.5 
 961.71  3065  3662 24542.25 
 961.75  3070  3736 32880.5 
 961.8  3075  3810 37862.5 
 961.85  3080  3884 39160.75 
 961.9  3085  3958 42940.5 
 961.95  3090  4032 36747.25 
 962  3095  4106 40598 
 962.05  3100  4181 40128.75 
 962.1  3105  4255 62202.5 
 962.15  3110  4329 71276 
 962.2  3115  4404 67099.75 
 962.25  3120  4479 63238 
 962.29  3125  4553 71428.75 
 962.35  3130  4628 72563.75 
 962.4  3135  4703 72248.5 
 962.45  3140  4778 79503.25 
 962.5  3145  4853 67600 
 962.55  3150  4928 82182 
 962.6  3155  5003 67579 
 962.65  3160  5078 56627.25 
 962.7  3165  5153 73874.25 
 962.75  3170  5228 85904.75 
 962.8  3175  5304 83318.25 
 962.86  3180  5379 61193.25 
 962.9  3185  5455 70483.75 
 962.95  3190  5530 72423.5 
 963  3195  5606 61602.5 
 963.05  3200  5682 69160 
 963.1  3205  5758 74468.25 
 963.15  3210  5834 58481.75 
 963.2  3215  5910 53475.75 
 963.25  3220  5986 55150 
 963.3  3225  6062 43538.5 
 963.35  3230  6138 39562.5 
 963.4  3235  6214 41618.25 
 963.46  3240  6291 43731.5 
 963.5  3245  6367 40775.25 
 963.55  3250  6444 34143 
end
uaIntegration time is 0.2294 seconds per sampledt  4.1E-08 cy 1dh260619Arenosillo 37.1 6.73 3.68pr1000dark .85 
 990.04  2900  1261 281.75 
 990.09  2905  1333 299.25 
 990.14  2910  1405 297.75 
 990.19  2915  1477 295.75 
 990.24  2920  1549 296.25 
 990.29  2925  1621 302.75 
 990.34  2930  1693 302.5 
 990.4  2935  1765 316.25 
 990.44  2940  1837 319 
 990.49  2945  1909 319.25 
 990.54  2950  1981 330 
 990.59  2955  2054 327 
 990.64  2960  2126 354.25 
 990.71  2965  2199 366.5 
 990.75  2970  2271 382.75 
 990.79  2975  2344 457.75 
 990.85  2980  2416 496.25 
 990.89  2985  2489 526 
 990.94  2990  2562 727 
 990.99  2995  2635 920 
 991.04  3000  2708 956.75 
 991.09  3005  2781 1201.25 
 991.14  3010  2854 1861.5 
 991.19  3015  2927 2383.5 
 991.24  3020  3000 2240 
 991.29  3025  3073 3938 
 991.35  3030  3147 6330.75 
 991.39  3035  3220 7441 
 991.44  3040  3294 7331.5 
 991.49  3045  3367 9665.5 
 991.54  3050  3441 13496 
 991.59  3055  3514 13734 
 991.64  3060  3588 13650.75 
 991.69  3065  3662 15977.75 
 991.74  3070  3736 21998.75 
 991.79  3075  3810 25839.75 
 991.84  3080  3884 26888.25 
 991.89  3085  3958 29753.5 
 991.94  3090  4032 25803.25 
 991.99  3095  4106 29025.25 
 992.04  3100  4181 28981.5 
 992.09  3105  4255 45318.75 
 992.14  3110  4329 52283.25 
 992.19  3115  4404 49733.25 
 992.24  3120  4479 47311 
 992.29  3125  4553 53988.75 
 992.34  3130  4628 55081.75 
 992.4  3135  4703 54515.5 
 992.44  3140  4778 60953 
 992.49  3145  4853 52330 
 992.54  3150  4928 63895.5 
 992.59  3155  5003 52324 
 992.64  3160  5078 44468.75 
 992.69  3165  5153 58419.5 
 992.74  3170  5228 68136 
 992.79  3175  5304 65796.5 
 992.84  3180  5379 48535.75 
 992.9  3185  5455 56610.75 
 992.94  3190  5530 58235.5 
 992.99  3195  5606 49425.25 
 993.04  3200  5682 55382.5 
 993.09  3205  5758 60168.5 
 993.14  3210  5834 47536 
 993.19  3215  5910 43591.5 
 993.24  3220  5986 44530.5 
 993.29  3225  6062 35027.5 
 993.34  3230  6138 32113 
 993.4  3235  6214 34012.75 
 993.44  3240  6291 35799.25 
 993.49  3245  6367 33248 
 993.54  3250  6444 27794.5 
end
uaIntegration time is 0.2294 seconds per sampledt  4.1E-08 cy 1dh260619Arenosillo 37.1 6.73 3.66pr1000dark .75 
 1020.04  2900  1261 207 
 1020.1  2905  1333 208.5 
 1020.15  2910  1405 211.75 
 1020.2  2915  1477 213.5 
 1020.25  2920  1549 216 
 1020.3  2925  1621 223 
 1020.34  2930  1693 220.25 
 1020.4  2935  1765 221.25 
 1020.45  2940  1837 222 
 1020.5  2945  1909 225.5 
 1020.55  2950  1981 235 
 1020.6  2955  2054 233.75 
 1020.65  2960  2126 233.5 
 1020.7  2965  2199 245.75 
 1020.76  2970  2271 252.75 
 1020.81  2975  2344 276 
 1020.85  2980  2416 290 
 1020.9  2985  2489 295.5 
 1020.95  2990  2562 374 
 1021  2995  2635 455.25 
 1021.05  3000  2708 467.5 
 1021.1  3005  2781 582.25 
 1021.15  3010  2854 865 
 1021.2  3015  2927 1096.5 
 1021.25  3020  3000 1079.5 
 1021.3  3025  3073 1881.25 
 1021.35  3030  3147 3050.25 
 1021.4  3035  3220 3689 
 1021.45  3040  3294 3677 
 1021.5  3045  3367 5052.25 
 1021.55  3050  3441 7349.5 
 1021.6  3055  3514 7567.25 
 1021.66  3060  3588 7712.25 
 1021.7  3065  3662 9084 
 1021.75  3070  3736 13007.5 
 1021.8  3075  3810 15627.5 
 1021.85  3080  3884 16341.25 
 1021.9  3085  3958 18438.5 
 1021.96  3090  4032 16068.75 
 1022  3095  4106 18628.25 
 1022.05  3100  4181 18920.75 
 1022.1  3105  4255 30023.25 
 1022.15  3110  4329 34808.5 
 1022.2  3115  4404 33190.5 
 1022.26  3120  4479 32392.5 
 1022.3  3125  4553 37551.75 
 1022.35  3130  4628 38506.25 
 1022.4  3135  4703 38368.75 
 1022.45  3140  4778 42971 
 1022.5  3145  4853 37938.25 
 1022.56  3150  4928 46289.75 
 1022.6  3155  5003 37426.75 
 1022.65  3160  5078 32632 
 1022.7  3165  5153 43527.25 
 1022.75  3170  5228 50518.25 
 1022.8  3175  5304 48392.25 
 1022.85  3180  5379 35963.75 
 1022.9  3185  5455 42805.25 
 1022.95  3190  5530 44413 
 1023  3195  5606 37150.5 
 1023.05  3200  5682 41664.25 
 1023.1  3205  5758 45809 
 1023.16  3210  5834 36331.25 
 1023.2  3215  5910 33580.5 
 1023.25  3220  5986 33921.25 
 1023.3  3225  6062 26525.25 
 1023.35  3230  6138 24716.75 
 1023.4  3235  6214 26365.5 
 1023.45  3240  6291 27807.5 
 1023.5  3245  6367 25685.25 
 1023.55  3250  6444 21369.75 
end
uaIntegration time is 0.2294 seconds per sampledt  4.1E-08 cy 1dh260619Arenosillo 37.1 6.73 3.62pr1000dark .7 
 1050.04  2900  1261 138.25 
 1050.1  2905  1333 138.75 
 1050.15  2910  1405 143 
 1050.2  2915  1477 141.75 
 1050.25  2920  1549 141 
 1050.3  2925  1621 143.5 
 1050.35  2930  1693 155 
 1050.4  2935  1765 152.5 
 1050.45  2940  1837 147.5 
 1050.5  2945  1909 153 
 1050.55  2950  1981 151.5 
 1050.6  2955  2054 155.75 
 1050.65  2960  2126 161.75 
 1050.7  2965  2199 164 
 1050.75  2970  2271 166 
 1050.8  2975  2344 171.25 
 1050.85  2980  2416 170.75 
 1050.9  2985  2489 174.25 
 1050.95  2990  2562 206.25 
 1051  2995  2635 215 
 1051.06  3000  2708 218.25 
 1051.1  3005  2781 259.5 
 1051.15  3010  2854 353.25 
 1051.2  3015  2927 462.75 
 1051.25  3020  3000 453.5 
 1051.3  3025  3073 738.5 
 1051.35  3030  3147 1230.75 
 1051.4  3035  3220 1518.25 
 1051.45  3040  3294 1531.75 
 1051.5  3045  3367 2170 
 1051.55  3050  3441 3282 
 1051.6  3055  3514 3514.5 
 1051.65  3060  3588 3613.25 
 1051.7  3065  3662 4377.25 
 1051.75  3070  3736 6490.5 
 1051.8  3075  3810 8015.75 
 1051.85  3080  3884 8550.75 
 1051.9  3085  3958 9729.25 
 1051.95  3090  4032 8676.5 
 1052  3095  4106 10499.25 
 1052.05  3100  4181 10832.75 
 1052.1  3105  4255 17272 
 1052.15  3110  4329 20399.25 
 1052.2  3115  4404 19836.75 
 1052.25  3120  4479 19844.75 
 1052.3  3125  4553 23304.25 
 1052.35  3130  4628 24215.5 
 1052.4  3135  4703 23949.25 
 1052.45  3140  4778 27600.5 
 1052.5  3145  4853 24757 
 1052.55  3150  4928 30545.75 
 1052.6  3155  5003 24586.75 
 1052.65  3160  5078 21678 
 1052.7  3165  5153 29388 
 1052.76  3170  5228 34206.25 
 1052.8  3175  5304 33061.75 
 1052.85  3180  5379 24712 
 1052.9  3185  5455 29983.75 
 1052.95  3190  5530 31417.25 
 1053  3195  5606 25797.75 
 1053.05  3200  5682 29030.75 
 1053.1  3205  5758 32621.25 
 1053.15  3210  5834 26193.75 
 1053.2  3215  5910 24110.75 
 1053.25  3220  5986 24120.75 
 1053.3  3225  6062 18901.25 
 1053.35  3230  6138 17697 
 1053.4  3235  6214 19257.5 
 1053.45  3240  6291 20340.25 
 1053.5  3245  6367 18722.75 
 1053.55  3250  6444 15392.25 
end
uaIntegration time is 0.2294 seconds per sampledt  4.1E-08 cy 1dh260619Arenosillo 37.1 6.73 3.6pr1000dark .85 
 1080.04  2900  1261 77.75 
 1080.09  2905  1333 83.25 
 1080.14  2910  1405 79.75 
 1080.2  2915  1477 91 
 1080.24  2920  1549 85.75 
 1080.3  2925  1621 93.75 
 1080.35  2930  1693 90.75 
 1080.4  2935  1765 91.5 
 1080.45  2940  1837 94.25 
 1080.5  2945  1909 95 
 1080.55  2950  1981 97 
 1080.59  2955  2054 101.75 
 1080.65  2960  2126 91.25 
 1080.69  2965  2199 96.75 
 1080.74  2970  2271 97.75 
 1080.8  2975  2344 98.25 
 1080.85  2980  2416 99.75 
 1080.89  2985  2489 103.5 
 1080.95  2990  2562 104.25 
 1081  2995  2635 111.75 
 1081.05  3000  2708 116.5 
 1081.1  3005  2781 126.25 
 1081.15  3010  2854 144.75 
 1081.2  3015  2927 170.25 
 1081.24  3020  3000 171 
 1081.29  3025  3073 270.25 
 1081.35  3030  3147 412 
 1081.4  3035  3220 489.5 
 1081.45  3040  3294 518.75 
 1081.5  3045  3367 752 
 1081.55  3050  3441 1183.25 
 1081.6  3055  3514 1275.5 
 1081.65  3060  3588 1350 
 1081.7  3065  3662 1664.75 
 1081.74  3070  3736 2572.25 
 1081.79  3075  3810 3276 
 1081.85  3080  3884 3592.5 
 1081.89  3085  3958 4146.5 
 1081.95  3090  4032 3819 
 1082  3095  4106 4875 
 1082.05  3100  4181 5105.75 
 1082.1  3105  4255 8377.5 
 1082.15  3110  4329 9940.5 
 1082.2  3115  4404 9781 
 1082.26  3120  4479 10208.25 
 1082.29  3125  4553 12366.75 
 1082.34  3130  4628 12857.75 
 1082.4  3135  4703 12813.5 
 1082.44  3140  4778 15127 
 1082.5  3145  4853 14181.75 
 1082.55  3150  4928 17485.25 
 1082.6  3155  5003 13945 
 1082.65  3160  5078 12706.25 
 1082.7  3165  5153 17626.5 
 1082.75  3170  5228 20578.5 
 1082.8  3175  5304 19517 
 1082.84  3180  5379 14991 
 1082.9  3185  5455 18802.5 
 1082.94  3190  5530 19724.75 
 1082.99  3195  5606 16058 
 1083.05  3200  5682 17953.25 
 1083.1  3205  5758 20645 
 1083.15  3210  5834 16947.75 
 1083.2  3215  5910 15676.25 
 1083.25  3220  5986 15270.75 
 1083.3  3225  6062 11937 
 1083.34  3230  6138 11501.75 
 1083.41  3235  6214 12852.25 
 1083.45  3240  6291 13638.75 
 1083.49  3245  6367 12328.25 
 1083.55  3250  6444 10053.75 
end
uvIntegration time is 0.2294 seconds per sampledt  4.1E-08 cy 4dh260619Arenosillo 37.1 6.73 3.52pr1000dark 2.8 
 1111.35  2900  1261 165 
 1111.39  2905  1333 173 
 1111.43  2910  1405 159 
 1111.47  2915  1477 174 
 1111.51  2920  1549 146 
 1111.55  2925  1621 157 
 1111.59  2930  1693 164 
 1111.63  2935  1765 159 
 1111.67  2940  1837 164 
 1111.71  2945  1909 170 
 1111.75  2950  1981 178 
 1111.79  2955  2054 163 
 1111.83  2960  2126 177 
 1111.87  2965  2199 179 
 1111.91  2970  2271 172 
 1111.95  2975  2344 179 
 1111.99  2980  2416 178 
 1112.03  2985  2489 178 
 1112.07  2990  2562 184 
 1112.11  2995  2635 211 
 1112.15  3000  2708 186 
 1112.19  3005  2781 213 
 1112.23  3010  2854 240 
 1112.27  3015  2927 261 
 1112.31  3020  3000 271 
 1112.35  3025  3073 343 
 1112.39  3030  3147 486 
 1112.43  3035  3220 583 
 1112.47  3040  3294 539 
 1112.51  3045  3367 774 
 1112.55  3050  3441 1191 
 1112.59  3055  3514 1259 
 1112.63  3060  3588 1328 
 1112.67  3065  3662 1616 
 1112.71  3070  3736 2580 
 1112.75  3075  3810 3396 
 1112.79  3080  3884 3714 
 1112.83  3085  3958 4393 
 1112.87  3090  4032 4136 
 1112.91  3095  4106 5623 
 1112.95  3100  4181 5983 
 1112.99  3105  4255 9969 
 1113.03  3110  4329 12067 
 1113.07  3115  4404 12152 
 1113.11  3120  4479 13547 
 1113.15  3125  4553 17040 
 1113.19  3130  4628 18081 
 1113.23  3135  4703 17739 
 1113.27  3140  4778 21735 
 1113.31  3145  4853 21573 
 1113.35  3150  4928 26915 
 1113.39  3155  5003 20977 
 1113.43  3160  5078 20195 
 1113.47  3165  5153 29187 
 1113.51  3170  5228 33905 
 1113.55  3175  5304 31982 
 1113.59  3180  5379 25365 
 1113.63  3185  5455 33425 
 1113.67  3190  5530 35756 
 1113.71  3195  5606 28354 
 1113.75  3200  5682 31622 
 1113.79  3205  5758 38171 
 1113.83  3210  5834 32351 
 1113.87  3215  5910 30225 
 1113.91  3220  5986 28386 
 1113.95  3225  6062 22226 
 1113.99  3230  6138 22111 
 1114.03  3235  6214 25802 
 1114.07  3240  6291 27656 
 1114.11  3245  6367 24455 
 1114.15  3250  6444 19715 
dark 2.4 
 1114.28  3250  6444 19725 
 1114.32  3245  6367 24733 
 1114.36  3240  6291 27765 
 1114.4  3235  6214 26133 
 1114.44  3230  6138 22525 
 1114.49  3225  6062 22412 
 1114.52  3220  5986 28548 
 1114.56  3215  5910 30474 
 1114.6  3210  5834 32874 
 1114.64  3205  5758 38612 
 1114.68  3200  5682 31972 
 1114.72  3195  5606 28540 
 1114.76  3190  5530 36048 
 1114.8  3185  5455 33698 
 1114.84  3180  5379 25419 
 1114.88  3175  5304 32344 
 1114.92  3170  5228 34147 
 1114.96  3165  5153 29174 
 1115  3160  5078 20176 
 1115.04  3155  5003 21069 
 1115.08  3150  4928 26704 
 1115.12  3145  4853 21354 
 1115.16  3140  4778 21404 
 1115.2  3135  4703 17317 
 1115.24  3130  4628 17600 
 1115.28  3125  4553 16462 
 1115.32  3120  4479 13148 
 1115.36  3115  4404 11793 
 1115.4  3110  4329 11661 
 1115.44  3105  4255 9538 
 1115.48  3100  4181 5696 
 1115.52  3095  4106 5251 
 1115.56  3090  4032 3736 
 1115.6  3085  3958 3989 
 1115.64  3080  3884 3383 
 1115.68  3075  3810 3116 
 1115.72  3070  3736 2369 
 1115.76  3065  3662 1473 
 1115.8  3060  3588 1177 
 1115.84  3055  3514 1079 
 1115.88  3050  3441 1035 
 1115.92  3045  3367 665 
 1115.96  3040  3294 502 
 1116  3035  3220 513 
 1116.04  3030  3147 418 
 1116.08  3025  3073 298 
 1116.12  3020  3000 242 
 1116.16  3015  2927 272 
 1116.2  3010  2854 215 
 1116.24  3005  2781 193 
 1116.28  3000  2708 182 
 1116.32  2995  2635 185 
 1116.36  2990  2562 177 
 1116.4  2985  2489 168 
 1116.44  2980  2416 157 
 1116.48  2975  2344 170 
 1116.52  2970  2271 172 
 1116.56  2965  2199 155 
 1116.6  2960  2126 150 
 1116.64  2955  2054 149 
 1116.68  2950  1981 143 
 1116.72  2945  1909 152 
 1116.76  2940  1837 150 
 1116.8  2935  1765 146 
 1116.84  2930  1693 153 
 1116.88  2925  1621 150 
 1116.92  2920  1549 144 
 1116.96  2915  1477 135 
 1117  2910  1405 142 
 1117.04  2905  1333 130 
 1117.08  2900  1261 149 
end
uvIntegration time is 0.2294 seconds per sampledt  4.1E-08 cy 4dh260619Arenosillo 37.1 6.73 3.45pr1000dark 2.4 
 1141.36  2900  1261 62 
 1141.4  2905  1333 75 
 1141.44  2910  1405 62 
 1141.49  2915  1477 70 
 1141.53  2920  1549 70 
 1141.57  2925  1621 70 
 1141.61  2930  1693 66 
 1141.65  2935  1765 71 
 1141.68  2940  1837 69 
 1141.73  2945  1909 70 
 1141.77  2950  1981 85 
 1141.81  2955  2054 81 
 1141.85  2960  2126 71 
 1141.89  2965  2199 76 
 1141.93  2970  2271 79 
 1141.97  2975  2344 78 
 1142.02  2980  2416 83 
 1142.06  2985  2489 87 
 1142.1  2990  2562 92 
 1142.13  2995  2635 92 
 1142.17  3000  2708 96 
 1142.21  3005  2781 96 
 1142.25  3010  2854 159 
 1142.3  3015  2927 134 
 1142.34  3020  3000 118 
 1142.38  3025  3073 160 
 1142.42  3030  3147 213 
 1142.46  3035  3220 239 
 1142.5  3040  3294 233 
 1142.54  3045  3367 281 
 1142.58  3050  3441 401 
 1142.62  3055  3514 418 
 1142.66  3060  3588 445 
 1142.7  3065  3662 522 
 1142.74  3070  3736 778 
 1142.78  3075  3810 957 
 1142.83  3080  3884 1016 
 1142.87  3085  3958 1195 
 1142.91  3090  4032 1095 
 1142.95  3095  4106 1459 
 1142.99  3100  4181 1596 
 1143.02  3105  4255 2675 
 1143.07  3110  4329 3312 
 1143.11  3115  4404 3374 
 1143.15  3120  4479 3901 
 1143.19  3125  4553 5049 
 1143.23  3130  4628 5497 
 1143.27  3135  4703 5393 
 1143.31  3140  4778 6966 
 1143.36  3145  4853 7450 
 1143.4  3150  4928 9385 
 1143.44  3155  5003 7203 
 1143.47  3160  5078 7390 
 1143.51  3165  5153 11249 
 1143.55  3170  5228 13068 
 1143.6  3175  5304 12230 
 1143.64  3180  5379 10033 
 1143.68  3185  5455 14414 
 1143.72  3190  5530 15899 
 1143.76  3195  5606 11906 
 1143.8  3200  5682 13336 
 1143.85  3205  5758 17133 
 1143.89  3210  5834 15644 
 1143.93  3215  5910 14684 
 1143.97  3220  5986 12890 
 1144.01  3225  6062 10073 
 1144.04  3230  6138 10624 
 1144.09  3235  6214 13171 
 1144.13  3240  6291 14174 
 1144.17  3245  6367 12136 
 1144.21  3250  6444 9409 
dark 2.2 
 1144.34  3250  6444 9398 
 1144.38  3245  6367 12182 
 1144.43  3240  6291 14063 
 1144.47  3235  6214 13053 
 1144.51  3230  6138 10538 
 1144.55  3225  6062 9913 
 1144.59  3220  5986 12571 
 1144.64  3215  5910 14230 
 1144.68  3210  5834 15141 
 1144.72  3205  5758 16622 
 1144.76  3200  5682 12726 
 1144.8  3195  5606 11347 
 1144.84  3190  5530 15011 
 1144.88  3185  5455 13718 
 1144.92  3180  5379 9472 
 1144.96  3175  5304 11504 
 1145  3170  5228 12235 
 1145.04  3165  5153 10423 
 1145.08  3160  5078 6775 
 1145.12  3155  5003 6644 
 1145.17  3150  4928 8666 
 1145.21  3145  4853 6696 
 1145.25  3140  4778 6426 
 1145.29  3135  4703 4821 
 1145.33  3130  4628 4909 
 1145.36  3125  4553 4540 
 1145.4  3120  4479 3461 
 1145.45  3115  4404 3003 
 1145.49  3110  4329 2959 
 1145.53  3105  4255 2358 
 1145.57  3100  4181 1425 
 1145.61  3095  4106 1309 
 1145.65  3090  4032 971 
 1145.7  3085  3958 1066 
 1145.74  3080  3884 911 
 1145.78  3075  3810 853 
 1145.81  3070  3736 680 
 1145.85  3065  3662 444 
 1145.89  3060  3588 396 
 1145.93  3055  3514 414 
 1145.98  3050  3441 364 
 1146.02  3045  3367 266 
 1146.06  3040  3294 206 
 1146.1  3035  3220 224 
 1146.14  3030  3147 180 
 1146.18  3025  3073 144 
 1146.22  3020  3000 137 
 1146.26  3015  2927 120 
 1146.3  3010  2854 95 
 1146.34  3005  2781 90 
 1146.38  3000  2708 76 
 1146.42  2995  2635 81 
 1146.46  2990  2562 73 
 1146.51  2985  2489 71 
 1146.55  2980  2416 76 
 1146.59  2975  2344 66 
 1146.63  2970  2271 67 
 1146.67  2965  2199 70 
 1146.7  2960  2126 63 
 1146.75  2955  2054 62 
 1146.79  2950  1981 61 
 1146.83  2945  1909 58 
 1146.87  2940  1837 54 
 1146.91  2935  1765 59 
 1146.95  2930  1693 54 
 1146.99  2925  1621 54 
 1147.04  2920  1549 52 
 1147.07  2915  1477 54 
 1147.11  2910  1405 52 
 1147.15  2905  1333 46 
 1147.19  2900  1261 59 
end
