ufIntegration time is 0.2294 seconds per sampledt  4.1E-08 cy 4dh230619Arenosillo 37.1 6.73 2.9pr1000dark .4 
 301.99  2900  1261 5 
 302.03  2905  1333 2 
 302.06  2910  1405 2 
 302.1  2915  1477 3 
 302.13  2920  1549 2 
 302.17  2925  1621 2 
 302.2  2930  1693 2 
 302.24  2935  1765 3 
 302.27  2940  1837 3 
 302.31  2945  1909 2 
 302.34  2950  1981 1 
 302.38  2955  2054 3 
 302.41  2960  2126 4 
 302.45  2965  2199 2 
 302.48  2970  2271 2 
 302.52  2975  2344 4 
 302.55  2980  2416 5 
 302.59  2985  2489 3 
 302.62  2990  2562 4 
 302.66  2995  2635 3 
 302.69  3000  2708 6 
 302.73  3005  2781 6 
 302.76  3010  2854 6 
 302.8  3015  2927 10 
 302.83  3020  3000 10 
 302.87  3025  3073 20 
 302.9  3030  3147 23 
 302.94  3035  3220 22 
 302.97  3040  3294 22 
 303.01  3045  3367 31 
 303.04  3050  3441 39 
 303.08  3055  3514 40 
 303.11  3060  3588 47 
 303.15  3065  3662 48 
 303.18  3070  3736 60 
 303.22  3075  3810 77 
 303.25  3080  3884 89 
 303.29  3085  3958 97 
 303.32  3090  4032 88 
 303.36  3095  4106 99 
 303.39  3100  4181 126 
 303.43  3105  4255 173 
 303.46  3110  4329 200 
 303.5  3115  4404 204 
 303.53  3120  4479 181 
 303.57  3125  4553 250 
 303.6  3130  4628 237 
 303.64  3135  4703 242 
 303.67  3140  4778 296 
 303.71  3145  4853 270 
 303.74  3150  4928 395 
 303.77  3155  5003 308 
 303.81  3160  5078 277 
 303.85  3165  5153 380 
 303.88  3170  5228 432 
 303.92  3175  5304 395 
 303.95  3180  5379 315 
 303.99  3185  5455 438 
 304.02  3190  5530 500 
 304.06  3195  5606 358 
 304.09  3200  5682 400 
 304.12  3205  5758 505 
 304.16  3210  5834 512 
 304.2  3215  5910 468 
 304.23  3220  5986 415 
 304.26  3225  6062 296 
 304.3  3230  6138 341 
 304.33  3235  6214 500 
 304.37  3240  6291 562 
 304.4  3245  6367 446 
 304.44  3250  6444 299 
end
ufIntegration time is 0.2294 seconds per sampledt  4.1E-08 cy 4dh230619Arenosillo 37.1 6.73 3.33pr1000dark 1.4 
 478.16  2900  1261 791 
 478.19  2905  1333 819 
 478.23  2910  1405 812 
 478.26  2915  1477 803 
 478.3  2920  1549 831 
 478.33  2925  1621 844 
 478.37  2930  1693 875 
 478.4  2935  1765 927 
 478.44  2940  1837 891 
 478.47  2945  1909 919 
 478.51  2950  1981 941 
 478.54  2955  2054 964 
 478.58  2960  2126 983 
 478.61  2965  2199 974 
 478.65  2970  2271 1022 
 478.68  2975  2344 1088 
 478.72  2980  2416 1183 
 478.75  2985  2489 1193 
 478.79  2990  2562 1433 
 478.82  2995  2635 1782 
 478.86  3000  2708 1846 
 478.89  3005  2781 2316 
 478.93  3010  2854 3335 
 478.96  3015  2927 4421 
 479  3020  3000 4249 
 479.03  3025  3073 7486 
 479.07  3030  3147 12220 
 479.1  3035  3220 14750 
 479.14  3040  3294 14800 
 479.17  3045  3367 20273 
 479.21  3050  3441 29381 
 479.24  3055  3514 30704 
 479.28  3060  3588 30962 
 479.31  3065  3662 36931 
 479.35  3070  3736 52937 
 479.38  3075  3810 63225 
 479.42  3080  3884 66963 
 479.45  3085  3958 75319 
 479.49  3090  4032 66014 
 479.52  3095  4106 76629 
 479.56  3100  4181 77915 
 479.59  3105  4255 123640 
 479.63  3110  4329 143698 
 479.66  3115  4404 137551 
 479.7  3120  4479 134443 
 479.73  3125  4553 156479 
 479.77  3130  4628 160566 
 479.8  3135  4703 160313 
 479.83  3140  4778 180829 
 479.87  3145  4853 158614 
 479.91  3150  4928 194817 
 479.94  3155  5003 158178 
 479.97  3160  5078 137099 
 480.01  3165  5153 183230 
 480.05  3170  5228 212960 
 480.08  3175  5304 206055 
 480.12  3180  5379 153042 
 480.15  3185  5455 181618 
 480.18  3190  5530 187826 
 480.22  3195  5606 157625 
 480.26  3200  5682 177027 
 480.29  3205  5758 195270 
 480.32  3210  5834 155198 
 480.36  3215  5910 142383 
 480.39  3220  5986 145164 
 480.43  3225  6062 113309 
 480.46  3230  6138 105464 
 480.5  3235  6214 112588 
 480.53  3240  6291 119033 
 480.57  3245  6367 109943 
 480.6  3250  6444 91463 
end
ufIntegration time is 0.2294 seconds per sampledt  4.1E-08 cy 4dh230619Arenosillo 37.1 6.73 3.49pr1000dark 1.8 
 535.69  2900  1261 1374 
 535.73  2905  1333 1403 
 535.76  2910  1405 1442 
 535.8  2915  1477 1450 
 535.83  2920  1549 1480 
 535.87  2925  1621 1467 
 535.9  2930  1693 1522 
 535.94  2935  1765 1538 
 535.97  2940  1837 1529 
 536.01  2945  1909 1567 
 536.04  2950  1981 1620 
 536.08  2955  2054 1695 
 536.11  2960  2126 1869 
 536.15  2965  2199 1880 
 536.18  2970  2271 2034 
 536.22  2975  2344 2630 
 536.25  2980  2416 2917 
 536.29  2985  2489 3042 
 536.32  2990  2562 4507 
 536.36  2995  2635 5780 
 536.39  3000  2708 5899 
 536.42  3005  2781 7563 
 536.46  3010  2854 11528 
 536.5  3015  2927 15082 
 536.53  3020  3000 13712 
 536.56  3025  3073 24232 
 536.6  3030  3147 38556 
 536.63  3035  3220 45282 
 536.67  3040  3294 43912 
 536.7  3045  3367 57777 
 536.74  3050  3441 79242 
 536.77  3055  3514 78717 
 536.81  3060  3588 77961 
 536.85  3065  3662 90748 
 536.88  3070  3736 123648 
 536.91  3075  3810 142299 
 536.95  3080  3884 147540 
 536.98  3085  3958 163068 
 537.02  3090  4032 139313 
 537.05  3095  4106 155967 
 537.09  3100  4181 155849 
 537.12  3105  4255 243384 
 537.16  3110  4329 277581 
 537.19  3115  4404 261114 
 537.23  3120  4479 247057 
 537.26  3125  4553 280105 
 537.3  3130  4628 284600 
 537.33  3135  4703 283017 
 537.37  3140  4778 312860 
 537.4  3145  4853 266691 
 537.44  3150  4928 323750 
 537.47  3155  5003 265230 
 537.51  3160  5078 225238 
 537.54  3165  5153 294433 
 537.58  3170  5228 342256 
 537.61  3175  5304 329982 
 537.65  3180  5379 243527 
 537.68  3185  5455 284000 
 537.72  3190  5530 291107 
 537.75  3195  5606 248475 
 537.79  3200  5682 278479 
 537.82  3205  5758 300054 
 537.86  3210  5834 234200 
 537.89  3215  5910 216011 
 537.93  3220  5986 221921 
 537.96  3225  6062 172788 
 538  3230  6138 160736 
 538.03  3235  6214 169328 
 538.07  3240  6291 178349 
 538.1  3245  6367 165384 
 538.14  3250  6444 138404 
end
ufIntegration time is 0.2294 seconds per sampledt  4.1E-08 cy 4dh230619Arenosillo 37.1 6.73 3.58pr1000dark 3 
 593.13  2900  1261 2093 
 593.16  2905  1333 2072 
 593.2  2910  1405 2107 
 593.23  2915  1477 2157 
 593.27  2920  1549 2208 
 593.3  2925  1621 2199 
 593.34  2930  1693 2264 
 593.37  2935  1765 2319 
 593.41  2940  1837 2374 
 593.44  2945  1909 2497 
 593.48  2950  1981 2644 
 593.51  2955  2054 2879 
 593.55  2960  2126 3498 
 593.58  2965  2199 3595 
 593.62  2970  2271 4072 
 593.65  2975  2344 6020 
 593.69  2980  2416 6754 
 593.72  2985  2489 6785 
 593.76  2990  2562 11021 
 593.79  2995  2635 14261 
 593.83  3000  2708 14219 
 593.86  3005  2781 18192 
 593.9  3010  2854 27162 
 593.93  3015  2927 34331 
 593.97  3020  3000 30148 
 594  3025  3073 52472 
 594.04  3030  3147 79522 
 594.07  3035  3220 90612 
 594.11  3040  3294 87324 
 594.14  3045  3367 111696 
 594.18  3050  3441 148293 
 594.21  3055  3514 141598 
 594.25  3060  3588 142495 
 594.28  3065  3662 159993 
 594.32  3070  3736 210134 
 594.35  3075  3810 236928 
 594.39  3080  3884 243437 
 594.42  3085  3958 264353 
 594.46  3090  4032 222799 
 594.49  3095  4106 242084 
 594.53  3100  4181 236946 
 594.56  3105  4255 363266 
 594.6  3110  4329 410857 
 594.63  3115  4404 384060 
 594.67  3120  4479 358792 
 594.7  3125  4553 400849 
 594.74  3130  4628 403549 
 594.77  3135  4703 404934 
 594.81  3140  4778 436867 
 594.84  3145  4853 371956 
 594.88  3150  4928 449474 
 594.91  3155  5003 367084 
 594.95  3160  5078 311499 
 594.98  3165  5153 401547 
 595.02  3170  5228 463027 
 595.05  3175  5304 446980 
 595.09  3180  5379 327545 
 595.12  3185  5455 377258 
 595.16  3190  5530 381787 
 595.19  3195  5606 330010 
 595.23  3200  5682 370077 
 595.26  3205  5758 393113 
 595.3  3210  5834 305193 
 595.33  3215  5910 282631 
 595.37  3220  5986 292852 
 595.4  3225  6062 229800 
 595.44  3230  6138 210486 
 595.47  3235  6214 217649 
 595.51  3240  6291 228318 
 595.54  3245  6367 212220 
 595.58  3250  6444 179719 
end
ufIntegration time is 0.2294 seconds per sampledt  4.1E-08 cy 4dh230619Arenosillo 37.1 6.73 3.68pr1000dark 10 
 650.3  2900  1261 2548 
 650.34  2905  1333 2619 
 650.37  2910  1405 2627 
 650.41  2915  1477 2678 
 650.44  2920  1549 2788 
 650.48  2925  1621 2840 
 650.51  2930  1693 2928 
 650.55  2935  1765 3060 
 650.58  2940  1837 3177 
 650.62  2945  1909 3437 
 650.65  2950  1981 3717 
 650.69  2955  2054 4449 
 650.72  2960  2126 5508 
 650.76  2965  2199 5727 
 650.79  2970  2271 6473 
 650.83  2975  2344 10554 
 650.86  2980  2416 11825 
 650.9  2985  2489 11704 
 650.93  2990  2562 19387 
 650.97  2995  2635 24543 
 651  3000  2708 23651 
 651.04  3005  2781 30495 
 651.07  3010  2854 44875 
 651.11  3015  2927 55615 
 651.14  3020  3000 48229 
 651.18  3025  3073 82019 
 651.21  3030  3147 122582 
 651.25  3035  3220 137230 
 651.28  3040  3294 129871 
 651.32  3045  3367 162848 
 651.35  3050  3441 208913 
 651.39  3055  3514 204826 
 651.42  3060  3588 197907 
 651.46  3065  3662 223259 
 651.49  3070  3736 286217 
 651.53  3075  3810 318430 
 651.56  3080  3884 325557 
 651.6  3085  3958 352161 
 651.63  3090  4032 298022 
 651.67  3095  4106 315030 
 651.7  3100  4181 306947 
 651.74  3105  4255 465579 
 651.77  3110  4329 525765 
 651.81  3115  4404 490785 
 651.84  3120  4479 452274 
 651.88  3125  4553 500541 
 651.91  3130  4628 504446 
 651.95  3135  4703 503650 
 651.98  3140  4778 541401 
 652.02  3145  4853 453723 
 652.05  3150  4928 542859 
 652.09  3155  5003 446908 
 652.12  3160  5078 374600 
 652.15  3165  5153 477393 
 652.19  3170  5228 548838 
 652.22  3175  5304 532431 
 652.26  3180  5379 391489 
 652.29  3185  5455 445819 
 652.33  3190  5530 451223 
 652.36  3195  5606 387780 
 652.4  3200  5682 435307 
 652.43  3205  5758 460612 
 652.47  3210  5834 355148 
 652.5  3215  5910 327156 
 652.54  3220  5986 343605 
 652.57  3225  6062 273670 
 652.61  3230  6138 248983 
 652.64  3235  6214 256623 
 652.68  3240  6291 267206 
 652.71  3245  6367 249553 
 652.75  3250  6444 211903 
end
ufIntegration time is 0.2294 seconds per sampledt  4.1E-08 cy 4dh230619Arenosillo 37.1 6.73 3.72pr1000dark 4.6 
 707.62  2900  1261 2703 
 707.66  2905  1333 2730 
 707.69  2910  1405 2697 
 707.73  2915  1477 2845 
 707.76  2920  1549 2898 
 707.8  2925  1621 2897 
 707.83  2930  1693 3042 
 707.87  2935  1765 3229 
 707.9  2940  1837 3385 
 707.94  2945  1909 3636 
 707.97  2950  1981 4081 
 708  2955  2054 5043 
 708.04  2960  2126 6349 
 708.08  2965  2199 6586 
 708.11  2970  2271 7447 
 708.14  2975  2344 12572 
 708.18  2980  2416 14001 
 708.21  2985  2489 13602 
 708.25  2990  2562 22375 
 708.28  2995  2635 28026 
 708.32  3000  2708 27006 
 708.35  3005  2781 34360 
 708.39  3010  2854 51119 
 708.42  3015  2927 62500 
 708.46  3020  3000 54238 
 708.49  3025  3073 91695 
 708.53  3030  3147 135253 
 708.56  3035  3220 150098 
 708.6  3040  3294 140731 
 708.63  3045  3367 174124 
 708.67  3050  3441 221943 
 708.7  3055  3514 216041 
 708.74  3060  3588 207790 
 708.77  3065  3662 231215 
 708.81  3070  3736 295750 
 708.84  3075  3810 324833 
 708.88  3080  3884 336048 
 708.91  3085  3958 363426 
 708.95  3090  4032 306858 
 708.98  3095  4106 326504 
 709.02  3100  4181 319426 
 709.05  3105  4255 489041 
 709.09  3110  4329 547426 
 709.12  3115  4404 509790 
 709.16  3120  4479 470922 
 709.19  3125  4553 518190 
 709.23  3130  4628 523349 
 709.26  3135  4703 523900 
 709.3  3140  4778 560793 
 709.33  3145  4853 468205 
 709.37  3150  4928 559806 
 709.4  3155  5003 461025 
 709.44  3160  5078 388431 
 709.47  3165  5153 494122 
 709.51  3170  5228 569906 
 709.54  3175  5304 550196 
 709.58  3180  5379 403525 
 709.61  3185  5455 457568 
 709.65  3190  5530 468190 
 709.68  3195  5606 408294 
 709.72  3200  5682 457642 
 709.75  3205  5758 483688 
 709.79  3210  5834 372545 
 709.82  3215  5910 344909 
 709.86  3220  5986 356312 
 709.89  3225  6062 279183 
 709.93  3230  6138 253031 
 709.96  3235  6214 260339 
 710  3240  6291 273675 
 710.03  3245  6367 258250 
 710.07  3250  6444 221426 
end
ufIntegration time is 0.2294 seconds per sampledt  4.1E-08 cy 4dh230619Arenosillo 37.1 6.73 3.74pr1000dark 6 
 765.07  2900  1261 3036 
 765.11  2905  1333 3042 
 765.14  2910  1405 3138 
 765.18  2915  1477 3138 
 765.21  2920  1549 3225 
 765.25  2925  1621 3301 
 765.28  2930  1693 3451 
 765.32  2935  1765 3627 
 765.35  2940  1837 3838 
 765.39  2945  1909 4213 
 765.42  2950  1981 4655 
 765.46  2955  2054 5892 
 765.49  2960  2126 7490 
 765.53  2965  2199 7870 
 765.56  2970  2271 9030 
 765.6  2975  2344 15131 
 765.63  2980  2416 16770 
 765.67  2985  2489 16537 
 765.7  2990  2562 27394 
 765.74  2995  2635 34417 
 765.77  3000  2708 32619 
 765.81  3005  2781 41365 
 765.84  3010  2854 59746 
 765.88  3015  2927 73836 
 765.91  3020  3000 63479 
 765.95  3025  3073 106268 
 765.98  3030  3147 155502 
 766.02  3035  3220 174409 
 766.05  3040  3294 163012 
 766.09  3045  3367 202869 
 766.12  3050  3441 258084 
 766.16  3055  3514 246749 
 766.19  3060  3588 242360 
 766.23  3065  3662 270207 
 766.26  3070  3736 343598 
 766.3  3075  3810 377918 
 766.33  3080  3884 385077 
 766.37  3085  3958 413726 
 766.4  3090  4032 348494 
 766.44  3095  4106 366729 
 766.47  3100  4181 356322 
 766.51  3105  4255 540657 
 766.54  3110  4329 601067 
 766.58  3115  4404 560786 
 766.61  3120  4479 516186 
 766.65  3125  4553 570303 
 766.68  3130  4628 572089 
 766.72  3135  4703 573931 
 766.75  3140  4778 611906 
 766.79  3145  4853 513766 
 766.82  3150  4928 615940 
 766.85  3155  5003 515443 
 766.89  3160  5078 428483 
 766.92  3165  5153 544354 
 766.96  3170  5228 625974 
 766.99  3175  5304 607747 
 767.03  3180  5379 447106 
 767.07  3185  5455 504833 
 767.1  3190  5530 512558 
 767.13  3195  5606 445188 
 767.17  3200  5682 497511 
 767.2  3205  5758 524075 
 767.24  3210  5834 406920 
 767.27  3215  5910 374998 
 767.31  3220  5986 391949 
 767.34  3225  6062 309121 
 767.38  3230  6138 280711 
 767.41  3235  6214 288796 
 767.45  3240  6291 302738 
 767.48  3245  6367 285024 
 767.52  3250  6444 242084 
end
ufIntegration time is 0.2294 seconds per sampledt  4.1E-08 cy 4dh230619Arenosillo 37.1 6.73 3.74pr1000dark 6.4 
 822.6  2900  1261 2679 
 822.64  2905  1333 2649 
 822.67  2910  1405 2756 
 822.71  2915  1477 2797 
 822.74  2920  1549 2870 
 822.78  2925  1621 2938 
 822.81  2930  1693 3002 
 822.85  2935  1765 3162 
 822.88  2940  1837 3228 
 822.92  2945  1909 3496 
 822.95  2950  1981 3866 
 822.99  2955  2054 4694 
 823.02  2960  2126 5915 
 823.06  2965  2199 6169 
 823.09  2970  2271 7210 
 823.13  2975  2344 11662 
 823.16  2980  2416 12745 
 823.2  2985  2489 12832 
 823.23  2990  2562 20969 
 823.26  2995  2635 26399 
 823.3  3000  2708 25627 
 823.34  3005  2781 32702 
 823.37  3010  2854 47848 
 823.4  3015  2927 59142 
 823.44  3020  3000 51927 
 823.48  3025  3073 88173 
 823.51  3030  3147 130768 
 823.55  3035  3220 145996 
 823.58  3040  3294 137281 
 823.61  3045  3367 169934 
 823.65  3050  3441 218612 
 823.69  3055  3514 211082 
 823.72  3060  3588 206395 
 823.75  3065  3662 231589 
 823.79  3070  3736 299101 
 823.82  3075  3810 331514 
 823.86  3080  3884 338106 
 823.89  3085  3958 363711 
 823.93  3090  4032 304563 
 823.96  3095  4106 322620 
 824  3100  4181 315021 
 824.03  3105  4255 480911 
 824.07  3110  4329 538637 
 824.1  3115  4404 501043 
 824.14  3120  4479 459642 
 824.17  3125  4553 505642 
 824.21  3130  4628 509300 
 824.24  3135  4703 510543 
 824.28  3140  4778 551607 
 824.31  3145  4853 467597 
 824.35  3150  4928 562770 
 824.38  3155  5003 467362 
 824.42  3160  5078 395519 
 824.45  3165  5153 504766 
 824.49  3170  5228 582582 
 824.52  3175  5304 567541 
 824.56  3180  5379 417632 
 824.59  3185  5455 473428 
 824.63  3190  5530 480632 
 824.66  3195  5606 417432 
 824.7  3200  5682 466817 
 824.73  3205  5758 492261 
 824.77  3210  5834 380468 
 824.8  3215  5910 353796 
 824.84  3220  5986 368572 
 824.87  3225  6062 289473 
 824.91  3230  6138 262215 
 824.94  3235  6214 269614 
 824.98  3240  6291 282684 
 825.01  3245  6367 264847 
 825.05  3250  6444 224719 
end
ufIntegration time is 0.2294 seconds per sampledt  4.1E-08 cy 4dh230619Arenosillo 37.1 6.73 3.74pr1000dark 3.6 
 879.66  2900  1261 1475 
 879.69  2905  1333 1547 
 879.73  2910  1405 1613 
 879.76  2915  1477 1684 
 879.8  2920  1549 1701 
 879.83  2925  1621 1816 
 879.87  2930  1693 1800 
 879.9  2935  1765 1911 
 879.94  2940  1837 1962 
 879.97  2945  1909 2075 
 880.01  2950  1981 2273 
 880.04  2955  2054 2595 
 880.08  2960  2126 3127 
 880.11  2965  2199 3312 
 880.15  2970  2271 3845 
 880.18  2975  2344 6044 
 880.22  2980  2416 6692 
 880.25  2985  2489 7040 
 880.29  2990  2562 11416 
 880.32  2995  2635 14686 
 880.36  3000  2708 14597 
 880.39  3005  2781 19334 
 880.43  3010  2854 29067 
 880.46  3015  2927 36492 
 880.5  3020  3000 32524 
 880.53  3025  3073 56823 
 880.57  3030  3147 85933 
 880.6  3035  3220 97534 
 880.64  3040  3294 93836 
 880.67  3045  3367 120166 
 880.71  3050  3441 158521 
 880.74  3055  3514 151734 
 880.78  3060  3588 152790 
 880.81  3065  3662 171554 
 880.85  3070  3736 224189 
 880.88  3075  3810 250777 
 880.92  3080  3884 257462 
 880.95  3085  3958 279217 
 880.99  3090  4032 234351 
 881.02  3095  4106 254419 
 881.06  3100  4181 249756 
 881.09  3105  4255 387105 
 881.13  3110  4329 433237 
 881.16  3115  4404 404762 
 881.19  3120  4479 376674 
 881.23  3125  4553 419463 
 881.26  3130  4628 425417 
 881.3  3135  4703 427443 
 881.33  3140  4778 468930 
 881.37  3145  4853 397588 
 881.4  3150  4928 482110 
 881.44  3155  5003 397805 
 881.47  3160  5078 334149 
 881.51  3165  5153 427093 
 881.54  3170  5228 492011 
 881.58  3175  5304 470527 
 881.61  3180  5379 343056 
 881.65  3185  5455 391304 
 881.68  3190  5530 391368 
 881.72  3195  5606 338107 
 881.75  3200  5682 377876 
 881.79  3205  5758 401090 
 881.82  3210  5834 310356 
 881.86  3215  5910 287333 
 881.89  3220  5986 296703 
 881.93  3225  6062 233931 
 881.96  3230  6138 214527 
 882  3235  6214 220496 
 882.03  3240  6291 232212 
 882.07  3245  6367 217178 
 882.1  3250  6444 184310 
end
ufIntegration time is 0.2294 seconds per sampledt  4.1E-08 cy 4dh230619Arenosillo 37.1 6.73 3.7pr1000dark 4.2 
 937.13  2900  1261 1042 
 937.16  2905  1333 1043 
 937.2  2910  1405 1093 
 937.23  2915  1477 1072 
 937.27  2920  1549 1098 
 937.3  2925  1621 1123 
 937.34  2930  1693 1137 
 937.37  2935  1765 1166 
 937.41  2940  1837 1169 
 937.44  2945  1909 1173 
 937.48  2950  1981 1251 
 937.51  2955  2054 1282 
 937.55  2960  2126 1446 
 937.58  2965  2199 1483 
 937.62  2970  2271 1568 
 937.65  2975  2344 2161 
 937.69  2980  2416 2405 
 937.72  2985  2489 2467 
 937.76  2990  2562 3754 
 937.79  2995  2635 4786 
 937.83  3000  2708 4953 
 937.86  3005  2781 6381 
 937.9  3010  2854 9718 
 937.93  3015  2927 12291 
 937.97  3020  3000 11452 
 938  3025  3073 19816 
 938.04  3030  3147 30608 
 938.07  3035  3220 35029 
 938.11  3040  3294 33763 
 938.14  3045  3367 43994 
 938.18  3050  3441 59323 
 938.21  3055  3514 59074 
 938.25  3060  3588 58557 
 938.28  3065  3662 66864 
 938.32  3070  3736 89777 
 938.35  3075  3810 103068 
 938.39  3080  3884 106255 
 938.42  3085  3958 116281 
 938.46  3090  4032 99732 
 938.49  3095  4106 109843 
 938.53  3100  4181 108808 
 938.56  3105  4255 168951 
 938.6  3110  4329 192622 
 938.63  3115  4404 180809 
 938.67  3120  4479 171211 
 938.7  3125  4553 192875 
 938.73  3130  4628 195454 
 938.77  3135  4703 195609 
 938.8  3140  4778 212777 
 938.84  3145  4853 183268 
 938.87  3150  4928 220684 
 938.91  3155  5003 178631 
 938.94  3160  5078 154515 
 938.98  3165  5153 200263 
 939.01  3170  5228 231926 
 939.05  3175  5304 222553 
 939.08  3180  5379 164440 
 939.12  3185  5455 190657 
 939.15  3190  5530 194263 
 939.19  3195  5606 165657 
 939.22  3200  5682 186404 
 939.26  3205  5758 200309 
 939.29  3210  5834 157674 
 939.33  3215  5910 145070 
 939.36  3220  5986 148876 
 939.4  3225  6062 117548 
 939.43  3230  6138 108381 
 939.47  3235  6214 114642 
 939.5  3240  6291 121063 
 939.54  3245  6367 113132 
 939.57  3250  6444 96940 
end
ufIntegration time is 0.2294 seconds per sampledt  4.1E-08 cy 4dh230619Arenosillo 37.1 6.73 3.6pr1000dark 3.4 
 994.54  2900  1261 621 
 994.57  2905  1333 623 
 994.61  2910  1405 656 
 994.64  2915  1477 638 
 994.68  2920  1549 633 
 994.71  2925  1621 678 
 994.75  2930  1693 680 
 994.78  2935  1765 682 
 994.82  2940  1837 707 
 994.85  2945  1909 702 
 994.89  2950  1981 697 
 994.92  2955  2054 750 
 994.96  2960  2126 748 
 994.99  2965  2199 791 
 995.03  2970  2271 799 
 995.06  2975  2344 920 
 995.1  2980  2416 1000 
 995.13  2985  2489 1036 
 995.17  2990  2562 1372 
 995.2  2995  2635 1746 
 995.23  3000  2708 1796 
 995.27  3005  2781 2319 
 995.31  3010  2854 3434 
 995.34  3015  2927 4558 
 995.37  3020  3000 4327 
 995.41  3025  3073 7589 
 995.44  3030  3147 12168 
 995.48  3035  3220 14454 
 995.51  3040  3294 14427 
 995.55  3045  3367 19195 
 995.58  3050  3441 27089 
 995.62  3055  3514 27897 
 995.65  3060  3588 27949 
 995.69  3065  3662 32998 
 995.72  3070  3736 46197 
 995.76  3075  3810 54315 
 995.79  3080  3884 56964 
 995.83  3085  3958 63406 
 995.86  3090  4032 55192 
 995.9  3095  4106 62902 
 995.93  3100  4181 63527 
 995.97  3105  4255 100327 
 996  3110  4329 115655 
 996.04  3115  4404 110096 
 996.07  3120  4479 106417 
 996.11  3125  4553 122265 
 996.14  3130  4628 124846 
 996.18  3135  4703 123844 
 996.21  3140  4778 139061 
 996.25  3145  4853 120814 
 996.28  3150  4928 147201 
 996.32  3155  5003 119976 
 996.35  3160  5078 103230 
 996.39  3165  5153 136597 
 996.42  3170  5228 158520 
 996.46  3175  5304 152871 
 996.49  3180  5379 113084 
 996.53  3185  5455 133804 
 996.56  3190  5530 136952 
 996.6  3195  5606 115919 
 996.63  3200  5682 129597 
 996.67  3205  5758 141832 
 996.7  3210  5834 111971 
 996.74  3215  5910 103491 
 996.77  3220  5986 104136 
 996.81  3225  6062 81507 
 996.84  3230  6138 75550 
 996.88  3235  6214 79983 
 996.91  3240  6291 84242 
 996.95  3245  6367 77623 
 996.98  3250  6444 65207 
end
ufIntegration time is 0.2294 seconds per sampledt  4.1E-08 cy 4dh230619Arenosillo 37.1 6.73 3.25pr1000dark 1.6 
 1167.69  2900  1261 13 
 1167.72  2905  1333 16 
 1167.76  2910  1405 18 
 1167.79  2915  1477 15 
 1167.83  2920  1549 18 
 1167.86  2925  1621 16 
 1167.9  2930  1693 19 
 1167.93  2935  1765 19 
 1167.97  2940  1837 28 
 1168  2945  1909 22 
 1168.04  2950  1981 18 
 1168.07  2955  2054 21 
 1168.11  2960  2126 18 
 1168.14  2965  2199 25 
 1168.18  2970  2271 20 
 1168.21  2975  2344 26 
 1168.25  2980  2416 23 
 1168.28  2985  2489 24 
 1168.32  2990  2562 26 
 1168.35  2995  2635 37 
 1168.39  3000  2708 32 
 1168.42  3005  2781 33 
 1168.46  3010  2854 43 
 1168.49  3015  2927 43 
 1168.53  3020  3000 42 
 1168.56  3025  3073 58 
 1168.6  3030  3147 87 
 1168.63  3035  3220 90 
 1168.67  3040  3294 90 
 1168.7  3045  3367 131 
 1168.74  3050  3441 156 
 1168.77  3055  3514 174 
 1168.8  3060  3588 170 
 1168.84  3065  3662 194 
 1168.88  3070  3736 281 
 1168.91  3075  3810 339 
 1168.94  3080  3884 360 
 1168.98  3085  3958 379 
 1169.02  3090  4032 392 
 1169.05  3095  4106 406 
 1169.09  3100  4181 429 
 1169.12  3105  4255 702 
 1169.15  3110  4329 839 
 1169.19  3115  4404 819 
 1169.23  3120  4479 865 
 1169.26  3125  4553 1101 
 1169.29  3130  4628 1172 
 1169.33  3135  4703 1183 
 1169.36  3140  4778 1396 
 1169.4  3145  4853 1477 
 1169.43  3150  4928 1843 
 1169.47  3155  5003 1460 
 1169.5  3160  5078 1437 
 1169.54  3165  5153 2290 
 1169.57  3170  5228 2649 
 1169.61  3175  5304 2433 
 1169.64  3180  5379 2045 
 1169.68  3185  5455 3179 
 1169.71  3190  5530 3642 
 1169.75  3195  5606 2636 
 1169.78  3200  5682 2855 
 1169.82  3205  5758 3989 
 1169.85  3210  5834 4030 
 1169.89  3215  5910 3784 
 1169.92  3220  5986 3106 
 1169.96  3225  6062 2443 
 1169.99  3230  6138 2754 
 1170.03  3235  6214 3844 
 1170.06  3240  6291 4198 
 1170.1  3245  6367 3511 
 1170.13  3250  6444 2459 
end
