ufIntegration time is 0.2294 seconds per sampledt  4E-08 cy 4dh200619El Arenosillo 37.1 6.73 2.9pr1000dark 1.8 
 298.48  2900  1280 1 
 298.51  2905  1350 2 
 298.55  2910  1420 2 
 298.58  2915  1490 1 
 298.62  2920  1561 3 
 298.65  2925  1631 2 
 298.69  2930  1702 2 
 298.72  2935  1773 1 
 298.76  2940  1843 2 
 298.79  2945  1914 2 
 298.83  2950  1985 2 
 298.86  2955  2056 1 
 298.9  2960  2127 1 
 298.93  2965  2198 3 
 298.97  2970  2269 2 
 299  2975  2340 3 
 299.04  2980  2411 1 
 299.07  2985  2483 1 
 299.11  2990  2554 3 
 299.14  2995  2626 2 
 299.18  3000  2697 3 
 299.21  3005  2769 2 
 299.25  3010  2841 2 
 299.28  3015  2912 3 
 299.32  3020  2984 4 
 299.35  3025  3056 5 
 299.39  3030  3128 9 
 299.42  3035  3200 6 
 299.46  3040  3273 7 
 299.49  3045  3345 9 
 299.53  3050  3417 12 
 299.56  3055  3490 8 
 299.6  3060  3562 11 
 299.63  3065  3635 13 
 299.67  3070  3707 19 
 299.7  3075  3780 27 
 299.74  3080  3853 24 
 299.77  3085  3926 24 
 299.8  3090  3998 25 
 299.84  3095  4071 27 
 299.88  3100  4145 29 
 299.91  3105  4218 50 
 299.94  3110  4291 65 
 299.98  3115  4364 61 
 300.01  3120  4438 58 
 300.05  3125  4511 70 
 300.08  3130  4585 82 
 300.12  3135  4658 74 
 300.15  3140  4732 81 
 300.19  3145  4806 87 
 300.22  3150  4880 152 
 300.26  3155  4954 82 
 300.29  3160  5028 79 
 300.33  3165  5102 122 
 300.36  3170  5176 174 
 300.4  3175  5251 153 
 300.43  3180  5325 109 
 300.47  3185  5399 165 
 300.5  3190  5474 182 
 300.54  3195  5549 154 
 300.57  3200  5623 148 
 300.61  3205  5698 201 
 300.64  3210  5773 190 
 300.68  3215  5848 194 
 300.71  3220  5923 166 
 300.75  3225  5998 148 
 300.78  3230  6073 153 
 300.82  3235  6149 198 
 300.85  3240  6224 233 
 300.89  3245  6300 214 
 300.92  3250  6375 154 
end
uaIntegration time is 0.2294 seconds per sampledt  4E-08 cy 1dh200619El Arenosillo 37.1 6.73 3.23pr1000dark .8 
 482.02  2900  1280 21.75 
 482.07  2905  1350 24.75 
 482.12  2910  1420 22.5 
 482.17  2915  1490 23.25 
 482.22  2920  1561 24.75 
 482.27  2925  1631 24.25 
 482.32  2930  1702 24.75 
 482.37  2935  1773 27.75 
 482.42  2940  1843 32 
 482.47  2945  1914 28 
 482.52  2950  1985 33.25 
 482.57  2955  2056 26.5 
 482.62  2960  2127 31 
 482.67  2965  2198 34.75 
 482.72  2970  2269 41.5 
 482.77  2975  2340 38.75 
 482.82  2980  2411 45.25 
 482.87  2985  2483 48.25 
 482.92  2990  2554 74 
 482.97  2995  2626 95.75 
 483.02  3000  2697 103.75 
 483.07  3005  2769 138 
 483.12  3010  2841 226.75 
 483.17  3015  2912 304 
 483.22  3020  2984 296.25 
 483.27  3025  3056 570.25 
 483.32  3030  3128 939.25 
 483.37  3035  3200 1161.25 
 483.42  3040  3273 1181.75 
 483.47  3045  3345 1684.75 
 483.52  3050  3417 2451.75 
 483.57  3055  3490 2565.5 
 483.62  3060  3562 2652 
 483.67  3065  3635 3164.75 
 483.72  3070  3707 4725.75 
 483.77  3075  3780 5663.75 
 483.82  3080  3853 6020.5 
 483.87  3085  3926 6989.25 
 483.92  3090  3998 6138.75 
 483.97  3095  4071 7345.75 
 484.02  3100  4145 7432.75 
 484.07  3105  4218 12328.5 
 484.12  3110  4291 14393.5 
 484.17  3115  4364 13920.75 
 484.22  3120  4438 13792.25 
 484.27  3125  4511 16381.75 
 484.32  3130  4585 17049.75 
 484.37  3135  4658 17012.75 
 484.42  3140  4732 19800.25 
 484.47  3145  4806 17421.25 
 484.52  3150  4880 22028.75 
 484.57  3155  4954 17761.75 
 484.62  3160  5028 15957.5 
 484.67  3165  5102 21677.25 
 484.72  3170  5176 25531.75 
 484.77  3175  5251 25158 
 484.82  3180  5325 18630.5 
 484.87  3185  5399 22819.75 
 484.92  3190  5474 23796 
 484.97  3195  5549 20507.25 
 485.02  3200  5623 23346.75 
 485.07  3205  5698 26165 
 485.12  3210  5773 20903.5 
 485.17  3215  5848 19684.25 
 485.22  3220  5923 20274.25 
 485.27  3225  5998 15930.5 
 485.32  3230  6073 15307.25 
 485.37  3235  6149 16416.5 
 485.42  3240  6224 17737.75 
 485.47  3245  6300 16482.5 
 485.52  3250  6375 13913.25 
end
uaIntegration time is 0.2294 seconds per sampledt  4E-08 cy 1dh200619El Arenosillo 37.1 6.73 3.37pr1000dark 1.2 
 540.02  2900  1280 39.75 
 540.07  2905  1350 43 
 540.12  2910  1420 40 
 540.17  2915  1490 40 
 540.22  2920  1561 41.5 
 540.27  2925  1631 42.5 
 540.32  2930  1702 44 
 540.37  2935  1773 45.25 
 540.42  2940  1843 47.5 
 540.47  2945  1914 47.75 
 540.52  2950  1985 52.25 
 540.57  2955  2056 62.25 
 540.62  2960  2127 67.5 
 540.67  2965  2198 75.5 
 540.72  2970  2269 80.5 
 540.77  2975  2340 129.75 
 540.82  2980  2411 147.5 
 540.87  2985  2483 155.25 
 540.92  2990  2554 272 
 540.97  2995  2626 369.75 
 541.02  3000  2697 367.75 
 541.07  3005  2769 527.75 
 541.12  3010  2841 806.25 
 541.17  3015  2912 1085 
 541.22  3020  2984 1023.25 
 541.27  3025  3056 1898.5 
 541.32  3030  3128 2959.25 
 541.37  3035  3200 3531.75 
 541.42  3040  3273 3459.25 
 541.47  3045  3345 4687.25 
 541.52  3050  3417 6484 
 541.57  3055  3490 6616.25 
 541.62  3060  3562 6659 
 541.67  3065  3635 7809.5 
 541.72  3070  3707 10890.25 
 541.77  3075  3780 12672.75 
 541.82  3080  3853 13431.25 
 541.87  3085  3926 15105.25 
 541.92  3090  3998 13102.5 
 541.97  3095  4071 14691.5 
 542.02  3100  4145 14710.25 
 542.07  3105  4218 23965.5 
 542.12  3110  4291 27742.25 
 542.17  3115  4364 26611.25 
 542.22  3120  4438 25386.25 
 542.27  3125  4511 29438.25 
 542.32  3130  4585 30544.5 
 542.37  3135  4658 30521.5 
 542.42  3140  4732 34774.25 
 542.47  3145  4806 29568.5 
 542.52  3150  4880 37188 
 542.57  3155  4954 30474.75 
 542.62  3160  5028 26336 
 542.67  3165  5102 35319.25 
 542.72  3170  5176 41685.5 
 542.77  3175  5251 41282.25 
 542.82  3180  5325 30071 
 542.87  3185  5399 35638 
 542.92  3190  5474 37282.5 
 542.97  3195  5549 32260.75 
 543.02  3200  5623 36908.5 
 543.07  3205  5698 40560 
 543.12  3210  5773 32349.5 
 543.17  3215  5848 30098 
 543.22  3220  5923 31417 
 543.27  3225  5998 24757.25 
 543.32  3230  6073 23355.25 
 543.37  3235  6149 24676.5 
 543.42  3240  6224 26554 
 543.47  3245  6300 24958.5 
 543.52  3250  6375 21246.75 
end
uaIntegration time is 0.2294 seconds per sampledt  4E-08 cy 1dh200619El Arenosillo 37.1 6.73 3.45pr1000dark 1.6 
 600.02  2900  1280 61.25 
 600.07  2905  1350 65 
 600.12  2910  1420 62.25 
 600.17  2915  1490 61.25 
 600.22  2920  1561 65 
 600.27  2925  1631 65 
 600.32  2930  1702 62.5 
 600.37  2935  1773 72.5 
 600.42  2940  1843 71.75 
 600.47  2945  1914 77.75 
 600.52  2950  1985 97.5 
 600.57  2955  2056 112.25 
 600.62  2960  2127 140.5 
 600.67  2965  2198 152 
 600.72  2970  2269 189.5 
 600.77  2975  2340 314.75 
 600.82  2980  2411 390.5 
 600.87  2985  2483 394.25 
 600.92  2990  2554 695.5 
 600.97  2995  2626 921.5 
 601.02  3000  2697 887.75 
 601.07  3005  2769 1229 
 601.12  3010  2841 1860.25 
 601.17  3015  2912 2464.5 
 601.22  3020  2984 2195 
 601.27  3025  3056 3990.5 
 601.32  3030  3128 6090.5 
 601.37  3035  3200 7045.5 
 601.42  3040  3273 6821.75 
 601.47  3045  3345 8930.25 
 601.52  3050  3417 11967 
 601.57  3055  3490 11897 
 601.62  3060  3562 11854.5 
 601.67  3065  3635 13657.25 
 601.72  3070  3707 18471.75 
 601.77  3075  3780 21111 
 601.82  3080  3853 22045 
 601.87  3085  3926 24649 
 601.92  3090  3998 20960.5 
 601.97  3095  4071 23039.25 
 602.02  3100  4145 22978.5 
 602.07  3105  4218 37186.5 
 602.12  3110  4291 42278.5 
 602.17  3115  4364 39929.25 
 602.22  3120  4438 37758 
 602.27  3125  4511 43071.5 
 602.32  3130  4585 44428.5 
 602.37  3135  4658 44485.25 
 602.42  3140  4732 50133.25 
 602.47  3145  4806 42141.75 
 602.52  3150  4880 52651 
 602.57  3155  4954 42987 
 602.62  3160  5028 37284 
 602.67  3165  5102 49247.75 
 602.72  3170  5176 57968.25 
 602.77  3175  5251 57379.5 
 602.82  3180  5325 41614.25 
 602.87  3185  5399 49198.25 
 602.92  3190  5474 50456.25 
 602.97  3195  5549 44415.25 
 603.02  3200  5623 50681.25 
 603.07  3205  5698 55116 
 603.12  3210  5773 43304.75 
 603.17  3215  5848 40560.5 
 603.22  3220  5923 42475 
 603.27  3225  5998 33376.25 
 603.32  3230  6073 31494.25 
 603.37  3235  6149 32878.25 
 603.42  3240  6224 35346.75 
 603.47  3245  6300 33176.75 
 603.52  3250  6375 28513.75 
end
uaIntegration time is 0.2294 seconds per sampledt  4E-08 cy 1dh200619El Arenosillo 37.1 6.73 3.5pr1000dark 1.95 
 645.02  2900  1280 70.75 
 645.07  2905  1350 76.75 
 645.12  2910  1420 72.25 
 645.17  2915  1490 76.75 
 645.22  2920  1561 72.75 
 645.27  2925  1631 79 
 645.32  2930  1702 81 
 645.37  2935  1773 88.5 
 645.42  2940  1843 93.25 
 645.47  2945  1914 106.5 
 645.52  2950  1985 125.75 
 645.57  2955  2056 158 
 645.62  2960  2127 211.25 
 645.67  2965  2198 226 
 645.72  2970  2269 274 
 645.77  2975  2340 508.75 
 645.82  2980  2411 582 
 645.87  2985  2483 582.75 
 645.92  2990  2554 1051.25 
 645.97  2995  2626 1343.5 
 646.02  3000  2697 1336.25 
 646.07  3005  2769 1789.75 
 646.12  3010  2841 2683.75 
 646.17  3015  2912 3504.75 
 646.22  3020  2984 3063 
 646.27  3025  3056 5522.25 
 646.32  3030  3128 8210.5 
 646.37  3035  3200 9505.25 
 646.42  3040  3273 9173 
 646.47  3045  3345 11794.25 
 646.52  3050  3417 15512.75 
 646.57  3055  3490 15411 
 646.62  3060  3562 15245.75 
 646.67  3065  3635 17408 
 646.72  3070  3707 23300.75 
 646.77  3075  3780 26271.5 
 646.82  3080  3853 27484.5 
 646.87  3085  3926 30474.75 
 646.92  3090  3998 25983 
 646.97  3095  4071 27988.25 
 647.02  3100  4145 27529 
 647.07  3105  4218 44615 
 647.12  3110  4291 50704.25 
 647.17  3115  4364 47755.75 
 647.22  3120  4438 44662 
 647.27  3125  4511 51009.75 
 647.32  3130  4585 52408.5 
 647.37  3135  4658 52526.25 
 647.42  3140  4732 58628.5 
 647.47  3145  4806 48937.25 
 647.52  3150  4880 61142 
 647.57  3155  4954 50488 
 647.62  3160  5028 42912.5 
 647.67  3165  5102 56561.25 
 647.72  3170  5176 66593.25 
 647.77  3175  5251 66149.75 
 647.82  3180  5325 47959.25 
 647.87  3185  5399 56155.75 
 647.92  3190  5474 57917 
 647.97  3195  5549 50647 
 648.02  3200  5623 57839.5 
 648.07  3205  5698 62794.75 
 648.12  3210  5773 49187.5 
 648.17  3215  5848 45897.5 
 648.22  3220  5923 48515 
 648.27  3225  5998 38210 
 648.32  3230  6073 35713.25 
 648.37  3235  6149 37114 
 648.42  3240  6224 39858 
 648.47  3245  6300 37634.75 
 648.52  3250  6375 32361.5 
end
uaIntegration time is 0.2294 seconds per sampledt  4E-08 cy 1dh200619El Arenosillo 37.1 6.73 3.52pr1000dark 2.55 
 661.02  2900  1280 74.5 
 661.07  2905  1350 75 
 661.12  2910  1420 73.75 
 661.17  2915  1490 74.5 
 661.22  2920  1561 78.25 
 661.27  2925  1631 80.25 
 661.32  2930  1702 87.25 
 661.37  2935  1773 99.25 
 661.42  2940  1843 97.75 
 661.47  2945  1914 112 
 661.52  2950  1985 133.75 
 661.57  2955  2056 176.75 
 661.62  2960  2127 233 
 661.67  2965  2198 256.25 
 661.72  2970  2269 311.5 
 661.77  2975  2340 542.75 
 661.82  2980  2411 643.75 
 661.87  2985  2483 649.25 
 661.92  2990  2554 1143.25 
 661.97  2995  2626 1492.75 
 662.02  3000  2697 1441.25 
 662.07  3005  2769 1951.75 
 662.12  3010  2841 2860.5 
 662.17  3015  2912 3823.5 
 662.22  3020  2984 3297.5 
 662.27  3025  3056 5884.75 
 662.32  3030  3128 8819.25 
 662.37  3035  3200 10140.5 
 662.42  3040  3273 9747 
 662.47  3045  3345 12652 
 662.52  3050  3417 16597.5 
 662.57  3055  3490 16224.25 
 662.62  3060  3562 16216.75 
 662.67  3065  3635 18440.5 
 662.72  3070  3707 24578.5 
 662.77  3075  3780 27707.25 
 662.82  3080  3853 28941.5 
 662.87  3085  3926 31947.5 
 662.92  3090  3998 27155.75 
 662.97  3095  4071 29447.5 
 663.02  3100  4145 28825.75 
 663.07  3105  4218 46512.5 
 663.12  3110  4291 52888.25 
 663.17  3115  4364 49856 
 663.22  3120  4438 46526.75 
 663.27  3125  4511 52956.75 
 663.32  3130  4585 54153.75 
 663.37  3135  4658 54470.75 
 663.42  3140  4732 60781.75 
 663.47  3145  4806 50679.25 
 663.52  3150  4880 63212 
 663.57  3155  4954 52337.5 
 663.62  3160  5028 44359.5 
 663.67  3165  5102 58465.25 
 663.72  3170  5176 68758.75 
 663.77  3175  5251 68453.5 
 663.82  3180  5325 49268.25 
 663.87  3185  5399 57606.5 
 663.92  3190  5474 59247 
 663.97  3195  5549 52171.75 
 664.02  3200  5623 59596.25 
 664.07  3205  5698 64464 
 664.12  3210  5773 50487.25 
 664.17  3215  5848 46970.5 
 664.22  3220  5923 49753.25 
 664.27  3225  5998 39335.5 
 664.32  3230  6073 36575.5 
 664.37  3235  6149 38129.5 
 664.42  3240  6224 40969 
 664.47  3245  6300 38817.75 
 664.52  3250  6375 33242.75 
end
uaIntegration time is 0.2294 seconds per sampledt  4E-08 cy 1dh200619El Arenosillo 37.1 6.73 3.56pr1000dark 2.55 
 720.02  2900  1280 81.25 
 720.07  2905  1350 78.5 
 720.12  2910  1420 86.5 
 720.17  2915  1490 92.5 
 720.22  2920  1561 88.5 
 720.27  2925  1631 90.5 
 720.32  2930  1702 101.75 
 720.37  2935  1773 115.5 
 720.42  2940  1843 118.75 
 720.47  2945  1914 136 
 720.52  2950  1985 170 
 720.57  2955  2056 227.75 
 720.62  2960  2127 317 
 720.67  2965  2198 331.75 
 720.72  2970  2269 411.25 
 720.77  2975  2340 750.25 
 720.82  2980  2411 868.25 
 720.87  2985  2483 860.75 
 720.92  2990  2554 1520.5 
 720.97  2995  2626 1978.75 
 721.02  3000  2697 1890.5 
 721.07  3005  2769 2500.5 
 721.12  3010  2841 3720 
 721.17  3015  2912 4753 
 721.22  3020  2984 3981.75 
 721.27  3025  3056 7262.75 
 721.32  3030  3128 10778.5 
 721.37  3035  3200 12373.5 
 721.42  3040  3273 11684.25 
 721.47  3045  3345 15076.75 
 721.52  3050  3417 19413.75 
 721.57  3055  3490 19277.5 
 721.62  3060  3562 18718 
 721.67  3065  3635 21473 
 721.72  3070  3707 28347.25 
 721.77  3075  3780 31725.75 
 721.82  3080  3853 32956 
 721.87  3085  3926 36503.75 
 721.92  3090  3998 30778 
 721.97  3095  4071 33334.75 
 722.02  3100  4145 32233.75 
 722.07  3105  4218 51663.25 
 722.12  3110  4291 59158.25 
 722.17  3115  4364 55788 
 722.22  3120  4438 51496.25 
 722.27  3125  4511 58572.5 
 722.32  3130  4585 59970.75 
 722.37  3135  4658 60032 
 722.42  3140  4732 67198.75 
 722.47  3145  4806 55105.75 
 722.52  3150  4880 69347.25 
 722.57  3155  4954 57388.75 
 722.62  3160  5028 48317.5 
 722.67  3165  5102 63708.75 
 722.72  3170  5176 75079.25 
 722.77  3175  5251 74471.25 
 722.82  3180  5325 53454.5 
 722.87  3185  5399 62482.75 
 722.92  3190  5474 64588 
 722.97  3195  5549 56670.75 
 723.02  3200  5623 64665.25 
 723.07  3205  5698 69944.25 
 723.12  3210  5773 54184.5 
 723.17  3215  5848 50396.5 
 723.22  3220  5923 54074.5 
 723.27  3225  5998 42689.75 
 723.32  3230  6073 39506.5 
 723.37  3235  6149 41013.25 
 723.42  3240  6224 44169.75 
 723.47  3245  6300 41735 
 723.52  3250  6375 35807 
end
uaIntegration time is 0.2294 seconds per sampledt  4E-08 cy 1dh200619El Arenosillo 37.1 6.73 3.6pr1000dark 3.1 
 780.02  2900  1280 81 
 780.07  2905  1350 80.75 
 780.12  2910  1420 88.5 
 780.17  2915  1490 83.75 
 780.22  2920  1561 90.5 
 780.27  2925  1631 102.5 
 780.32  2930  1702 101.75 
 780.37  2935  1773 108.5 
 780.42  2940  1843 127.5 
 780.47  2945  1914 132.75 
 780.52  2950  1985 168.25 
 780.57  2955  2056 223.75 
 780.62  2960  2127 309.5 
 780.67  2965  2198 340.75 
 780.72  2970  2269 392.25 
 780.77  2975  2340 738.25 
 780.82  2980  2411 840.75 
 780.87  2985  2483 832.75 
 780.92  2990  2554 1510.75 
 780.97  2995  2626 1929.75 
 781.02  3000  2697 1850.5 
 781.07  3005  2769 2473.25 
 781.12  3010  2841 3651.25 
 781.17  3015  2912 4698.75 
 781.22  3020  2984 3964.25 
 781.27  3025  3056 7203 
 781.32  3030  3128 10643.5 
 781.37  3035  3200 12183 
 781.42  3040  3273 11533 
 781.47  3045  3345 14839 
 781.52  3050  3417 19145.75 
 781.57  3055  3490 19047 
 781.62  3060  3562 18380.5 
 781.67  3065  3635 21199.25 
 781.72  3070  3707 28069.75 
 781.77  3075  3780 31457.5 
 781.82  3080  3853 32613.25 
 781.87  3085  3926 36048.25 
 781.92  3090  3998 30365.5 
 781.97  3095  4071 32907.5 
 782.02  3100  4145 31830.75 
 782.07  3105  4218 50933.25 
 782.12  3110  4291 58623.75 
 782.17  3115  4364 55117.75 
 782.22  3120  4438 51274 
 782.27  3125  4511 57972.5 
 782.32  3130  4585 59408 
 782.37  3135  4658 59606 
 782.42  3140  4732 66449.5 
 782.47  3145  4806 54575.5 
 782.52  3150  4880 68639.25 
 782.57  3155  4954 56803 
 782.62  3160  5028 47754.5 
 782.67  3165  5102 63212.25 
 782.72  3170  5176 74464.5 
 782.77  3175  5251 73489.25 
 782.82  3180  5325 53090.5 
 782.87  3185  5399 61868.75 
 782.92  3190  5474 63798.75 
 782.97  3195  5549 56303 
 783.02  3200  5623 63972.75 
 783.07  3205  5698 69225.5 
 783.12  3210  5773 53540 
 783.17  3215  5848 50071.75 
 783.22  3220  5923 53500 
 783.27  3225  5998 42227.25 
 783.32  3230  6073 39162.25 
 783.37  3235  6149 40635.25 
 783.42  3240  6224 43753 
 783.47  3245  6300 41198.75 
 783.52  3250  6375 35472 
end
uaIntegration time is 0.2294 seconds per sampledt  4E-08 cy 1dh200619El Arenosillo 37.1 6.73 3.64pr1000dark 3.45 
 840.02  2900  1280 71.25 
 840.07  2905  1350 76.75 
 840.12  2910  1420 73.5 
 840.17  2915  1490 79.5 
 840.22  2920  1561 78.25 
 840.27  2925  1631 76 
 840.32  2930  1702 88.5 
 840.37  2935  1773 95.25 
 840.42  2940  1843 104.5 
 840.47  2945  1914 109.25 
 840.52  2950  1985 138.5 
 840.57  2955  2056 177.75 
 840.62  2960  2127 226 
 840.67  2965  2198 247.75 
 840.72  2970  2269 294 
 840.77  2975  2340 535.25 
 840.82  2980  2411 620.75 
 840.87  2985  2483 640.75 
 840.92  2990  2554 1128 
 840.97  2995  2626 1454.25 
 841.02  3000  2697 1434 
 841.07  3005  2769 1921.75 
 841.12  3010  2841 2805.25 
 841.17  3015  2912 3735.75 
 841.22  3020  2984 3173.75 
 841.27  3025  3056 5719.75 
 841.32  3030  3128 8657.75 
 841.37  3035  3200 9943.25 
 841.42  3040  3273 9524 
 841.47  3045  3345 12378.25 
 841.52  3050  3417 16033.5 
 841.57  3055  3490 16029.25 
 841.62  3060  3562 15678.5 
 841.67  3065  3635 17990.5 
 841.72  3070  3707 23992.75 
 841.77  3075  3780 26963.5 
 841.82  3080  3853 28070 
 841.87  3085  3926 31106.5 
 841.92  3090  3998 26440.25 
 841.97  3095  4071 28668 
 842.02  3100  4145 27960 
 842.07  3105  4218 44943.75 
 842.12  3110  4291 51446.25 
 842.17  3115  4364 48554.25 
 842.22  3120  4438 45189.75 
 842.27  3125  4511 51623.25 
 842.32  3130  4585 52843 
 842.37  3135  4658 52981 
 842.42  3140  4732 59367.75 
 842.47  3145  4806 49058.5 
 842.52  3150  4880 61627.25 
 842.57  3155  4954 51028.5 
 842.62  3160  5028 43200.5 
 842.67  3165  5102 56994.25 
 842.72  3170  5176 67192.75 
 842.77  3175  5251 66927.75 
 842.82  3180  5325 48245.25 
 842.87  3185  5399 55736 
 842.92  3190  5474 57952 
 842.97  3195  5549 50863 
 843.02  3200  5623 57853.75 
 843.07  3205  5698 62804.25 
 843.12  3210  5773 49149.25 
 843.17  3215  5848 45499.25 
 843.22  3220  5923 48724 
 843.27  3225  5998 38486.5 
 843.32  3230  6073 35631 
 843.37  3235  6149 37187.25 
 843.42  3240  6224 39887.5 
 843.47  3245  6300 37712.25 
 843.52  3250  6375 32284.5 
end
uaIntegration time is 0.2294 seconds per sampledt  4E-08 cy 1dh200619El Arenosillo 37.1 6.73 3.6pr1000dark 3.25 
 900.02  2900  1280 60.25 
 900.07  2905  1350 58.25 
 900.12  2910  1420 63 
 900.17  2915  1490 60 
 900.22  2920  1561 63.75 
 900.27  2925  1631 67.75 
 900.32  2930  1702 69.25 
 900.37  2935  1773 70.75 
 900.42  2940  1843 74.5 
 900.47  2945  1914 76.25 
 900.52  2950  1985 93.5 
 900.57  2955  2056 103.5 
 900.62  2960  2127 131.5 
 900.67  2965  2198 141.5 
 900.72  2970  2269 166.25 
 900.77  2975  2340 288 
 900.82  2980  2411 346.25 
 900.87  2985  2483 360.5 
 900.92  2990  2554 602 
 900.97  2995  2626 828.75 
 901.02  3000  2697 814 
 901.07  3005  2769 1098.25 
 901.12  3010  2841 1700 
 901.17  3015  2912 2229.75 
 901.22  3020  2984 1954 
 901.27  3025  3056 3555 
 901.32  3030  3128 5548.75 
 901.37  3035  3200 6519.75 
 901.42  3040  3273 6205.25 
 901.47  3045  3345 8233.75 
 901.52  3050  3417 10958.75 
 901.57  3055  3490 11059.75 
 901.62  3060  3562 10949.25 
 901.67  3065  3635 12689.5 
 901.72  3070  3707 17286.75 
 901.77  3075  3780 19721.75 
 901.82  3080  3853 20572.25 
 901.87  3085  3926 22988.25 
 901.92  3090  3998 19775.75 
 901.97  3095  4071 21685.25 
 902.02  3100  4145 21291.75 
 902.07  3105  4218 34449 
 902.12  3110  4291 39797.5 
 902.17  3115  4364 37662.75 
 902.22  3120  4438 35376 
 902.27  3125  4511 40654.25 
 902.32  3130  4585 41894 
 902.37  3135  4658 41715 
 902.42  3140  4732 47546.75 
 902.47  3145  4806 39407.75 
 902.52  3150  4880 49921.75 
 902.57  3155  4954 41152 
 902.62  3160  5028 34986.5 
 902.67  3165  5102 46615 
 902.72  3170  5176 54843 
 902.77  3175  5251 54656.25 
 902.82  3180  5325 39570.75 
 902.87  3185  5399 45955.75 
 902.92  3190  5474 48219.5 
 902.97  3195  5549 41979.25 
 903.02  3200  5623 47798.75 
 903.07  3205  5698 52322 
 903.12  3210  5773 40934.5 
 903.17  3215  5848 38097.75 
 903.22  3220  5923 40355.25 
 903.27  3225  5998 31840.25 
 903.32  3230  6073 29727.5 
 903.37  3235  6149 31211.75 
 903.42  3240  6224 33578 
 903.47  3245  6300 31690 
 903.52  3250  6375 27046.75 
end
uaIntegration time is 0.2294 seconds per sampledt  4E-08 cy 1dh200619El Arenosillo 37.1 6.73 3.58pr1000dark 3.05 
 960.02  2900  1280 41.5 
 960.07  2905  1350 40.5 
 960.12  2910  1420 42.25 
 960.17  2915  1490 39.75 
 960.22  2920  1561 44.5 
 960.27  2925  1631 42.25 
 960.32  2930  1702 45.5 
 960.37  2935  1773 47 
 960.42  2940  1843 47.25 
 960.47  2945  1914 47 
 960.52  2950  1985 48 
 960.57  2955  2056 53.25 
 960.62  2960  2127 60.25 
 960.67  2965  2198 67.5 
 960.72  2970  2269 75.5 
 960.77  2975  2340 107.75 
 960.82  2980  2411 122.5 
 960.87  2985  2483 141 
 960.92  2990  2554 220.75 
 960.97  2995  2626 308 
 961.02  3000  2697 315.5 
 961.07  3005  2769 428 
 961.12  3010  2841 700.75 
 961.17  3015  2912 937.75 
 961.22  3020  2984 846.25 
 961.27  3025  3056 1562 
 961.32  3030  3128 2537 
 961.37  3035  3200 3052 
 961.42  3040  3273 2982.75 
 961.47  3045  3345 4084.5 
 961.52  3050  3417 5667 
 961.57  3055  3490 5812.5 
 961.62  3060  3562 5904 
 961.67  3065  3635 6921.75 
 961.72  3070  3707 9726.25 
 961.77  3075  3780 11477.75 
 961.82  3080  3853 12031.75 
 961.87  3085  3926 13606.25 
 961.92  3090  3998 11745.75 
 961.97  3095  4071 13405.5 
 962.02  3100  4145 13413.25 
 962.07  3105  4218 21760.75 
 962.12  3110  4291 25358 
 962.17  3115  4364 24251.25 
 962.22  3120  4438 23298.75 
 962.27  3125  4511 27154.25 
 962.32  3130  4585 28079.75 
 962.37  3135  4658 28044 
 962.42  3140  4732 32159.75 
 962.47  3145  4806 27284.25 
 962.52  3150  4880 34551.75 
 962.57  3155  4954 27870.25 
 962.62  3160  5028 24450.25 
 962.67  3165  5102 32799.5 
 962.72  3170  5176 38886.5 
 962.77  3175  5251 38635.75 
 962.82  3180  5325 28142.75 
 962.87  3185  5399 33401.5 
 962.92  3190  5474 35102.25 
 962.97  3195  5549 30307.5 
 963.02  3200  5623 34595.25 
 963.07  3205  5698 38186.75 
 963.12  3210  5773 30341.25 
 963.17  3215  5848 28085 
 963.22  3220  5923 29491.5 
 963.27  3225  5998 23240.75 
 963.32  3230  6073 21892.25 
 963.37  3235  6149 23375.75 
 963.42  3240  6224 25026.5 
 963.47  3245  6300 23504.75 
 963.52  3250  6375 19963.25 
end
uaIntegration time is 0.2294 seconds per sampledt  4E-08 cy 1dh200619El Arenosillo 37.1 6.73 3.54pr1000dark 2.7 
 1020.02  2900  1280 26.25 
 1020.07  2905  1350 23.25 
 1020.12  2910  1420 25.5 
 1020.17  2915  1490 24.5 
 1020.22  2920  1561 24 
 1020.27  2925  1631 24.25 
 1020.32  2930  1702 24.75 
 1020.37  2935  1773 26.25 
 1020.42  2940  1843 31 
 1020.47  2945  1914 24.75 
 1020.52  2950  1985 25.25 
 1020.57  2955  2056 27.75 
 1020.62  2960  2127 33 
 1020.67  2965  2198 34 
 1020.72  2970  2269 30.75 
 1020.77  2975  2340 35.5 
 1020.82  2980  2411 38.5 
 1020.87  2985  2483 41.25 
 1020.92  2990  2554 56.5 
 1020.97  2995  2626 72.75 
 1021.02  3000  2697 75.25 
 1021.07  3005  2769 109 
 1021.12  3010  2841 165.75 
 1021.17  3015  2912 228.5 
 1021.22  3020  2984 223 
 1021.27  3025  3056 407.5 
 1021.32  3030  3128 691.75 
 1021.37  3035  3200 856.25 
 1021.42  3040  3273 877.5 
 1021.47  3045  3345 1270.25 
 1021.52  3050  3417 1846.5 
 1021.57  3055  3490 2002.75 
 1021.62  3060  3562 2051.25 
 1021.67  3065  3635 2490.5 
 1021.72  3070  3707 3722 
 1021.77  3075  3780 4549.75 
 1021.82  3080  3853 4892.25 
 1021.87  3085  3926 5661 
 1021.92  3090  3998 5001.5 
 1021.97  3095  4071 6021.5 
 1022.02  3100  4145 6168.75 
 1022.07  3105  4218 10174.75 
 1022.12  3110  4291 11993 
 1022.17  3115  4364 11645.5 
 1022.22  3120  4438 11674.25 
 1022.27  3125  4511 13875.75 
 1022.32  3130  4585 14579.5 
 1022.37  3135  4658 14469.75 
 1022.42  3140  4732 17084 
 1022.47  3145  4806 14984.75 
 1022.52  3150  4880 19095.75 
 1022.57  3155  4954 15543.5 
 1022.62  3160  5028 13796.75 
 1022.67  3165  5102 18938.75 
 1022.72  3170  5176 22348.25 
 1022.77  3175  5251 22059.75 
 1022.82  3180  5325 16389.25 
 1022.87  3185  5399 19928.5 
 1022.92  3190  5474 21151.25 
 1022.97  3195  5549 17909.5 
 1023.02  3200  5623 20486 
 1023.07  3205  5698 23168.25 
 1023.12  3210  5773 18748.75 
 1023.17  3215  5848 17585 
 1023.22  3220  5923 17934.5 
 1023.27  3225  5998 14198.75 
 1023.32  3230  6073 13563.5 
 1023.37  3235  6149 14745.5 
 1023.42  3240  6224 15842.25 
 1023.47  3245  6300 14798.5 
 1023.52  3250  6375 12399.75 
end
ufIntegration time is 0.2294 seconds per sampledt  4E-08 cy 4dh200619El Arenosillo 37.1 6.73 3.33pr1000dark 6.8 
 1159.41  2900  1280 10 
 1159.45  2905  1350 11 
 1159.48  2910  1420 9 
 1159.52  2915  1490 9 
 1159.55  2920  1561 10 
 1159.59  2925  1631 9 
 1159.62  2930  1702 12 
 1159.66  2935  1773 9 
 1159.69  2940  1843 12 
 1159.73  2945  1914 8 
 1159.76  2950  1985 12 
 1159.8  2955  2056 10 
 1159.83  2960  2127 12 
 1159.87  2965  2198 9 
 1159.9  2970  2269 7 
 1159.94  2975  2340 12 
 1159.97  2980  2411 10 
 1160.01  2985  2483 8 
 1160.04  2990  2554 11 
 1160.08  2995  2626 14 
 1160.11  3000  2697 12 
 1160.15  3005  2769 12 
 1160.18  3010  2841 17 
 1160.22  3015  2912 15 
 1160.25  3020  2984 19 
 1160.29  3025  3056 22 
 1160.32  3030  3128 34 
 1160.36  3035  3200 39 
 1160.39  3040  3273 37 
 1160.43  3045  3345 56 
 1160.46  3050  3417 65 
 1160.5  3055  3490 70 
 1160.53  3060  3562 70 
 1160.57  3065  3635 85 
 1160.6  3070  3707 124 
 1160.64  3075  3780 143 
 1160.67  3080  3853 161 
 1160.71  3085  3926 177 
 1160.74  3090  3998 173 
 1160.78  3095  4071 204 
 1160.81  3100  4145 226 
 1160.85  3105  4218 375 
 1160.88  3110  4291 449 
 1160.92  3115  4364 444 
 1160.95  3120  4438 490 
 1160.99  3125  4511 658 
 1161.02  3130  4585 692 
 1161.05  3135  4658 662 
 1161.09  3140  4732 915 
 1161.13  3145  4806 993 
 1161.16  3150  4880 1264 
 1161.19  3155  4954 1014 
 1161.23  3160  5028 1092 
 1161.26  3165  5102 1679 
 1161.3  3170  5176 2004 
 1161.34  3175  5251 1912 
 1161.37  3180  5325 1600 
 1161.4  3185  5399 2565 
 1161.44  3190  5474 2905 
 1161.47  3195  5549 2111 
 1161.51  3200  5623 2413 
 1161.54  3205  5698 3390 
 1161.58  3210  5773 3337 
 1161.61  3215  5848 3207 
 1161.65  3220  5923 2725 
 1161.68  3225  5998 2138 
 1161.72  3230  6073 2520 
 1161.75  3235  6149 3430 
 1161.79  3240  6224 3781 
 1161.82  3245  6300 3160 
 1161.86  3250  6375 2381 
end
