ufIntegration time is 0.2294 seconds per sampledt  4E-08 cy 4dh210619El Arenosillo 37.1 6.73 2.84pr1000dark 1.4 
 298.49  2900  1280 2 
 298.52  2905  1350 1 
 298.56  2910  1420 2 
 298.59  2915  1490 3 
 298.63  2920  1561 1 
 298.66  2925  1631 3 
 298.7  2930  1702 2 
 298.73  2935  1773 2 
 298.77  2940  1843 2 
 298.8  2945  1914 0 
 298.84  2950  1985 3 
 298.87  2955  2056 1 
 298.91  2960  2127 2 
 298.94  2965  2198 0 
 298.98  2970  2269 1 
 299.01  2975  2340 1 
 299.05  2980  2411 1 
 299.08  2985  2483 2 
 299.12  2990  2554 0 
 299.15  2995  2626 0 
 299.19  3000  2697 2 
 299.22  3005  2769 2 
 299.26  3010  2841 3 
 299.29  3015  2912 2 
 299.33  3020  2984 2 
 299.36  3025  3056 5 
 299.4  3030  3128 6 
 299.43  3035  3200 6 
 299.47  3040  3273 5 
 299.5  3045  3345 8 
 299.54  3050  3417 10 
 299.57  3055  3490 11 
 299.61  3060  3562 12 
 299.64  3065  3635 10 
 299.68  3070  3707 20 
 299.71  3075  3780 22 
 299.75  3080  3853 22 
 299.78  3085  3926 28 
 299.82  3090  3998 26 
 299.85  3095  4071 25 
 299.89  3100  4145 29 
 299.92  3105  4218 42 
 299.96  3110  4291 58 
 299.99  3115  4364 51 
 300.03  3120  4438 54 
 300.06  3125  4511 65 
 300.1  3130  4585 74 
 300.13  3135  4658 70 
 300.17  3140  4732 89 
 300.2  3145  4806 82 
 300.24  3150  4880 107 
 300.27  3155  4954 84 
 300.31  3160  5028 84 
 300.34  3165  5102 142 
 300.38  3170  5176 151 
 300.41  3175  5251 134 
 300.45  3180  5325 106 
 300.48  3185  5399 151 
 300.52  3190  5474 163 
 300.55  3195  5549 134 
 300.59  3200  5623 155 
 300.62  3205  5698 189 
 300.66  3210  5773 195 
 300.69  3215  5848 177 
 300.73  3220  5923 165 
 300.76  3225  5998 154 
 300.8  3230  6073 157 
 300.83  3235  6149 212 
 300.87  3240  6224 223 
 300.9  3245  6300 188 
 300.94  3250  6375 159 
end
uaIntegration time is 0.2294 seconds per sampledt  4E-08 cy 1dh210619El Arenosillo 37.1 6.73 3.29pr1000dark .8 
 529.02  2900  1280 38 
 529.07  2905  1350 36.5 
 529.12  2910  1420 37.5 
 529.17  2915  1490 42 
 529.22  2920  1561 35.75 
 529.27  2925  1631 40.75 
 529.32  2930  1702 40.25 
 529.37  2935  1773 43 
 529.42  2940  1843 42.75 
 529.47  2945  1914 42.25 
 529.52  2950  1985 46.25 
 529.57  2955  2056 50.75 
 529.62  2960  2127 55.75 
 529.67  2965  2198 64.75 
 529.72  2970  2269 73.25 
 529.77  2975  2340 101.25 
 529.82  2980  2411 113.25 
 529.87  2985  2483 123.5 
 529.92  2990  2554 201 
 529.97  2995  2626 280.25 
 530.02  3000  2697 285.5 
 530.07  3005  2769 408.75 
 530.12  3010  2841 629.25 
 530.17  3015  2912 868.5 
 530.22  3020  2984 802 
 530.27  3025  3056 1508.25 
 530.32  3030  3128 2399.5 
 530.37  3035  3200 2888.75 
 530.42  3040  3273 2861.5 
 530.47  3045  3345 3887 
 530.52  3050  3417 5451.75 
 530.57  3055  3490 5633.25 
 530.62  3060  3562 5699.5 
 530.67  3065  3635 6740.25 
 530.72  3070  3707 9520 
 530.77  3075  3780 11176 
 530.82  3080  3853 11831.75 
 530.87  3085  3926 13359.5 
 530.92  3090  3998 11649.5 
 530.97  3095  4071 13293.5 
 531.02  3100  4145 13380.75 
 531.07  3105  4218 22051 
 531.12  3110  4291 25435.75 
 531.17  3115  4364 24425 
 531.22  3120  4438 23483.5 
 531.27  3125  4511 27350.5 
 531.32  3130  4585 28400.5 
 531.37  3135  4658 28549.5 
 531.42  3140  4732 32629.75 
 531.47  3145  4806 27972.75 
 531.52  3150  4880 35305 
 531.57  3155  4954 28788.5 
 531.62  3160  5028 25016.75 
 531.67  3165  5102 33666 
 531.72  3170  5176 39880.25 
 531.77  3175  5251 39291 
 531.82  3180  5325 28802.5 
 531.87  3185  5399 34411.25 
 531.92  3190  5474 35825.25 
 531.97  3195  5549 31248 
 532.02  3200  5623 35577.25 
 532.07  3205  5698 39441.5 
 532.12  3210  5773 31366.75 
 532.17  3215  5848 29355.5 
 532.22  3220  5923 30439.25 
 532.27  3225  5998 23999.5 
 532.32  3230  6073 22764.5 
 532.37  3235  6149 24203.75 
 532.42  3240  6224 25950 
 532.47  3245  6300 24320.25 
 532.52  3250  6375 20758.75 
end
uaIntegration time is 0.2294 seconds per sampledt  4E-08 cy 1dh210619El Arenosillo 37.1 6.73 3.35pr1000dark .8 
 540.02  2900  1280 41.25 
 540.07  2905  1350 40 
 540.12  2910  1420 42 
 540.17  2915  1490 41.25 
 540.22  2920  1561 40.75 
 540.27  2925  1631 45.25 
 540.32  2930  1702 45.25 
 540.37  2935  1773 45.75 
 540.42  2940  1843 45.25 
 540.47  2945  1914 48 
 540.52  2950  1985 52 
 540.57  2955  2056 58.75 
 540.62  2960  2127 68 
 540.67  2965  2198 71.5 
 540.72  2970  2269 80.75 
 540.77  2975  2340 121 
 540.82  2980  2411 143.25 
 540.87  2985  2483 151.25 
 540.92  2990  2554 249.5 
 540.97  2995  2626 347.75 
 541.02  3000  2697 354 
 541.07  3005  2769 478.25 
 541.12  3010  2841 764.75 
 541.17  3015  2912 1051.25 
 541.22  3020  2984 976 
 541.27  3025  3056 1815.75 
 541.32  3030  3128 2865.5 
 541.37  3035  3200 3390 
 541.42  3040  3273 3386.75 
 541.47  3045  3345 4538 
 541.52  3050  3417 6342.5 
 541.57  3055  3490 6550 
 541.62  3060  3562 6542.5 
 541.67  3065  3635 7692.25 
 541.72  3070  3707 10874.5 
 541.77  3075  3780 12680.5 
 541.82  3080  3853 13442.5 
 541.87  3085  3926 15104 
 541.92  3090  3998 13107.75 
 541.97  3095  4071 14912 
 542.02  3100  4145 14842 
 542.07  3105  4218 24502.5 
 542.12  3110  4291 28149.5 
 542.17  3115  4364 26915.75 
 542.22  3120  4438 25750.75 
 542.27  3125  4511 29925.5 
 542.32  3130  4585 31017.25 
 542.37  3135  4658 31200.25 
 542.42  3140  4732 35554.75 
 542.47  3145  4806 30189 
 542.52  3150  4880 38165.75 
 542.57  3155  4954 31358.5 
 542.62  3160  5028 27051.5 
 542.67  3165  5102 36227.25 
 542.72  3170  5176 42840 
 542.77  3175  5251 42462.5 
 542.82  3180  5325 30987.25 
 542.87  3185  5399 37175 
 542.92  3190  5474 38806 
 542.97  3195  5549 33522.75 
 543.02  3200  5623 38208.5 
 543.07  3205  5698 42195.5 
 543.12  3210  5773 33141 
 543.17  3215  5848 31185.25 
 543.22  3220  5923 32328.25 
 543.27  3225  5998 25702 
 543.32  3230  6073 24302 
 543.37  3235  6149 25743.25 
 543.42  3240  6224 27620.75 
 543.47  3245  6300 26073.75 
 543.52  3250  6375 22080.5 
end
uaIntegration time is 0.2294 seconds per sampledt  4E-08 cy 1dh210619El Arenosillo 37.1 6.73 3.41pr1000dark 1.1 
 553.02  2900  1280 43 
 553.07  2905  1350 42.75 
 553.12  2910  1420 51.5 
 553.17  2915  1490 46 
 553.22  2920  1561 49.25 
 553.27  2925  1631 49.5 
 553.32  2930  1702 45.75 
 553.37  2935  1773 53.75 
 553.42  2940  1843 59.5 
 553.47  2945  1914 60 
 553.52  2950  1985 62.5 
 553.57  2955  2056 67 
 553.62  2960  2127 78.5 
 553.67  2965  2198 89.5 
 553.72  2970  2269 96.75 
 553.77  2975  2340 148 
 553.82  2980  2411 176 
 553.87  2985  2483 194 
 553.92  2990  2554 316.75 
 553.97  2995  2626 439.25 
 554.02  3000  2697 449 
 554.07  3005  2769 617.75 
 554.12  3010  2841 963.5 
 554.17  3015  2912 1297 
 554.22  3020  2984 1193.5 
 554.27  3025  3056 2213.5 
 554.32  3030  3128 3524.75 
 554.37  3035  3200 4144.25 
 554.42  3040  3273 3996.75 
 554.47  3045  3345 5394.5 
 554.52  3050  3417 7405.75 
 554.57  3055  3490 7678.75 
 554.62  3060  3562 7744.25 
 554.67  3065  3635 8982.5 
 554.72  3070  3707 12510.25 
 554.77  3075  3780 14587 
 554.82  3080  3853 15231.75 
 554.87  3085  3926 17148.25 
 554.92  3090  3998 14847.25 
 554.97  3095  4071 16878.5 
 555.02  3100  4145 16735.25 
 555.07  3105  4218 27338.5 
 555.12  3110  4291 31398.25 
 555.17  3115  4364 29970 
 555.22  3120  4438 28483 
 555.27  3125  4511 33021.5 
 555.32  3130  4585 34265 
 555.37  3135  4658 34261 
 555.42  3140  4732 38928.5 
 555.47  3145  4806 33106.25 
 555.52  3150  4880 41750.75 
 555.57  3155  4954 34338.75 
 555.62  3160  5028 29514.5 
 555.67  3165  5102 39243 
 555.72  3170  5176 46886.25 
 555.77  3175  5251 45934.25 
 555.82  3180  5325 33400.25 
 555.87  3185  5399 40339.25 
 555.92  3190  5474 41599.5 
 555.97  3195  5549 36232.5 
 556.02  3200  5623 41270.25 
 556.07  3205  5698 45445 
 556.12  3210  5773 35607.5 
 556.17  3215  5848 33635.25 
 556.22  3220  5923 34869.5 
 556.27  3225  5998 27600.75 
 556.32  3230  6073 26328.25 
 556.37  3235  6149 27640.5 
 556.42  3240  6224 29742.25 
 556.47  3245  6300 28031.25 
 556.52  3250  6375 23805.25 
end
uaIntegration time is 0.2294 seconds per sampledt  4E-08 cy 1dh210619El Arenosillo 37.1 6.73 3.6pr1000dark 2.45 
 602.02  2900  1280 64.25 
 602.07  2905  1350 61 
 602.12  2910  1420 62.25 
 602.17  2915  1490 70 
 602.22  2920  1561 69.25 
 602.27  2925  1631 68.25 
 602.32  2930  1702 68.75 
 602.37  2935  1773 73 
 602.42  2940  1843 73.5 
 602.47  2945  1914 80 
 602.52  2950  1985 91.5 
 602.57  2955  2056 108 
 602.62  2960  2127 139.5 
 602.67  2965  2198 146.25 
 602.72  2970  2269 175.5 
 602.77  2975  2340 298 
 602.82  2980  2411 354.75 
 602.87  2985  2483 371.75 
 602.92  2990  2554 644.25 
 602.97  2995  2626 870 
 603.02  3000  2697 866.25 
 603.07  3005  2769 1128.75 
 603.12  3010  2841 1793.25 
 603.17  3015  2912 2352 
 603.22  3020  2984 2076 
 603.27  3025  3056 3780.5 
 603.32  3030  3128 5862 
 603.37  3035  3200 6832.75 
 603.42  3040  3273 6565.25 
 603.47  3045  3345 8637.25 
 603.52  3050  3417 11672.5 
 603.57  3055  3490 11758.5 
 603.62  3060  3562 11813 
 603.67  3065  3635 13508.75 
 603.72  3070  3707 18295.25 
 603.77  3075  3780 20960 
 603.82  3080  3853 21868.5 
 603.87  3085  3926 24300.75 
 603.92  3090  3998 20823.75 
 603.97  3095  4071 23265.75 
 604.02  3100  4145 22849.25 
 604.07  3105  4218 36696.5 
 604.12  3110  4291 42368.75 
 604.17  3115  4364 40383 
 604.22  3120  4438 37734.25 
 604.27  3125  4511 43132.25 
 604.32  3130  4585 44670.25 
 604.37  3135  4658 44881 
 604.42  3140  4732 50446.25 
 604.47  3145  4806 42357.5 
 604.52  3150  4880 53139.5 
 604.57  3155  4954 44430.5 
 604.62  3160  5028 36759.25 
 604.67  3165  5102 49287.75 
 604.72  3170  5176 58877.75 
 604.77  3175  5251 57542.75 
 604.82  3180  5325 41843.75 
 604.87  3185  5399 49840.5 
 604.92  3190  5474 51693.25 
 604.97  3195  5549 44879 
 605.02  3200  5623 51087.75 
 605.07  3205  5698 56004.25 
 605.12  3210  5773 43751.5 
 605.17  3215  5848 41263 
 605.22  3220  5923 43015.25 
 605.27  3225  5998 34264.5 
 605.32  3230  6073 31915.25 
 605.37  3235  6149 33552.25 
 605.42  3240  6224 36029.5 
 605.47  3245  6300 33980.25 
 605.52  3250  6375 29046 
end
uaIntegration time is 0.2294 seconds per sampledt  4E-08 cy 1dh210619El Arenosillo 37.1 6.73 3.62pr1000dark 3.5 
 660.02  2900  1280 72.5 
 660.07  2905  1350 78.5 
 660.12  2910  1420 75.5 
 660.17  2915  1490 79.5 
 660.22  2920  1561 80.25 
 660.27  2925  1631 79.25 
 660.32  2930  1702 91.5 
 660.37  2935  1773 97.25 
 660.42  2940  1843 100.5 
 660.47  2945  1914 112.5 
 660.52  2950  1985 128.25 
 660.57  2955  2056 171.25 
 660.62  2960  2127 227 
 660.67  2965  2198 243.75 
 660.72  2970  2269 293 
 660.77  2975  2340 543.25 
 660.82  2980  2411 611.5 
 660.87  2985  2483 618.75 
 660.92  2990  2554 1100.25 
 660.97  2995  2626 1433.5 
 661.02  3000  2697 1408.5 
 661.07  3005  2769 1847.25 
 661.12  3010  2841 2834.25 
 661.17  3015  2912 3683 
 661.22  3020  2984 3180 
 661.27  3025  3056 5750.25 
 661.32  3030  3128 8415.25 
 661.37  3035  3200 9952.5 
 661.42  3040  3273 9429.5 
 661.47  3045  3345 12289.5 
 661.52  3050  3417 16157.25 
 661.57  3055  3490 15851.75 
 661.62  3060  3562 15864.25 
 661.67  3065  3635 18089 
 661.72  3070  3707 24149.5 
 661.77  3075  3780 27233.5 
 661.82  3080  3853 28346.25 
 661.87  3085  3926 31539.25 
 661.92  3090  3998 26783.5 
 661.97  3095  4071 29294.75 
 662.02  3100  4145 28582.25 
 662.07  3105  4218 45976.75 
 662.12  3110  4291 52575 
 662.17  3115  4364 50034.5 
 662.22  3120  4438 46090.25 
 662.27  3125  4511 52779.25 
 662.32  3130  4585 54201.75 
 662.37  3135  4658 54469 
 662.42  3140  4732 61141.5 
 662.47  3145  4806 50405.5 
 662.52  3150  4880 63402 
 662.57  3155  4954 53179 
 662.62  3160  5028 43780.75 
 662.67  3165  5102 58271.5 
 662.72  3170  5176 69356.5 
 662.77  3175  5251 68166 
 662.82  3180  5325 49572.25 
 662.87  3185  5399 57097 
 662.92  3190  5474 60478.75 
 662.97  3195  5549 52273.75 
 663.02  3200  5623 59598.25 
 663.07  3205  5698 65011.5 
 663.12  3210  5773 50664.25 
 663.17  3215  5848 47251 
 663.22  3220  5923 50120.75 
 663.27  3225  5998 39781 
 663.32  3230  6073 36832 
 663.37  3235  6149 38479.75 
 663.42  3240  6224 41269 
 663.47  3245  6300 39084.25 
 663.52  3250  6375 33446.25 
end
uaIntegration time is 0.2294 seconds per sampledt  4E-08 cy 1dh210619El Arenosillo 37.1 6.73 3.62pr1000dark 3.4 
 720.02  2900  1280 82 
 720.07  2905  1350 83 
 720.12  2910  1420 80.75 
 720.17  2915  1490 87.5 
 720.22  2920  1561 96.25 
 720.27  2925  1631 94.5 
 720.32  2930  1702 96.25 
 720.37  2935  1773 106 
 720.42  2940  1843 120.25 
 720.47  2945  1914 135.75 
 720.52  2950  1985 165.75 
 720.57  2955  2056 227.5 
 720.62  2960  2127 289.25 
 720.67  2965  2198 317 
 720.72  2970  2269 390.25 
 720.77  2975  2340 698.75 
 720.82  2980  2411 826.75 
 720.87  2985  2483 810.75 
 720.92  2990  2554 1423.5 
 720.97  2995  2626 1803.5 
 721.02  3000  2697 1794.5 
 721.07  3005  2769 2400.25 
 721.12  3010  2841 3521 
 721.17  3015  2912 4553 
 721.22  3020  2984 3916.25 
 721.27  3025  3056 6907.5 
 721.32  3030  3128 10242.25 
 721.37  3035  3200 11988.5 
 721.42  3040  3273 11312.25 
 721.47  3045  3345 14483.25 
 721.52  3050  3417 18960.25 
 721.57  3055  3490 18711.5 
 721.62  3060  3562 18381.25 
 721.67  3065  3635 21006.5 
 721.72  3070  3707 27524.25 
 721.77  3075  3780 31088.5 
 721.82  3080  3853 32396.25 
 721.87  3085  3926 35931.25 
 721.92  3090  3998 30180.25 
 721.97  3095  4071 32971.25 
 722.02  3100  4145 32003.25 
 722.07  3105  4218 50695.75 
 722.12  3110  4291 58478.5 
 722.17  3115  4364 55680.75 
 722.22  3120  4438 51045.25 
 722.27  3125  4511 57983.25 
 722.32  3130  4585 59531 
 722.37  3135  4658 59727.75 
 722.42  3140  4732 66962.25 
 722.47  3145  4806 54792.25 
 722.52  3150  4880 68954 
 722.57  3155  4954 58999.25 
 722.62  3160  5028 47648.75 
 722.67  3165  5102 62908.25 
 722.72  3170  5176 74788.25 
 722.77  3175  5251 74100.5 
 722.82  3180  5325 53607.25 
 722.87  3185  5399 61346.75 
 722.92  3190  5474 65397 
 722.97  3195  5549 56427.75 
 723.02  3200  5623 64293 
 723.07  3205  5698 69872.75 
 723.12  3210  5773 54248.5 
 723.17  3215  5848 50650.5 
 723.22  3220  5923 53711.5 
 723.27  3225  5998 43104.75 
 723.32  3230  6073 39246 
 723.37  3235  6149 41103 
 723.42  3240  6224 44133.5 
 723.47  3245  6300 41905.25 
 723.52  3250  6375 35807.75 
end
uaIntegration time is 0.2294 seconds per sampledt  4E-08 cy 1dh210619El Arenosillo 37.1 6.73 3.62pr1000dark 3.25 
 780.02  2900  1280 84 
 780.07  2905  1350 83.25 
 780.12  2910  1420 80.5 
 780.17  2915  1490 90 
 780.22  2920  1561 87.5 
 780.27  2925  1631 91.75 
 780.32  2930  1702 107 
 780.37  2935  1773 108.5 
 780.42  2940  1843 122.5 
 780.47  2945  1914 140 
 780.52  2950  1985 166.25 
 780.57  2955  2056 226.25 
 780.62  2960  2127 298.75 
 780.67  2965  2198 325.25 
 780.72  2970  2269 391.5 
 780.77  2975  2340 727.25 
 780.82  2980  2411 833 
 780.87  2985  2483 816.5 
 780.92  2990  2554 1405.5 
 780.97  2995  2626 1858.75 
 781.02  3000  2697 1810.25 
 781.07  3005  2769 2386 
 781.12  3010  2841 3579.75 
 781.17  3015  2912 4611.5 
 781.22  3020  2984 3914 
 781.27  3025  3056 6867.5 
 781.32  3030  3128 10363.75 
 781.37  3035  3200 12078.5 
 781.42  3040  3273 11357 
 781.47  3045  3345 14565.25 
 781.52  3050  3417 19046.5 
 781.57  3055  3490 18914.75 
 781.62  3060  3562 18435.75 
 781.67  3065  3635 21004.5 
 781.72  3070  3707 27315.25 
 781.77  3075  3780 31009.75 
 781.82  3080  3853 32453 
 781.87  3085  3926 35854 
 781.92  3090  3998 30469 
 781.97  3095  4071 32935.25 
 782.02  3100  4145 31878.25 
 782.07  3105  4218 50655.25 
 782.12  3110  4291 58348.5 
 782.17  3115  4364 55552.75 
 782.22  3120  4438 50803.25 
 782.27  3125  4511 57837 
 782.32  3130  4585 59411.25 
 782.37  3135  4658 59441 
 782.42  3140  4732 66896.75 
 782.47  3145  4806 54689 
 782.52  3150  4880 68755.5 
 782.57  3155  4954 58709.5 
 782.62  3160  5028 47565.25 
 782.67  3165  5102 63028.25 
 782.72  3170  5176 74559.75 
 782.77  3175  5251 74022 
 782.82  3180  5325 53410.75 
 782.87  3185  5399 61427 
 782.92  3190  5474 65163.25 
 782.97  3195  5549 56035.25 
 783.02  3200  5623 64207.75 
 783.07  3205  5698 69402 
 783.12  3210  5773 54111.25 
 783.17  3215  5848 50514 
 783.22  3220  5923 53550.75 
 783.27  3225  5998 42943.75 
 783.32  3230  6073 39111.75 
 783.37  3235  6149 40953.25 
 783.42  3240  6224 43901.5 
 783.47  3245  6300 41563.5 
 783.52  3250  6375 35708.5 
end
uaIntegration time is 0.2294 seconds per sampledt  4E-08 cy 1dh210619El Arenosillo 37.1 6.73 3.58pr1000dark 2.75 
 840.02  2900  1280 75.25 
 840.07  2905  1350 73.25 
 840.12  2910  1420 77.5 
 840.17  2915  1490 79.5 
 840.22  2920  1561 81.25 
 840.27  2925  1631 81.5 
 840.32  2930  1702 92.75 
 840.37  2935  1773 90.25 
 840.42  2940  1843 97.5 
 840.47  2945  1914 110.25 
 840.52  2950  1985 128 
 840.57  2955  2056 167 
 840.62  2960  2127 227 
 840.67  2965  2198 243 
 840.72  2970  2269 292.25 
 840.77  2975  2340 522.75 
 840.82  2980  2411 619.25 
 840.87  2985  2483 603.5 
 840.92  2990  2554 1060 
 840.97  2995  2626 1426 
 841.02  3000  2697 1408 
 841.07  3005  2769 1863.25 
 841.12  3010  2841 2822.25 
 841.17  3015  2912 3668.75 
 841.22  3020  2984 3128 
 841.27  3025  3056 5435.75 
 841.32  3030  3128 8316.25 
 841.37  3035  3200 9905 
 841.42  3040  3273 9349.25 
 841.47  3045  3345 12234 
 841.52  3050  3417 15821 
 841.57  3055  3490 16026 
 841.62  3060  3562 15612 
 841.67  3065  3635 17974.5 
 841.72  3070  3707 23267 
 841.77  3075  3780 27086.75 
 841.82  3080  3853 28165.5 
 841.87  3085  3926 31445 
 841.92  3090  3998 26702.25 
 841.97  3095  4071 29054.5 
 842.02  3100  4145 28108.5 
 842.07  3105  4218 44486.25 
 842.12  3110  4291 52029.5 
 842.17  3115  4364 49789.5 
 842.22  3120  4438 45627 
 842.27  3125  4511 52009 
 842.32  3130  4585 53579.5 
 842.37  3135  4658 53577.5 
 842.42  3140  4732 60452.5 
 842.47  3145  4806 49588.25 
 842.52  3150  4880 62516.5 
 842.57  3155  4954 53377.75 
 842.62  3160  5028 43280.75 
 842.67  3165  5102 57500.25 
 842.72  3170  5176 68188 
 842.77  3175  5251 67695.25 
 842.82  3180  5325 49183.5 
 842.87  3185  5399 56111.75 
 842.92  3190  5474 60288.5 
 842.97  3195  5549 51357.25 
 843.02  3200  5623 59030.5 
 843.07  3205  5698 64073.5 
 843.12  3210  5773 49997.75 
 843.17  3215  5848 46622.5 
 843.22  3220  5923 49497 
 843.27  3225  5998 40027.75 
 843.32  3230  6073 35992.25 
 843.37  3235  6149 37874.25 
 843.42  3240  6224 40589.5 
 843.47  3245  6300 38519.75 
 843.52  3250  6375 33042.75 
end
uaIntegration time is 0.2294 seconds per sampledt  4E-08 cy 1dh210619El Arenosillo 37.1 6.73 3.54pr1000dark 2.75 
 900.02  2900  1280 63.25 
 900.07  2905  1350 61.25 
 900.12  2910  1420 59.25 
 900.17  2915  1490 62.5 
 900.22  2920  1561 68 
 900.27  2925  1631 64.5 
 900.32  2930  1702 67.5 
 900.37  2935  1773 70 
 900.42  2940  1843 73.25 
 900.47  2945  1914 81.5 
 900.52  2950  1985 94.25 
 900.57  2955  2056 107 
 900.62  2960  2127 139.5 
 900.67  2965  2198 152.5 
 900.72  2970  2269 174.75 
 900.77  2975  2340 300.25 
 900.82  2980  2411 358.5 
 900.87  2985  2483 349.75 
 900.92  2990  2554 619 
 900.97  2995  2626 846.5 
 901.02  3000  2697 855.25 
 901.07  3005  2769 1132 
 901.12  3010  2841 1769.25 
 901.17  3015  2912 2344 
 901.22  3020  2984 2014.5 
 901.27  3025  3056 3613.25 
 901.32  3030  3128 5634.5 
 901.37  3035  3200 6808 
 901.42  3040  3273 6452.25 
 901.47  3045  3345 8523.25 
 901.52  3050  3417 11318.25 
 901.57  3055  3490 11596.25 
 901.62  3060  3562 11293.75 
 901.67  3065  3635 13257.5 
 901.72  3070  3707 17506 
 901.77  3075  3780 20417 
 901.82  3080  3853 21314.5 
 901.87  3085  3926 23803 
 901.92  3090  3998 20576 
 901.97  3095  4071 22534.5 
 902.02  3100  4145 21932.25 
 902.07  3105  4218 34541.75 
 902.12  3110  4291 41318.75 
 902.17  3115  4364 39455 
 902.22  3120  4438 36665 
 902.27  3125  4511 42218 
 902.32  3130  4585 43575 
 902.37  3135  4658 43499.5 
 902.42  3140  4732 49822 
 902.47  3145  4806 40570.5 
 902.52  3150  4880 51603 
 902.57  3155  4954 43480.75 
 902.62  3160  5028 35815 
 902.67  3165  5102 47897.25 
 902.72  3170  5176 56689.25 
 902.77  3175  5251 56896.5 
 902.82  3180  5325 41497.5 
 902.87  3185  5399 46736 
 902.92  3190  5474 51220 
 902.97  3195  5549 43020 
 903.02  3200  5623 49474.75 
 903.07  3205  5698 54228.25 
 903.12  3210  5773 42905.25 
 903.17  3215  5848 39052.5 
 903.22  3220  5923 42102.25 
 903.27  3225  5998 33896 
 903.32  3230  6073 30452.5 
 903.37  3235  6149 32484.5 
 903.42  3240  6224 34740.5 
 903.47  3245  6300 33095.25 
 903.52  3250  6375 28133.75 
end
uaIntegration time is 0.2294 seconds per sampledt  4E-08 cy 1dh210619El Arenosillo 37.1 6.73 3.52pr1000dark 2.1 
 960  2900  1280 143.75 
 960.07  2905  1350 42.5 
 960.12  2910  1420 42.75 
 960.17  2915  1490 42.5 
 960.22  2920  1561 41.75 
 960.27  2925  1631 46 
 960.32  2930  1702 44 
 960.37  2935  1773 46.5 
 960.42  2940  1843 49.5 
 960.47  2945  1914 49.75 
 960.52  2950  1985 50 
 960.57  2955  2056 54.5 
 960.62  2960  2127 62.75 
 960.67  2965  2198 70.25 
 960.72  2970  2269 76.75 
 960.77  2975  2340 117 
 960.82  2980  2411 133.75 
 960.87  2985  2483 137 
 960.92  2990  2554 235.5 
 960.97  2995  2626 333.75 
 961.02  3000  2697 351.75 
 961.07  3005  2769 469 
 961.12  3010  2841 735 
 961.17  3015  2912 1002.25 
 961.22  3020  2984 896.25 
 961.27  3025  3056 1617.75 
 961.32  3030  3128 2606 
 961.37  3035  3200 3262.25 
 961.42  3040  3273 3149 
 961.47  3045  3345 4327.25 
 961.52  3050  3417 5970.5 
 961.57  3055  3490 6278 
 961.62  3060  3562 6072 
 961.67  3065  3635 7271.25 
 961.72  3070  3707 10040.25 
 961.77  3075  3780 11874 
 961.82  3080  3853 12647 
 961.87  3085  3926 14346 
 961.92  3090  3998 12422.5 
 961.97  3095  4071 14001.5 
 962.02  3100  4145 13972.75 
 962.07  3105  4218 22144.5 
 962.12  3110  4291 26665.25 
 962.17  3115  4364 25648 
 962.22  3120  4438 24355.75 
 962.27  3125  4511 28219.5 
 962.32  3130  4585 29485.5 
 962.37  3135  4658 29161.25 
 962.42  3140  4732 33996 
 962.47  3145  4806 28337.25 
 962.52  3150  4880 36226.75 
 962.57  3155  4954 30371 
 962.62  3160  5028 25364.25 
 962.67  3165  5102 33882.25 
 962.72  3170  5176 40362.25 
 962.77  3175  5251 40705.25 
 962.82  3180  5325 29854.75 
 962.87  3185  5399 34276.5 
 962.92  3190  5474 37479.25 
 962.97  3195  5549 31351.75 
 963.02  3200  5623 35931.75 
 963.07  3205  5698 39901.5 
 963.12  3210  5773 31908 
 963.17  3215  5848 29141.75 
 963.22  3220  5923 31059 
 963.27  3225  5998 24809.25 
 963.32  3230  6073 22750.5 
 963.37  3235  6149 24362 
 963.42  3240  6224 26055 
 963.47  3245  6300 24685.75 
 963.52  3250  6375 20953.25 
end
uaIntegration time is 0.2294 seconds per sampledt  4E-08 cy 1dh210619El Arenosillo 37.1 6.73 3.54pr1000dark 2.75 
 1020.02  2900  1280 24.5 
 1020.07  2905  1350 22 
 1020.12  2910  1420 24.25 
 1020.17  2915  1490 28.25 
 1020.22  2920  1561 28.75 
 1020.27  2925  1631 23.5 
 1020.32  2930  1702 25.5 
 1020.37  2935  1773 25.75 
 1020.42  2940  1843 25.75 
 1020.47  2945  1914 26.75 
 1020.52  2950  1985 27 
 1020.57  2955  2056 31.5 
 1020.62  2960  2127 30.5 
 1020.67  2965  2198 33.5 
 1020.72  2970  2269 34.25 
 1020.77  2975  2340 39.25 
 1020.82  2980  2411 42.25 
 1020.87  2985  2483 44.5 
 1020.92  2990  2554 58.25 
 1020.97  2995  2626 74.75 
 1021.02  3000  2697 79.75 
 1021.07  3005  2769 109.25 
 1021.12  3010  2841 169.5 
 1021.17  3015  2912 244.75 
 1021.22  3020  2984 228.5 
 1021.27  3025  3056 426.5 
 1021.32  3030  3128 719.75 
 1021.37  3035  3200 923 
 1021.42  3040  3273 927.25 
 1021.47  3045  3345 1312.75 
 1021.52  3050  3417 1965.75 
 1021.57  3055  3490 2148.25 
 1021.62  3060  3562 2118.25 
 1021.67  3065  3635 2599.75 
 1021.72  3070  3707 3844 
 1021.77  3075  3780 4780.25 
 1021.82  3080  3853 5126 
 1021.87  3085  3926 5966.25 
 1021.92  3090  3998 5303.75 
 1021.97  3095  4071 6303.5 
 1022.02  3100  4145 6428 
 1022.07  3105  4218 10421 
 1022.12  3110  4291 12622.75 
 1022.17  3115  4364 12222.75 
 1022.22  3120  4438 12189.5 
 1022.27  3125  4511 14535.75 
 1022.32  3130  4585 15258.75 
 1022.37  3135  4658 15120.25 
 1022.42  3140  4732 17961 
 1022.47  3145  4806 15434.75 
 1022.52  3150  4880 19935.5 
 1022.57  3155  4954 16671.75 
 1022.62  3160  5028 14281.75 
 1022.67  3165  5102 19452.75 
 1022.72  3170  5176 23161.5 
 1022.77  3175  5251 23075.75 
 1022.82  3180  5325 17212.5 
 1022.87  3185  5399 20509.5 
 1022.92  3190  5474 22330.5 
 1022.97  3195  5549 18682 
 1023.02  3200  5623 21303.25 
 1023.07  3205  5698 24206.25 
 1023.12  3210  5773 19683.5 
 1023.17  3215  5848 18176.75 
 1023.22  3220  5923 18769.25 
 1023.27  3225  5998 15017.75 
 1023.32  3230  6073 14146.5 
 1023.37  3235  6149 15400.5 
 1023.42  3240  6224 16638.25 
 1023.47  3245  6300 15647.25 
 1023.52  3250  6375 12998.75 
end
uaIntegration time is 0.2294 seconds per sampledt  4E-08 cy 1dh210619El Arenosillo 37.1 6.73 3.52pr1000dark 2.25 
 1057.02  2900  1280 13.25 
 1057.07  2905  1350 15.5 
 1057.12  2910  1420 16.5 
 1057.17  2915  1490 15.75 
 1057.22  2920  1561 16.25 
 1057.27  2925  1631 14.75 
 1057.32  2930  1702 16 
 1057.37  2935  1773 15 
 1057.42  2940  1843 15.5 
 1057.47  2945  1914 16.25 
 1057.52  2950  1985 16.25 
 1057.57  2955  2056 18 
 1057.62  2960  2127 17.5 
 1057.67  2965  2198 18 
 1057.72  2970  2269 18.75 
 1057.77  2975  2340 19.5 
 1057.82  2980  2411 20.75 
 1057.87  2985  2483 23.5 
 1057.92  2990  2554 41.75 
 1057.97  2995  2626 34.25 
 1058.02  3000  2697 33.75 
 1058.07  3005  2769 36.5 
 1058.12  3010  2841 54.5 
 1058.17  3015  2912 75.5 
 1058.22  3020  2984 74 
 1058.27  3025  3056 130 
 1058.32  3030  3128 228 
 1058.37  3035  3200 278.25 
 1058.42  3040  3273 300.5 
 1058.47  3045  3345 432 
 1058.52  3050  3417 677.75 
 1058.57  3055  3490 756.5 
 1058.62  3060  3562 798.5 
 1058.67  3065  3635 995.25 
 1058.72  3070  3707 1559.5 
 1058.77  3075  3780 2012.5 
 1058.82  3080  3853 2191.5 
 1058.87  3085  3926 2568.25 
 1058.92  3090  3998 2323.75 
 1058.97  3095  4071 2952 
 1059.02  3100  4145 3087.75 
 1059.07  3105  4218 5133.75 
 1059.12  3110  4291 6213.25 
 1059.17  3115  4364 6155 
 1059.22  3120  4438 6315.25 
 1059.27  3125  4511 7683.25 
 1059.32  3130  4585 8173 
 1059.37  3135  4658 8087 
 1059.42  3140  4732 9832 
 1059.47  3145  4806 8930.75 
 1059.52  3150  4880 11478.5 
 1059.57  3155  4954 9246.5 
 1059.62  3160  5028 8416.5 
 1059.67  3165  5102 11695.75 
 1059.72  3170  5176 13900.75 
 1059.77  3175  5251 13640.75 
 1059.82  3180  5325 10337 
 1059.87  3185  5399 12927.5 
 1059.92  3190  5474 13918.75 
 1059.97  3195  5549 11584.75 
 1060.02  3200  5623 13302.5 
 1060.07  3205  5698 15332.5 
 1060.12  3210  5773 12758.75 
 1060.17  3215  5848 11810.5 
 1060.22  3220  5923 11872.25 
 1060.27  3225  5998 9344.5 
 1060.32  3230  6073 9212.75 
 1060.37  3235  6149 10169 
 1060.42  3240  6224 11025.5 
 1060.47  3245  6300 10217.75 
 1060.52  3250  6375 8453 
end
ufIntegration time is 0.2294 seconds per sampledt  4E-08 cy 4dh210619El Arenosillo 37.1 6.73 3.39pr1000dark 7 
 1159.41  2900  1280 11 
 1159.45  2905  1350 12 
 1159.48  2910  1420 11 
 1159.52  2915  1490 12 
 1159.55  2920  1561 13 
 1159.58  2925  1631 11 
 1159.62  2930  1702 12 
 1159.66  2935  1773 13 
 1159.69  2940  1843 11 
 1159.72  2945  1914 11 
 1159.76  2950  1985 7 
 1159.8  2955  2056 9 
 1159.83  2960  2127 8 
 1159.86  2965  2198 11 
 1159.9  2970  2269 11 
 1159.93  2975  2340 10 
 1159.97  2980  2411 9 
 1160  2985  2483 11 
 1160.04  2990  2554 15 
 1160.07  2995  2626 14 
 1160.11  3000  2697 15 
 1160.14  3005  2769 13 
 1160.18  3010  2841 19 
 1160.21  3015  2912 21 
 1160.25  3020  2984 19 
 1160.28  3025  3056 23 
 1160.32  3030  3128 35 
 1160.35  3035  3200 35 
 1160.39  3040  3273 38 
 1160.42  3045  3345 50 
 1160.46  3050  3417 61 
 1160.49  3055  3490 73 
 1160.53  3060  3562 78 
 1160.56  3065  3635 105 
 1160.6  3070  3707 121 
 1160.63  3075  3780 182 
 1160.67  3080  3853 155 
 1160.7  3085  3926 182 
 1160.74  3090  3998 165 
 1160.77  3095  4071 206 
 1160.81  3100  4145 234 
 1160.84  3105  4218 356 
 1160.88  3110  4291 450 
 1160.91  3115  4364 488 
 1160.95  3120  4438 502 
 1160.98  3125  4511 641 
 1161.02  3130  4585 748 
 1161.05  3135  4658 692 
 1161.09  3140  4732 931 
 1161.12  3145  4806 984 
 1161.16  3150  4880 1271 
 1161.19  3155  4954 1011 
 1161.23  3160  5028 1098 
 1161.26  3165  5102 1706 
 1161.3  3170  5176 1993 
 1161.33  3175  5251 1917 
 1161.37  3180  5325 1643 
 1161.4  3185  5399 2542 
 1161.44  3190  5474 2863 
 1161.47  3195  5549 2104 
 1161.51  3200  5623 2461 
 1161.54  3205  5698 3379 
 1161.58  3210  5773 3398 
 1161.61  3215  5848 3217 
 1161.65  3220  5923 2646 
 1161.68  3225  5998 2104 
 1161.72  3230  6073 2515 
 1161.75  3235  6149 3354 
 1161.79  3240  6224 3688 
 1161.82  3245  6300 3178 
 1161.86  3250  6375 2368 
end
