uxIntegration time is 0.2294 seconds per sampledt  2.7E-08 cy 1dh190619El Arenosillo 37.1 6.73 3.03pr1000dark .25 
 301.58  2900  722 .75 
 301.62  2905  789 .5 
 301.66  2910  857 .5 
 301.7  2915  924 .25 
 301.74  2920  992 .5 
 301.78  2925  1060 .5 
 301.82  2930  1127 .25 
 301.85  2935  1195 .5 
 301.89  2940  1263 .5 
 301.93  2945  1331 .5 
 301.97  2950  1399 .5 
 302.01  2955  1468 .75 
 302.05  2960  1536 0 
 302.09  2965  1604 .25 
 302.13  2970  1672 .5 
 302.17  2975  1741 .75 
 302.21  2980  1809 .25 
 302.25  2985  1878 .75 
 302.29  2990  1946 .5 
 302.33  2995  2015 .5 
 302.36  3000  2084 1 
 302.39  3005  2153 .5 
 302.42  3010  2221 1 
 302.45  3015  2290 .5 
 302.48  3020  2359 1 
 302.51  3025  2428 1 
 302.54  3030  2498 1 
 302.57  3035  2567 1.5 
 302.6  3040  2636 2 
 302.63  3045  2705 1 
 302.66  3050  2775 3 
 302.69  3055  2844 4 
 302.72  3060  2914 2.5 
 302.75  3065  2984 5 
 302.78  3070  3053 5 
 302.81  3075  3123 6.5 
 302.85  3080  3193 6 
 302.88  3085  3263 12 
 302.91  3090  3333 4.5 
 302.94  3095  3403 6 
 302.97  3100  3473 8.5 
 303  3105  3544 14 
 303.03  3110  3614 13 
 303.06  3115  3684 15 
 303.09  3120  3755 14.5 
 303.12  3125  3826 18.5 
 303.15  3130  3896 16.5 
 303.18  3135  3967 19 
 303.21  3140  4038 25 
 303.24  3145  4109 18 
 303.27  3150  4180 26.5 
 303.3  3155  4251 22.5 
 303.33  3160  4322 20 
 303.36  3165  4393 30 
 303.4  3170  4465 37.5 
 303.43  3175  4536 44.5 
 303.46  3180  4607 37 
 303.49  3185  4679 36 
 303.52  3190  4751 41 
 303.55  3195  4822 42.5 
 303.58  3200  4894 42.5 
 303.61  3205  4966 49.5 
 303.64  3210  5038 45.5 
 303.67  3215  5110 46.5 
 303.7  3220  5183 40 
 303.73  3225  5255 39 
 303.76  3230  5327 35.5 
 303.79  3235  5400 53.5 
 303.82  3240  5472 49.5 
 303.85  3245  5545 45 
 303.88  3250  5618 50 
 304.15  3255  3767 22.5 
 304.19  3260  3842 41.5 
 304.22  3265  3916 40.5 
 304.25  3270  3990 39 
 304.28  3275  4065 29 
 304.31  3280  4139 29 
 304.34  3285  4214 35 
 304.37  3290  4288 48.5 
 304.4  3295  4363 60 
 304.43  3300  4438 53.5 
 304.46  3305  4513 40.5 
 304.49  3310  4588 40.5 
 304.52  3315  4664 47 
 304.55  3320  4739 70 
 304.59  3325  4814 62.5 
 304.62  3330  4890 63.5 
 304.65  3335  4965 48.5 
 304.68  3340  5041 50.5 
 304.71  3345  5117 62 
 304.74  3350  5193 62.5 
 304.77  3355  5269 71.5 
 304.8  3360  5345 56.5 
 304.83  3365  5421 69 
 304.86  3370  5498 46.5 
 304.89  3375  5574 58 
 304.92  3380  5651 59 
 304.95  3385  5728 74.5 
 304.98  3390  5805 72.5 
 305.01  3395  5882 74.5 
 305.05  3400  5959 77 
 305.08  3405  6036 70 
 305.11  3410  6113 76 
 305.14  3415  6190 74.5 
 305.17  3420  6268 83 
 305.2  3425  6346 81 
 305.23  3430  6423 79.5 
 305.26  3435  6501 83 
 305.29  3440  6579 50 
 305.33  3445  6658 55 
 305.36  3450  6736 77.5 
 305.39  3455  6814 79.5 
 305.42  3460  6893 67 
 305.45  3465  6971 78 
 305.48  3470  7050 80.5 
 305.52  3475  7129 67.5 
 305.55  3480  7208 76.5 
 305.58  3485  7287 78.5 
 305.61  3490  7367 71 
 305.64  3495  7446 81.5 
 305.67  3500  7526 84.5 
 305.7  3505  7605 84 
 305.74  3510  7685 78 
 305.77  3515  7765 76 
 305.8  3520  7845 80.5 
 305.83  3525  7925 67 
 305.86  3530  8006 82.5 
 305.9  3535  8086 85.5 
 305.93  3540  8167 96 
 305.96  3545  8248 88.5 
 305.99  3550  8329 85 
 306.02  3555  8410 83.5 
 306.06  3560  8491 87 
 306.09  3565  8572 67 
 306.12  3570  8654 54.5 
 306.15  3575  8736 65.5 
 306.18  3580  8818 49.5 
 306.22  3585  8900 46.5 
 306.25  3590  8982 61.5 
 306.28  3595  9064 73.5 
 306.31  3600  9146 79 
 306.34  3605  9229 66 
 306.38  3610  9312 53.5 
 306.41  3615  9395 65.5 
 306.44  3620  9478 54 
 306.47  3625  9561 70.5 
 306.5  3630  9645 66 
end
uaIntegration time is 0.2294 seconds per sampledt  2.7E-08 cy 1dh190619El Arenosillo 37.1 6.73 3.29pr1000dark .75 
 480.02  2900  722 39.5 
 480.08  2905  789 39.5 
 480.13  2910  857 31.25 
 480.18  2915  924 36.5 
 480.23  2920  992 32.5 
 480.28  2925  1060 34 
 480.33  2930  1127 37.75 
 480.38  2935  1195 39.25 
 480.43  2940  1263 36.5 
 480.48  2945  1331 39.75 
 480.53  2950  1399 37.75 
 480.58  2955  1468 40 
 480.63  2960  1536 36.75 
 480.68  2965  1604 43.25 
 480.73  2970  1672 43.5 
 480.78  2975  1741 50.75 
 480.83  2980  1809 58 
 480.88  2985  1878 70 
 480.93  2990  1946 82 
 480.98  2995  2015 117.25 
 481.03  3000  2084 126 
 481.08  3005  2153 162.25 
 481.13  3010  2221 256.75 
 481.18  3015  2290 348.75 
 481.23  3020  2359 343.5 
 481.28  3025  2428 600.25 
 481.33  3030  2498 1013.5 
 481.38  3035  2567 1243.25 
 481.43  3040  2636 1270.5 
 481.48  3045  2705 1744 
 481.53  3050  2775 2536.5 
 481.58  3055  2844 2730.5 
 481.63  3060  2914 2814.25 
 481.68  3065  2984 3380 
 481.73  3070  3053 4787.5 
 481.78  3075  3123 5830 
 481.83  3080  3193 6312.75 
 481.88  3085  3263 7194 
 481.93  3090  3333 6439 
 481.98  3095  3403 7476.75 
 482.03  3100  3473 7741.25 
 482.08  3105  3544 12171 
 482.13  3110  3614 14732 
 482.18  3115  3684 14394 
 482.23  3120  3755 14026 
 482.28  3125  3826 16517.75 
 482.33  3130  3896 17268 
 482.38  3135  3967 17218.25 
 482.43  3140  4038 19979.5 
 482.48  3145  4109 17428 
 482.53  3150  4180 21827.25 
 482.58  3155  4251 18245.25 
 482.63  3160  4322 15694.5 
 482.68  3165  4393 21103.5 
 482.73  3170  4465 25050.75 
 482.78  3175  4536 24426 
 482.83  3180  4607 18376 
 482.88  3185  4679 21894.25 
 482.93  3190  4751 22717.75 
 482.98  3195  4822 19448.75 
 483.03  3200  4894 22091 
 483.08  3205  4966 24421.5 
 483.13  3210  5038 19584.75 
 483.18  3215  5110 18325.25 
 483.23  3220  5183 18566.5 
 483.28  3225  5255 14530 
 483.33  3230  5327 13936.5 
 483.38  3235  5400 14940.25 
 483.43  3240  5472 15875 
 483.48  3245  5545 14572.25 
 483.53  3250  5618 12419 
 483.82  3255  3767 7567.75 
 483.85  3260  3842 9002.75 
 483.89  3265  3916 8907.25 
 483.94  3270  3990 8980.25 
 483.99  3275  4065 8657 
 484.05  3280  4139 8033.5 
 484.09  3285  4214 8109.25 
 484.14  3290  4288 9604.25 
 484.19  3295  4363 10721 
 484.24  3300  4438 10841 
 484.29  3305  4513 8871.5 
 484.34  3310  4588 9168 
 484.39  3315  4664 9206.25 
 484.44  3320  4739 9571.5 
 484.49  3325  4814 9611.75 
 484.54  3330  4890 9508.25 
 484.6  3335  4965 8618.25 
 484.64  3340  5041 9118.75 
 484.7  3345  5117 10021.25 
 484.75  3350  5193 9575.5 
 484.79  3355  5269 10520.75 
 484.84  3360  5345 7256 
 484.89  3365  5421 8968 
 484.94  3370  5498 7313 
 484.99  3375  5574 9359.5 
 485.04  3380  5651 8573.25 
 485.1  3385  5728 9922.5 
 485.14  3390  5805 9397 
 485.19  3395  5882 9503.5 
 485.24  3400  5959 11057 
 485.29  3405  6036 9748.5 
 485.34  3410  6113 9427.25 
 485.39  3415  6190 8868 
 485.44  3420  6268 10300.25 
 485.49  3425  6346 9673.25 
 485.54  3430  6423 10461 
 485.59  3435  6501 9714.75 
 485.65  3440  6579 6863.75 
 485.7  3445  6658 7520.75 
 485.74  3450  6736 9599.5 
 485.8  3455  6814 9541.75 
 485.85  3460  6893 8153.5 
 485.89  3465  6971 9182.25 
 485.94  3470  7050 9803.5 
 485.99  3475  7129 7704 
 486.04  3480  7208 9003.5 
 486.09  3485  7287 8886.5 
 486.15  3490  7367 8000.25 
 486.19  3495  7446 8058.5 
 486.24  3500  7526 9844.75 
 486.3  3505  7605 10186.5 
 486.35  3510  7685 9014.75 
 486.39  3515  7765 8726 
 486.44  3520  7845 9269 
 486.49  3525  7925 7117.5 
 486.54  3530  8006 8977 
 486.59  3535  8086 9406.75 
 486.64  3540  8167 9653.75 
 486.7  3545  8248 9740.75 
 486.75  3550  8329 9619.5 
 486.79  3555  8410 8585.25 
 486.84  3560  8491 8867.5 
 486.89  3565  8572 7471.5 
 486.95  3570  8654 6156.5 
 487  3575  8736 7417 
 487.04  3580  8818 5760.75 
 487.09  3585  8900 4902.75 
 487.14  3590  8982 6820.75 
 487.19  3595  9064 8343.25 
 487.24  3600  9146 8708 
 487.29  3605  9229 6764.75 
 487.35  3610  9312 6090.75 
 487.4  3615  9395 6926.25 
 487.44  3620  9478 5710.75 
 487.49  3625  9561 7787.75 
 487.55  3630  9645 6786 
end
uaIntegration time is 0.2294 seconds per sampledt  2.7E-08 cy 1dh190619El Arenosillo 37.1 6.73 3.45pr1000dark 1.55 
 540.02  2900  722 56.75 
 540.08  2905  789 54.5 
 540.13  2910  857 57.75 
 540.18  2915  924 60.25 
 540.23  2920  992 59.25 
 540.28  2925  1060 56.5 
 540.33  2930  1127 60.75 
 540.38  2935  1195 59.5 
 540.43  2940  1263 61.5 
 540.48  2945  1331 66.75 
 540.53  2950  1399 71.75 
 540.58  2955  1468 73.5 
 540.63  2960  1536 86.5 
 540.68  2965  1604 94.75 
 540.73  2970  1672 107.75 
 540.78  2975  1741 165.75 
 540.83  2980  1809 195.75 
 540.88  2985  1878 210.5 
 540.93  2990  1946 334 
 540.98  2995  2015 461.75 
 541.03  3000  2084 470.25 
 541.08  3005  2153 647.5 
 541.13  3010  2221 967.75 
 541.18  3015  2290 1297.5 
 541.23  3020  2359 1208.5 
 541.28  3025  2428 2080.25 
 541.33  3030  2498 3322.75 
 541.38  3035  2567 3942.25 
 541.43  3040  2636 3873.75 
 541.48  3045  2705 5097.25 
 541.53  3050  2775 6955.25 
 541.58  3055  2844 7197.75 
 541.63  3060  2914 7059.75 
 541.68  3065  2984 8373.5 
 541.73  3070  3053 11311.5 
 541.78  3075  3123 13303 
 541.83  3080  3193 14088.25 
 541.88  3085  3263 15761.25 
 541.93  3090  3333 13892.75 
 541.98  3095  3403 15276 
 542.03  3100  3473 15458.5 
 542.08  3105  3544 24109 
 542.13  3110  3614 28526.75 
 542.18  3115  3684 27549.25 
 542.23  3120  3755 26091.5 
 542.28  3125  3826 29950.5 
 542.33  3130  3896 30914 
 542.38  3135  3967 30917.5 
 542.43  3140  4038 35242.5 
 542.48  3145  4109 29865.75 
 542.53  3150  4180 37135 
 542.58  3155  4251 31188.5 
 542.63  3160  4322 26021 
 542.68  3165  4393 34477.5 
 542.73  3170  4465 40957 
 542.77  3175  4536 40111.5 
 542.83  3180  4607 29608.25 
 542.88  3185  4679 34677.25 
 542.93  3190  4751 35632.25 
 542.98  3195  4822 30790.5 
 543.03  3200  4894 34868.5 
 543.08  3205  4966 37972.5 
 543.13  3210  5038 29667 
 543.18  3215  5110 27883.5 
 543.23  3220  5183 28624.5 
 543.28  3225  5255 22487.5 
 543.33  3230  5327 21207 
 543.38  3235  5400 22279.5 
 543.43  3240  5472 23674 
 543.48  3245  5545 21919.25 
 543.53  3250  5618 18791.5 
 543.82  3255  3767 11434.25 
 543.86  3260  3842 13317 
 543.9  3265  3916 13136.5 
 543.94  3270  3990 13163.75 
 543.99  3275  4065 12703.75 
 544.04  3280  4139 11958.5 
 544.09  3285  4214 11946.5 
 544.14  3290  4288 13947 
 544.19  3295  4363 15531 
 544.24  3300  4438 15776.75 
 544.29  3305  4513 12880.75 
 544.34  3310  4588 13388.25 
 544.39  3315  4664 13441.25 
 544.44  3320  4739 13814.75 
 544.49  3325  4814 13832.25 
 544.54  3330  4890 13690.25 
 544.59  3335  4965 12497.25 
 544.64  3340  5041 13206.25 
 544.69  3345  5117 14454.75 
 544.74  3350  5193 13783.5 
 544.79  3355  5269 15098.5 
 544.84  3360  5345 10365.25 
 544.9  3365  5421 12850.25 
 544.94  3370  5498 10394 
 544.99  3375  5574 13470.25 
 545.04  3380  5651 12226.5 
 545.09  3385  5728 14096 
 545.14  3390  5805 13392.25 
 545.19  3395  5882 13608.75 
 545.24  3400  5959 15797.5 
 545.29  3405  6036 13814 
 545.34  3410  6113 13360 
 545.4  3415  6190 12678.5 
 545.45  3420  6268 14677.75 
 545.49  3425  6346 13713.75 
 545.54  3430  6423 14774.25 
 545.59  3435  6501 13815.5 
 545.64  3440  6579 9696 
 545.69  3445  6658 10675 
 545.74  3450  6736 13610 
 545.79  3455  6814 13529 
 545.84  3460  6893 11570.25 
 545.89  3465  6971 13076.5 
 545.94  3470  7050 13766.5 
 545.99  3475  7129 10927 
 546.05  3480  7208 12757.5 
 546.1  3485  7287 12550 
 546.14  3490  7367 11278.5 
 546.19  3495  7446 11358 
 546.24  3500  7526 13983.25 
 546.29  3505  7605 14313 
 546.34  3510  7685 12684.25 
 546.39  3515  7765 12271.75 
 546.45  3520  7845 12979 
 546.5  3525  7925 10035.25 
 546.54  3530  8006 12625.5 
 546.59  3535  8086 13242.75 
 546.64  3540  8167 13621.75 
 546.69  3545  8248 13672.25 
 546.74  3550  8329 13493.5 
 546.79  3555  8410 12011 
 546.84  3560  8491 12464.75 
 546.89  3565  8572 10415.75 
 546.94  3570  8654 8632.5 
 546.99  3575  8736 10446.25 
 547.04  3580  8818 7987.75 
 547.1  3585  8900 6846 
 547.15  3590  8982 9444.5 
 547.19  3595  9064 11692.5 
 547.24  3600  9146 12212 
 547.29  3605  9229 9438.25 
 547.34  3610  9312 8482.25 
 547.39  3615  9395 9673.25 
 547.44  3620  9478 8006.75 
 547.5  3625  9561 10880.75 
 547.55  3630  9645 9487.5 
end
uaIntegration time is 0.2294 seconds per sampledt  2.7E-08 cy 1dh190619El Arenosillo 37.1 6.73 3.52pr1000dark 1.7 
 600.02  2900  722 79.5 
 600.08  2905  789 77.5 
 600.13  2910  857 74.75 
 600.18  2915  924 79.5 
 600.23  2920  992 78 
 600.28  2925  1060 79.5 
 600.33  2930  1127 82 
 600.38  2935  1195 89 
 600.43  2940  1263 98.5 
 600.48  2945  1331 103 
 600.53  2950  1399 117.25 
 600.58  2955  1468 143 
 600.63  2960  1536 184.5 
 600.68  2965  1604 204 
 600.73  2970  1672 233.25 
 600.78  2975  1741 419.75 
 600.83  2980  1809 485.75 
 600.88  2985  1878 491.5 
 600.93  2990  1946 847 
 600.98  2995  2015 1113.25 
 601.03  3000  2084 1124.25 
 601.08  3005  2153 1449.5 
 601.13  3010  2221 2175 
 601.18  3015  2290 2798.75 
 601.23  3020  2359 2467.75 
 601.28  3025  2428 4242.25 
 601.33  3030  2498 6510.5 
 601.38  3035  2567 7591.5 
 601.43  3040  2636 7290.75 
 601.48  3045  2705 9386 
 601.53  3050  2775 12412.5 
 601.58  3055  2844 12451.5 
 601.63  3060  2914 12251.25 
 601.68  3065  2984 14255 
 601.73  3070  3053 18543.75 
 601.78  3075  3123 21446.75 
 601.83  3080  3193 22469.5 
 601.88  3085  3263 24742 
 601.93  3090  3333 21680.75 
 601.98  3095  3403 23212.75 
 602.03  3100  3473 23077.25 
 602.08  3105  3544 35560.75 
 602.13  3110  3614 42071.25 
 602.18  3115  3684 40327.75 
 602.23  3120  3755 37407.25 
 602.28  3125  3826 42157 
 602.33  3130  3896 43503.25 
 602.38  3135  3967 43425.5 
 602.43  3140  4038 48832.75 
 602.48  3145  4109 40881.25 
 602.53  3150  4180 50507.5 
 602.58  3155  4251 42612 
 602.63  3160  4322 35113 
 602.68  3165  4393 46204.5 
 602.73  3170  4465 54757.75 
 602.78  3175  4536 53930.25 
 602.83  3180  4607 39368.75 
 602.88  3185  4679 45351.75 
 602.93  3190  4751 46798.75 
 602.98  3195  4822 40625.25 
 603.03  3200  4894 46068.25 
 603.08  3205  4966 49398.75 
 603.13  3210  5038 38323.25 
 603.18  3215  5110 35908 
 603.23  3220  5183 37421.75 
 603.28  3225  5255 29310 
 603.33  3230  5327 27297.5 
 603.38  3235  5400 28388.5 
 603.43  3240  5472 30166 
 603.48  3245  5545 28225.25 
 603.53  3250  5618 24276.5 
 603.82  3255  3767 14554.75 
 603.86  3260  3842 16931.75 
 603.89  3265  3916 16542.75 
 603.94  3270  3990 16691.5 
 604  3275  4065 16146.5 
 604.04  3280  4139 15193.75 
 604.09  3285  4214 15044.5 
 604.14  3290  4288 17482.25 
 604.19  3295  4363 19518.5 
 604.24  3300  4438 19772.5 
 604.29  3305  4513 16259.5 
 604.34  3310  4588 16847.75 
 604.4  3315  4664 16821.25 
 604.44  3320  4739 17244.5 
 604.5  3325  4814 17226.5 
 604.54  3330  4890 17069.5 
 604.59  3335  4965 15698.5 
 604.64  3340  5041 16457.25 
 604.69  3345  5117 17975.75 
 604.74  3350  5193 17114 
 604.8  3355  5269 18892 
 604.84  3360  5345 12898.5 
 604.89  3365  5421 16021.5 
 604.94  3370  5498 13013.75 
 604.99  3375  5574 16756 
 605.05  3380  5651 15223.25 
 605.09  3385  5728 17500.25 
 605.15  3390  5805 16715.25 
 605.19  3395  5882 16845.25 
 605.24  3400  5959 19618.5 
 605.29  3405  6036 17123.25 
 605.34  3410  6113 16565.5 
 605.39  3415  6190 15563.25 
 605.45  3420  6268 18177 
 605.5  3425  6346 16987.25 
 605.55  3430  6423 18316 
 605.59  3435  6501 17088.75 
 605.64  3440  6579 11985.5 
 605.7  3445  6658 13245 
 605.74  3450  6736 16828.75 
 605.8  3455  6814 16767.75 
 605.85  3460  6893 14302 
 605.89  3465  6971 16104 
 605.94  3470  7050 17064.75 
 605.99  3475  7129 13442.25 
 606.04  3480  7208 15666 
 606.1  3485  7287 15420.25 
 606.15  3490  7367 13930 
 606.2  3495  7446 14025.5 
 606.24  3500  7526 17123 
 606.29  3505  7605 17723.5 
 606.35  3510  7685 15701.25 
 606.39  3515  7765 15063.25 
 606.44  3520  7845 15928.25 
 606.5  3525  7925 12289.5 
 606.55  3530  8006 15569.75 
 606.59  3535  8086 16292.75 
 606.65  3540  8167 16738.5 
 606.7  3545  8248 16810.5 
 606.75  3550  8329 16661.25 
 606.79  3555  8410 14677 
 606.84  3560  8491 15324.25 
 606.9  3565  8572 12840 
 606.95  3570  8654 10603 
 607  3575  8736 12842.5 
 607.04  3580  8818 9935 
 607.09  3585  8900 8384.25 
 607.14  3590  8982 11550 
 607.19  3595  9064 14312.25 
 607.24  3600  9146 14972.25 
 607.3  3605  9229 11598 
 607.35  3610  9312 10436.5 
 607.4  3615  9395 11890.75 
 607.44  3620  9478 9831 
 607.49  3625  9561 13404.25 
 607.55  3630  9645 11575 
end
uaIntegration time is 0.2294 seconds per sampledt  2.7E-08 cy 1dh190619El Arenosillo 37.1 6.73 3.58pr1000dark 2.45 
 660.02  2900  722 90 
 660.08  2905  789 99.75 
 660.13  2910  857 98.25 
 660.18  2915  924 100.5 
 660.23  2920  992 102.5 
 660.28  2925  1060 102.25 
 660.33  2930  1127 111.75 
 660.38  2935  1195 116 
 660.43  2940  1263 129 
 660.48  2945  1331 142.25 
 660.53  2950  1399 177.75 
 660.58  2955  1468 235.75 
 660.63  2960  1536 337.5 
 660.68  2965  1604 343 
 660.73  2970  1672 410.25 
 660.78  2975  1741 744.25 
 660.83  2980  1809 886.25 
 660.88  2985  1878 848.25 
 660.93  2990  1946 1477 
 660.98  2995  2015 1899.75 
 661.03  3000  2084 1863.5 
 661.08  3005  2153 2418 
 661.13  3010  2221 3538.25 
 661.18  3015  2290 4020.5 
 661.23  3020  2359 3655 
 661.28  3025  2428 6540.25 
 661.33  3030  2498 9705.25 
 661.38  3035  2567 11171 
 661.43  3040  2636 10496.25 
 661.48  3045  2705 13247 
 661.53  3050  2775 17127.75 
 661.58  3055  2844 17125 
 661.63  3060  2914 16789 
 661.68  3065  2984 18872.5 
 661.73  3070  3053 24805.75 
 661.78  3075  3123 28170.25 
 661.83  3080  3193 29318.25 
 661.88  3085  3263 32248.75 
 661.93  3090  3333 27981 
 661.98  3095  3403 29532.25 
 662.03  3100  3473 29019.25 
 662.08  3105  3544 44607.75 
 662.13  3110  3614 52586 
 662.18  3115  3684 50109 
 662.23  3120  3755 45978.5 
 662.28  3125  3826 51673 
 662.33  3130  3896 52896.25 
 662.38  3135  3967 52920.5 
 662.43  3140  4038 59209.25 
 662.48  3145  4109 49006.5 
 662.53  3150  4180 60676.5 
 662.58  3155  4251 51453 
 662.63  3160  4322 42011.75 
 662.68  3165  4393 54959.25 
 662.73  3170  4465 65122 
 662.78  3175  4536 63177.25 
 662.83  3180  4607 46155.75 
 662.88  3185  4679 51553 
 662.93  3190  4751 48659.5 
 662.98  3195  4822 43456 
 663.03  3200  4894 50795.5 
 663.08  3205  4966 57798.5 
 663.13  3210  5038 43385.75 
 663.18  3215  5110 41668.75 
 663.23  3220  5183 43484 
 663.28  3225  5255 34297 
 663.33  3230  5327 31515.5 
 663.38  3235  5400 32908.5 
 663.43  3240  5472 35128.75 
 663.48  3245  5545 32477.75 
 663.53  3250  5618 27862.75 
 663.82  3255  3767 16859.25 
 663.85  3260  3842 19464.25 
 663.89  3265  3916 18944 
 663.94  3270  3990 19037.5 
 663.99  3275  4065 18591.75 
 664.05  3280  4139 17364.5 
 664.09  3285  4214 17287.5 
 664.14  3290  4288 19949 
 664.19  3295  4363 22226.25 
 664.24  3300  4438 22566 
 664.29  3305  4513 18536.25 
 664.34  3310  4588 19137.5 
 664.39  3315  4664 19085.5 
 664.44  3320  4739 19632.25 
 664.49  3325  4814 19413 
 664.54  3330  4890 19087.5 
 664.6  3335  4965 17706.25 
 664.65  3340  5041 18367 
 664.69  3345  5117 19925 
 664.74  3350  5193 18899.25 
 664.79  3355  5269 21001.75 
 664.84  3360  5345 14639.5 
 664.89  3365  5421 18227 
 664.94  3370  5498 14645.75 
 664.99  3375  5574 19103.75 
 665.04  3380  5651 17215.25 
 665.09  3385  5728 19549 
 665.14  3390  5805 18853.25 
 665.19  3395  5882 19126.5 
 665.25  3400  5959 22174.5 
 665.3  3405  6036 19530 
 665.34  3410  6113 18801 
 665.39  3415  6190 17555.75 
 665.44  3420  6268 20495 
 665.49  3425  6346 19152 
 665.54  3430  6423 20681.5 
 665.59  3435  6501 19314.5 
 665.65  3440  6579 13635.25 
 665.7  3445  6658 14992.5 
 665.74  3450  6736 19190.75 
 665.79  3455  6814 19100.5 
 665.84  3460  6893 16221.25 
 665.89  3465  6971 18233 
 665.95  3470  7050 19092 
 665.99  3475  7129 14988 
 666.04  3480  7208 17415.25 
 666.09  3485  7287 16960.75 
 666.14  3490  7367 15606.75 
 666.19  3495  7446 14996 
 666.24  3500  7526 17243 
 666.3  3505  7605 20073.5 
 666.35  3510  7685 16271.75 
 666.39  3515  7765 16956.75 
 666.44  3520  7845 18058.75 
 666.49  3525  7925 13692.5 
 666.54  3530  8006 17109.75 
 666.59  3535  8086 18307 
 666.64  3540  8167 18674.75 
 666.7  3545  8248 18830.5 
 666.75  3550  8329 18527 
 666.79  3555  8410 16447.75 
 666.84  3560  8491 17118.5 
 666.89  3565  8572 14521.25 
 666.95  3570  8654 11916 
 667  3575  8736 14456.75 
 667.04  3580  8818 11092 
 667.09  3585  8900 9392.25 
 667.14  3590  8982 13105.75 
 667.19  3595  9064 16137.75 
 667.24  3600  9146 16812.5 
 667.29  3605  9229 13024.25 
 667.35  3610  9312 11682.5 
 667.4  3615  9395 13231.25 
 667.44  3620  9478 10730.75 
 667.5  3625  9561 14857.5 
 667.55  3630  9645 12914.25 
end
uaIntegration time is 0.2294 seconds per sampledt  2.7E-08 cy 1dh190619El Arenosillo 37.1 6.73 3.6pr1000dark 7.35 
 720.02  2900  722 106 
 720.08  2905  789 103 
 720.13  2910  857 105 
 720.18  2915  924 104.5 
 720.22  2920  992 111 
 720.28  2925  1060 117.5 
 720.33  2930  1127 122.5 
 720.38  2935  1195 135.75 
 720.43  2940  1263 151.75 
 720.48  2945  1331 169 
 720.53  2950  1399 214.5 
 720.58  2955  1468 290.25 
 720.63  2960  1536 412 
 720.68  2965  1604 436 
 720.73  2970  1672 526 
 720.78  2975  1741 946.5 
 720.83  2980  1809 1096.75 
 720.88  2985  1878 1072 
 720.93  2990  1946 1817 
 720.98  2995  2015 2305.75 
 721.03  3000  2084 2227 
 721.08  3005  2153 2853.5 
 721.13  3010  2221 4166.75 
 721.18  3015  2290 5190.25 
 721.23  3020  2359 4494.75 
 721.28  3025  2428 7625.5 
 721.33  3030  2498 11176 
 721.38  3035  2567 12741.75 
 721.43  3040  2636 12080.25 
 721.48  3045  2705 15125.75 
 721.53  3050  2775 19268.75 
 721.58  3055  2844 19372.5 
 721.63  3060  2914 18566.5 
 721.68  3065  2984 21434.5 
 721.73  3070  3053 27385 
 721.78  3075  3123 30917 
 721.83  3080  3193 32132.75 
 721.88  3085  3263 35310.5 
 721.93  3090  3333 30609.5 
 721.98  3095  3403 31951.75 
 722.03  3100  3473 31418.25 
 722.08  3105  3544 48345.5 
 722.13  3110  3614 56733.5 
 722.18  3115  3684 53945.75 
 722.23  3120  3755 49359 
 722.28  3125  3826 55311 
 722.33  3130  3896 56638.5 
 722.38  3135  3967 56628.75 
 722.43  3140  4038 63221 
 722.48  3145  4109 51990.5 
 722.53  3150  4180 63930.5 
 722.58  3155  4251 54183 
 722.63  3160  4322 44128.25 
 722.68  3165  4393 57458.25 
 722.73  3170  4465 68275.5 
 722.78  3175  4536 67441 
 722.83  3180  4607 48977 
 722.88  3185  4679 55568 
 722.93  3190  4751 57007.25 
 722.98  3195  4822 49859.75 
 723.03  3200  4894 56760.25 
 723.08  3205  4966 60398 
 723.13  3210  5038 46615.25 
 723.18  3215  5110 43467.25 
 723.23  3220  5183 45446.75 
 723.28  3225  5255 35649 
 723.33  3230  5327 33116 
 723.38  3235  5400 34192.75 
 723.43  3240  5472 36163.5 
 723.48  3245  5545 33930.5 
 723.53  3250  5618 29209.5 
 723.82  3255  3767 17554.75 
 723.86  3260  3842 20174.5 
 723.89  3265  3916 19643.5 
 723.95  3270  3990 19806.25 
 723.99  3275  4065 19238.25 
 724.04  3280  4139 18202.5 
 724.09  3285  4214 17878.25 
 724.14  3290  4288 20758.5 
 724.19  3295  4363 23075.25 
 724.24  3300  4438 23425.25 
 724.29  3305  4513 19301.25 
 724.34  3310  4588 19957 
 724.39  3315  4664 19993.25 
 724.44  3320  4739 20414.75 
 724.5  3325  4814 20272.75 
 724.54  3330  4890 20146.75 
 724.59  3335  4965 18461.75 
 724.65  3340  5041 19507 
 724.69  3345  5117 21233.5 
 724.74  3350  5193 20183.75 
 724.79  3355  5269 22101.5 
 724.84  3360  5345 15100 
 724.89  3365  5421 18855.5 
 724.94  3370  5498 15263.75 
 724.99  3375  5574 19742.25 
 725.04  3380  5651 17888.5 
 725.09  3385  5728 20673.5 
 725.15  3390  5805 19534.25 
 725.19  3395  5882 19868.5 
 725.24  3400  5959 23063 
 725.29  3405  6036 20186.25 
 725.34  3410  6113 19500 
 725.39  3415  6190 18342.25 
 725.44  3420  6268 21225.75 
 725.49  3425  6346 19867.25 
 725.55  3430  6423 21454.25 
 725.59  3435  6501 19999.75 
 725.64  3440  6579 14050.5 
 725.69  3445  6658 15391 
 725.74  3450  6736 19714.75 
 725.8  3455  6814 19627.75 
 725.84  3460  6893 16695 
 725.89  3465  6971 18784.25 
 725.94  3470  7050 19925.5 
 725.99  3475  7129 15749.5 
 726.04  3480  7208 18327.75 
 726.09  3485  7287 18081.25 
 726.14  3490  7367 16297.5 
 726.2  3495  7446 16275.75 
 726.24  3500  7526 19924.25 
 726.29  3505  7605 20596.5 
 726.34  3510  7685 18264.25 
 726.39  3515  7765 17633.75 
 726.44  3520  7845 18712.25 
 726.49  3525  7925 14375 
 726.54  3530  8006 18114.25 
 726.6  3535  8086 18971.25 
 726.64  3540  8167 19532.75 
 726.69  3545  8248 19647 
 726.75  3550  8329 19372 
 726.79  3555  8410 17074.75 
 726.85  3560  8491 17782 
 726.89  3565  8572 15001 
 726.94  3570  8654 12251 
 726.99  3575  8736 14979 
 727.04  3580  8818 11567.75 
 727.09  3585  8900 9686.25 
 727.14  3590  8982 13559 
 727.19  3595  9064 16822.5 
 727.25  3600  9146 17544 
 727.29  3605  9229 13552.25 
 727.35  3610  9312 12099 
 727.4  3615  9395 13933.5 
 727.44  3620  9478 11439.5 
 727.49  3625  9561 15589 
 727.54  3630  9645 13470.75 
end
uaIntegration time is 0.2294 seconds per sampledt  2.7E-08 cy 1dh190619El Arenosillo 37.1 6.73 3.62pr1000dark 2.5 
 780.02  2900  722 97 
 780.08  2905  789 99.75 
 780.13  2910  857 103.5 
 780.18  2915  924 105.5 
 780.23  2920  992 112.5 
 780.28  2925  1060 110.25 
 780.33  2930  1127 118 
 780.38  2935  1195 131.75 
 780.43  2940  1263 147.25 
 780.48  2945  1331 166.75 
 780.53  2950  1399 200.25 
 780.58  2955  1468 283 
 780.63  2960  1536 397.5 
 780.68  2965  1604 421 
 780.73  2970  1672 503 
 780.78  2975  1741 910 
 780.83  2980  1809 1083.25 
 780.88  2985  1878 1046.25 
 780.93  2990  1946 1777.5 
 780.98  2995  2015 2232.75 
 781.03  3000  2084 2173.5 
 781.08  3005  2153 2806.75 
 781.13  3010  2221 4054.75 
 781.18  3015  2290 5059.75 
 781.23  3020  2359 4407.5 
 781.28  3025  2428 7340.25 
 781.33  3030  2498 11012.75 
 781.38  3035  2567 12578.25 
 781.43  3040  2636 11807.25 
 781.48  3045  2705 14863.5 
 781.53  3050  2775 19051 
 781.58  3055  2844 19107.5 
 781.63  3060  2914 18348.5 
 781.68  3065  2984 21200.25 
 781.73  3070  3053 27021.75 
 781.78  3075  3123 30533.5 
 781.83  3080  3193 31805.75 
 781.88  3085  3263 34835 
 781.93  3090  3333 29884.25 
 781.98  3095  3403 31594.75 
 782.03  3100  3473 31037.75 
 782.08  3105  3544 47640.5 
 782.13  3110  3614 55849.25 
 782.18  3115  3684 53343.25 
 782.23  3120  3755 48731.25 
 782.28  3125  3826 54591.25 
 782.33  3130  3896 55833.75 
 782.38  3135  3967 55870.5 
 782.43  3140  4038 62300.25 
 782.48  3145  4109 51340 
 782.53  3150  4180 63507.5 
 782.58  3155  4251 53756.75 
 782.63  3160  4322 43882.75 
 782.68  3165  4393 56959 
 782.73  3170  4465 67276.5 
 782.78  3175  4536 66523.5 
 782.83  3180  4607 48371.5 
 782.88  3185  4679 55019 
 782.93  3190  4751 56602.75 
 782.98  3195  4822 49363 
 783.03  3200  4894 56245.5 
 783.08  3205  4966 59823.25 
 783.13  3210  5038 45695.5 
 783.18  3215  5110 43139.75 
 783.23  3220  5183 44986.25 
 783.28  3225  5255 35409.25 
 783.33  3230  5327 32685 
 783.38  3235  5400 33772.75 
 783.43  3240  5472 35912.75 
 783.48  3245  5545 33432.75 
 783.53  3250  5618 28905.25 
 783.82  3255  3767 17180.25 
 783.85  3260  3842 19998.25 
 783.89  3265  3916 19426.75 
 783.94  3270  3990 19597.25 
 783.99  3275  4065 19055.25 
 784.04  3280  4139 17988.25 
 784.09  3285  4214 17779 
 784.14  3290  4288 20503.25 
 784.2  3295  4363 22803.5 
 784.25  3300  4438 23197.75 
 784.29  3305  4513 19065.5 
 784.34  3310  4588 19857.25 
 784.39  3315  4664 19690.75 
 784.44  3320  4739 20207 
 784.49  3325  4814 20041.5 
 784.55  3330  4890 19924.5 
 784.6  3335  4965 18215.5 
 784.65  3340  5041 19252.75 
 784.69  3345  5117 20941.25 
 784.74  3350  5193 19953.25 
 784.8  3355  5269 21898.75 
 784.84  3360  5345 14935 
 784.9  3365  5421 18688.25 
 784.94  3370  5498 15084.75 
 784.99  3375  5574 19586 
 785.04  3380  5651 17633.5 
 785.09  3385  5728 20435.5 
 785.14  3390  5805 19363.75 
 785.2  3395  5882 19603.75 
 785.25  3400  5959 22651.5 
 785.3  3405  6036 20029.25 
 785.34  3410  6113 19345 
 785.39  3415  6190 18130 
 785.44  3420  6268 21072.25 
 785.49  3425  6346 19688 
 785.54  3430  6423 21174.5 
 785.6  3435  6501 19803 
 785.65  3440  6579 13919 
 785.7  3445  6658 15209.5 
 785.74  3450  6736 19458.75 
 785.79  3455  6814 19459.5 
 785.85  3460  6893 16490 
 785.9  3465  6971 18646.25 
 785.95  3470  7050 19630.5 
 785.99  3475  7129 15529.5 
 786.04  3480  7208 17995 
 786.09  3485  7287 17879.75 
 786.14  3490  7367 16166 
 786.19  3495  7446 16055.75 
 786.25  3500  7526 19699.75 
 786.3  3505  7605 20359 
 786.35  3510  7685 18082.5 
 786.39  3515  7765 17468.25 
 786.45  3520  7845 18428.75 
 786.5  3525  7925 14224.75 
 786.54  3530  8006 17869 
 786.59  3535  8086 18823 
 786.64  3540  8167 19265.25 
 786.69  3545  8248 19398 
 786.75  3550  8329 19146.5 
 786.8  3555  8410 16980.75 
 786.84  3560  8491 17572 
 786.9  3565  8572 14775 
 786.95  3570  8654 12139.25 
 787  3575  8736 14774 
 787.04  3580  8818 11407.75 
 787.1  3585  8900 9620.75 
 787.15  3590  8982 13362.75 
 787.19  3595  9064 16472.5 
 787.24  3600  9146 17193 
 787.3  3605  9229 13367.25 
 787.35  3610  9312 11987.25 
 787.39  3615  9395 13677.5 
 787.45  3620  9478 11219.5 
 787.5  3625  9561 15416.5 
 787.55  3630  9645 13400.25 
end
uaIntegration time is 0.2294 seconds per sampledt  2.7E-08 cy 1dh190619El Arenosillo 37.1 6.73 3.62pr1000dark 2.05 
 840.02  2900  722 86 
 840.07  2905  789 89.25 
 840.13  2910  857 86.5 
 840.18  2915  924 93.25 
 840.23  2920  992 96.5 
 840.28  2925  1060 100.25 
 840.33  2930  1127 107 
 840.38  2935  1195 109.75 
 840.43  2940  1263 118.75 
 840.48  2945  1331 139.5 
 840.53  2950  1399 152.5 
 840.58  2955  1468 203.25 
 840.63  2960  1536 281 
 840.68  2965  1604 306 
 840.73  2970  1672 369 
 840.78  2975  1741 648.25 
 840.83  2980  1809 754.25 
 840.88  2985  1878 749.25 
 840.93  2990  1946 1278.5 
 840.98  2995  2015 1656.25 
 841.03  3000  2084 1614 
 841.08  3005  2153 2069 
 841.13  3010  2221 3094 
 841.18  3015  2290 3930.25 
 841.23  3020  2359 3450.25 
 841.28  3025  2428 5890.75 
 841.33  3030  2498 8770 
 841.38  3035  2567 10066.75 
 841.43  3040  2636 9559.75 
 841.48  3045  2705 12152.75 
 841.53  3050  2775 15647.75 
 841.58  3055  2844 15796.25 
 841.63  3060  2914 15213.75 
 841.68  3065  2984 17630 
 841.73  3070  3053 22692.25 
 841.78  3075  3123 25970 
 841.83  3080  3193 27122.75 
 841.88  3085  3263 29773.25 
 841.93  3090  3333 25892.75 
 841.98  3095  3403 27424.25 
 842.03  3100  3473 27007.5 
 842.08  3105  3544 41347.25 
 842.13  3110  3614 48846 
 842.18  3115  3684 46617.5 
 842.23  3120  3755 42903.5 
 842.28  3125  3826 48228.25 
 842.33  3130  3896 49430.5 
 842.38  3135  3967 49401 
 842.43  3140  4038 55345.75 
 842.48  3145  4109 45893 
 842.53  3150  4180 56849.75 
 842.58  3155  4251 47736.25 
 842.63  3160  4322 39346.25 
 842.68  3165  4393 51175 
 842.73  3170  4465 60989 
 842.78  3175  4536 58508.25 
 842.83  3180  4607 43462.5 
 842.88  3185  4679 49839.5 
 842.93  3190  4751 51561.75 
 842.98  3195  4822 44609.25 
 843.03  3200  4894 50731.5 
 843.08  3205  4966 54362.75 
 843.13  3210  5038 41844.5 
 843.18  3215  5110 39218.25 
 843.23  3220  5183 40867.5 
 843.28  3225  5255 31871.75 
 843.33  3230  5327 29648.75 
 843.38  3235  5400 30850.75 
 843.43  3240  5472 32677.25 
 843.48  3245  5545 30542.25 
 843.53  3250  5618 26266.25 
 843.82  3255  3767 15791.5 
 843.86  3260  3842 18313.75 
 843.89  3265  3916 17771 
 843.95  3270  3990 18055.75 
 844  3275  4065 17498.75 
 844.04  3280  4139 16439.5 
 844.09  3285  4214 16176.5 
 844.14  3290  4288 18714 
 844.19  3295  4363 20695.75 
 844.24  3300  4438 21297.25 
 844.3  3305  4513 17544.25 
 844.34  3310  4588 18116.75 
 844.39  3315  4664 18046 
 844.44  3320  4739 18479.75 
 844.49  3325  4814 18413.5 
 844.54  3330  4890 18351.5 
 844.59  3335  4965 16802.5 
 844.64  3340  5041 17693.25 
 844.69  3345  5117 19292 
 844.74  3350  5193 18320.75 
 844.79  3355  5269 20057.25 
 844.84  3360  5345 13757.25 
 844.89  3365  5421 17183 
 844.94  3370  5498 13794.25 
 845  3375  5574 17911 
 845.04  3380  5651 16215.5 
 845.09  3385  5728 18757 
 845.14  3390  5805 17853.75 
 845.19  3395  5882 17961.75 
 845.24  3400  5959 20979.75 
 845.29  3405  6036 18370 
 845.34  3410  6113 17806.5 
 845.39  3415  6190 15335 
 845.44  3420  6268 18916.75 
 845.5  3425  6346 18164.25 
 845.55  3430  6423 19560.5 
 845.59  3435  6501 18320.25 
 845.64  3440  6579 12934.25 
 845.69  3445  6658 13985 
 845.74  3450  6736 17693.5 
 845.79  3455  6814 16843.5 
 845.85  3460  6893 14844 
 845.89  3465  6971 17031.75 
 845.94  3470  7050 18160 
 845.99  3475  7129 14307 
 846.04  3480  7208 16665 
 846.09  3485  7287 16414.75 
 846.15  3490  7367 14794.75 
 846.2  3495  7446 14795 
 846.24  3500  7526 18285 
 846.29  3505  7605 18869.75 
 846.34  3510  7685 16752.25 
 846.39  3515  7765 16102.25 
 846.44  3520  7845 17019 
 846.49  3525  7925 13168.5 
 846.55  3530  8006 16502.25 
 846.6  3535  8086 17428.5 
 846.64  3540  8167 17449.75 
 846.69  3545  8248 16768.25 
 846.75  3550  8329 17730.5 
 846.79  3555  8410 15499.75 
 846.84  3560  8491 16053.75 
 846.9  3565  8572 13686.5 
 846.94  3570  8654 11129.5 
 846.99  3575  8736 13607.25 
 847.04  3580  8818 10355.75 
 847.09  3585  8900 8427.75 
 847.14  3590  8982 11880 
 847.2  3595  9064 15149.5 
 847.25  3600  9146 15883 
 847.29  3605  9229 12283.25 
 847.34  3610  9312 11035 
 847.4  3615  9395 12653.25 
 847.44  3620  9478 10393 
 847.49  3625  9561 14198.5 
 847.54  3630  9645 12418 
end
uaIntegration time is 0.2294 seconds per sampledt  2.7E-08 cy 1dh190619El Arenosillo 37.1 6.73 3.6pr1000dark 1.6 
 900.02  2900  722 69.75 
 900.08  2905  789 71 
 900.13  2910  857 65.75 
 900.18  2915  924 72 
 900.23  2920  992 73 
 900.28  2925  1060 75.25 
 900.33  2930  1127 76 
 900.38  2935  1195 79 
 900.43  2940  1263 89.25 
 900.48  2945  1331 90.25 
 900.53  2950  1399 99 
 900.58  2955  1468 128.5 
 900.63  2960  1536 155.75 
 900.68  2965  1604 163.5 
 900.73  2970  1672 199.75 
 900.78  2975  1741 337.25 
 900.83  2980  1809 399.75 
 900.88  2985  1878 419.25 
 900.93  2990  1946 686 
 900.98  2995  2015 907 
 901.03  3000  2084 931.5 
 901.08  3005  2153 1196 
 901.13  3010  2221 1832.5 
 901.18  3015  2290 2358 
 901.23  3020  2359 2136.75 
 901.28  3025  2428 3624.5 
 901.33  3030  2498 5620.75 
 901.38  3035  2567 6594.5 
 901.43  3040  2636 6277.5 
 901.48  3045  2705 8117.25 
 901.53  3050  2775 10772.75 
 901.58  3055  2844 10970.5 
 901.63  3060  2914 10695 
 901.68  3065  2984 12513.5 
 901.73  3070  3053 16370 
 901.78  3075  3123 19015.25 
 901.83  3080  3193 19909.5 
 901.88  3085  3263 22082.75 
 901.93  3090  3333 19262.75 
 901.98  3095  3403 20785 
 902.03  3100  3473 20673.75 
 902.08  3105  3544 31976.25 
 902.13  3110  3614 37664.75 
 902.18  3115  3684 36130 
 902.23  3120  3755 33566.75 
 902.28  3125  3826 38215.5 
 902.33  3130  3896 39371.75 
 902.38  3135  3967 39204.75 
 902.43  3140  4038 44356.75 
 902.48  3145  4109 37067.25 
 902.53  3150  4180 45941 
 902.58  3155  4251 38901.5 
 902.63  3160  4322 31916.25 
 902.68  3165  4393 42063 
 902.73  3170  4465 49883 
 902.78  3175  4536 49043.75 
 902.83  3180  4607 35815.75 
 902.88  3185  4679 41524 
 902.93  3190  4751 42525.25 
 902.98  3195  4822 36960 
 903.03  3200  4894 41761.75 
 903.08  3205  4966 45178.25 
 903.13  3210  5038 35210.75 
 903.18  3215  5110 32749.25 
 903.23  3220  5183 34018.25 
 903.28  3225  5255 26836 
 903.33  3230  5327 24944.25 
 903.38  3235  5400 25994.5 
 903.43  3240  5472 27686.5 
 903.48  3245  5545 25611 
 903.53  3250  5618 22077.25 
 903.82  3255  3767 13204 
 903.85  3260  3842 15434.25 
 903.89  3265  3916 15104.25 
 903.94  3270  3990 15169.75 
 903.99  3275  4065 14751.5 
 904.04  3280  4139 13819 
 904.09  3285  4214 13692 
 904.14  3290  4288 16065 
 904.19  3295  4363 17800.5 
 904.25  3300  4438 18066.25 
 904.29  3305  4513 14903.25 
 904.34  3310  4588 15333.75 
 904.39  3315  4664 15360.75 
 904.44  3320  4739 15839.5 
 904.49  3325  4814 15639.75 
 904.54  3330  4890 15609 
 904.59  3335  4965 14268.75 
 904.64  3340  5041 14996.25 
 904.69  3345  5117 16451.75 
 904.74  3350  5193 15662.25 
 904.79  3355  5269 17164.75 
 904.84  3360  5345 11743 
 904.89  3365  5421 14595.75 
 904.94  3370  5498 11793.25 
 904.99  3375  5574 15283.5 
 905.04  3380  5651 13936.75 
 905.09  3385  5728 15976.5 
 905.14  3390  5805 15197.25 
 905.19  3395  5882 15299 
 905.24  3400  5959 17850.25 
 905.3  3405  6036 15664.25 
 905.34  3410  6113 15214 
 905.39  3415  6190 14205 
 905.44  3420  6268 16505.25 
 905.49  3425  6346 15435.5 
 905.54  3430  6423 16696.25 
 905.59  3435  6501 15585.5 
 905.64  3440  6579 11043 
 905.7  3445  6658 12005.5 
 905.74  3450  6736 15352 
 905.79  3455  6814 15248.25 
 905.84  3460  6893 12971.5 
 905.89  3465  6971 14666.5 
 905.95  3470  7050 15460.75 
 905.99  3475  7129 12202 
 906.04  3480  7208 14230.5 
 906.09  3485  7287 14061 
 906.14  3490  7367 12660.75 
 906.19  3495  7446 12780.25 
 906.24  3500  7526 15592.25 
 906.29  3505  7605 16112.25 
 906.35  3510  7685 14228.25 
 906.39  3515  7765 13758 
 906.44  3520  7845 14479.25 
 906.5  3525  7925 11215.75 
 906.54  3530  8006 14085.75 
 906.59  3535  8086 14782.25 
 906.64  3540  8167 15210.75 
 906.69  3545  8248 15284 
 906.74  3550  8329 15076.75 
 906.79  3555  8410 13360.25 
 906.84  3560  8491 13834.5 
 906.89  3565  8572 11763.25 
 906.94  3570  8654 9565.25 
 907  3575  8736 11620.75 
 907.04  3580  8818 8995.25 
 907.09  3585  8900 7558.75 
 907.15  3590  8982 10556.25 
 907.19  3595  9064 13057 
 907.24  3600  9146 13598.5 
 907.29  3605  9229 10553 
 907.34  3610  9312 9383.5 
 907.4  3615  9395 10833 
 907.44  3620  9478 8927.75 
 907.5  3625  9561 12110.5 
 907.55  3630  9645 10652.25 
end
uaIntegration time is 0.2294 seconds per sampledt  2.7E-08 cy 1dh190619El Arenosillo 37.1 6.73 3.56pr1000dark 1.5 
 960.02  2900  722 49 
 960.08  2905  789 46 
 960.13  2910  857 53 
 960.18  2915  924 49.25 
 960.23  2920  992 47 
 960.28  2925  1060 53.5 
 960.33  2930  1127 57 
 960.38  2935  1195 45.75 
 960.43  2940  1263 51.5 
 960.48  2945  1331 50.5 
 960.53  2950  1399 53.75 
 960.58  2955  1468 62.75 
 960.63  2960  1536 72.25 
 960.68  2965  1604 77.5 
 960.73  2970  1672 86.75 
 960.78  2975  1741 129.75 
 960.83  2980  1809 149.25 
 960.88  2985  1878 164.5 
 960.93  2990  1946 255.25 
 960.98  2995  2015 354.5 
 961.03  3000  2084 366 
 961.08  3005  2153 493.25 
 961.13  3010  2221 756.5 
 961.18  3015  2290 1019.25 
 961.23  3020  2359 932.75 
 961.28  3025  2428 1656.5 
 961.33  3030  2498 2639.75 
 961.38  3035  2567 3140 
 961.43  3040  2636 2653.5 
 961.48  3045  2705 3850.5 
 961.53  3050  2775 5196.5 
 961.58  3055  2844 5312.25 
 961.63  3060  2914 5364.75 
 961.68  3065  2984 6430 
 961.73  3070  3053 8952.25 
 961.78  3075  3123 11210.25 
 961.83  3080  3193 11883.25 
 961.88  3085  3263 13418.25 
 961.93  3090  3333 11696.25 
 961.98  3095  3403 12860.75 
 962.03  3100  3473 13196.5 
 962.08  3105  3544 20622.75 
 962.13  3110  3614 24429.25 
 962.18  3115  3684 22481.5 
 962.23  3120  3755 21758.5 
 962.28  3125  3826 21757.75 
 962.33  3130  3896 22090.75 
 962.38  3135  3967 22035.5 
 962.43  3140  4038 25507.25 
 962.48  3145  4109 23854.25 
 962.53  3150  4180 31327.75 
 962.58  3155  4251 27424.75 
 962.63  3160  4322 22908 
 962.68  3165  4393 30352.5 
 962.73  3170  4465 36023.25 
 962.78  3175  4536 35233.25 
 962.83  3180  4607 26041 
 962.88  3185  4679 30441 
 962.93  3190  4751 31625 
 962.98  3195  4822 27050.75 
 963.03  3200  4894 30593 
 963.08  3205  4966 33385.5 
 963.13  3210  5038 26186.75 
 963.18  3215  5110 24520.25 
 963.23  3220  5183 25209 
 963.28  3225  5255 19807.5 
 963.33  3230  5327 18539 
 963.38  3235  5400 19426.75 
 963.43  3240  5472 20330.5 
 963.48  3245  5545 19562.25 
 963.53  3250  5618 16431.25 
 963.81  3255  3767 9637.25 
 963.85  3260  3842 11772 
 963.89  3265  3916 11704.25 
 963.94  3270  3990 11784.5 
 963.99  3275  4065 11318.5 
 964.04  3280  4139 10378.75 
 964.09  3285  4214 10414 
 964.14  3290  4288 12273 
 964.19  3295  4363 13693.75 
 964.24  3300  4438 13935.75 
 964.29  3305  4513 11315 
 964.35  3310  4588 11694.5 
 964.4  3315  4664 11715.5 
 964.44  3320  4739 12116.5 
 964.49  3325  4814 12128.75 
 964.54  3330  4890 11998.5 
 964.59  3335  4965 10945.5 
 964.64  3340  5041 11541.25 
 964.69  3345  5117 12408.5 
 964.74  3350  5193 11814 
 964.79  3355  5269 13086.5 
 964.84  3360  5345 9181.75 
 964.89  3365  5421 11298 
 964.94  3370  5498 9149.75 
 965  3375  5574 11812.25 
 965.05  3380  5651 10844.75 
 965.09  3385  5728 12464.75 
 965.14  3390  5805 11794.5 
 965.19  3395  5882 11967 
 965.24  3400  5959 13597 
 965.29  3405  6036 11577 
 965.35  3410  6113 11251 
 965.4  3415  6190 10996.25 
 965.45  3420  6268 12982.75 
 965.49  3425  6346 12222.5 
 965.54  3430  6423 13250.5 
 965.59  3435  6501 12453.25 
 965.64  3440  6579 8648 
 965.7  3445  6658 8820.5 
 965.74  3450  6736 10985.25 
 965.79  3455  6814 10878.5 
 965.84  3460  6893 9752.75 
 965.89  3465  6971 10454.25 
 965.94  3470  7050 11381.5 
 966  3475  7129 9923.75 
 966.05  3480  7208 11452.25 
 966.1  3485  7287 10001 
 966.14  3490  7367 9518.5 
 966.19  3495  7446 9851.25 
 966.25  3500  7526 11951.25 
 966.29  3505  7605 12637.25 
 966.34  3510  7685 11196 
 966.4  3515  7765 10758 
 966.45  3520  7845 11459.5 
 966.5  3525  7925 8755.5 
 966.55  3530  8006 11003.5 
 966.6  3535  8086 11526.5 
 966.64  3540  8167 11850 
 966.69  3545  8248 11887.5 
 966.74  3550  8329 11814.75 
 966.79  3555  8410 10401 
 966.84  3560  8491 10816.5 
 966.89  3565  8572 9143.25 
 966.94  3570  8654 7441 
 966.99  3575  8736 9012.5 
 967.05  3580  8818 6923.5 
 967.1  3585  8900 5904.5 
 967.15  3590  8982 8216.75 
 967.2  3595  9064 10099.5 
 967.25  3600  9146 10659.5 
 967.3  3605  9229 8274.25 
 967.34  3610  9312 7428.25 
 967.39  3615  9395 8547.75 
 967.45  3620  9478 7035.5 
 967.49  3625  9561 9606 
 967.55  3630  9645 8261 
end
uaIntegration time is 0.2294 seconds per sampledt  2.7E-08 cy 1dh190619El Arenosillo 37.1 6.73 3.5pr1000dark 1.25 
 1020.02  2900  722 29 
 1020.08  2905  789 29 
 1020.13  2910  857 35 
 1020.18  2915  924 33.5 
 1020.23  2920  992 27.75 
 1020.28  2925  1060 33.75 
 1020.33  2930  1127 29.5 
 1020.38  2935  1195 35 
 1020.43  2940  1263 33.25 
 1020.48  2945  1331 36 
 1020.53  2950  1399 35.5 
 1020.58  2955  1468 27 
 1020.63  2960  1536 39.5 
 1020.68  2965  1604 33.25 
 1020.73  2970  1672 37.5 
 1020.78  2975  1741 39.75 
 1020.83  2980  1809 46.5 
 1020.88  2985  1878 51 
 1020.93  2990  1946 67 
 1020.98  2995  2015 83.25 
 1021.03  3000  2084 95.5 
 1021.08  3005  2153 114.5 
 1021.13  3010  2221 184.25 
 1021.18  3015  2290 242.75 
 1021.23  3020  2359 251 
 1021.28  3025  2428 426.25 
 1021.33  3030  2498 708.25 
 1021.38  3035  2567 902.75 
 1021.43  3040  2636 913.75 
 1021.48  3045  2705 1262.75 
 1021.53  3050  2775 1816.5 
 1021.58  3055  2844 1986.5 
 1021.63  3060  2914 1984.5 
 1021.68  3065  2984 2532.5 
 1021.73  3070  3053 3593.75 
 1021.78  3075  3123 4336 
 1021.83  3080  3193 4782.5 
 1021.88  3085  3263 5499.75 
 1021.93  3090  3333 4957.75 
 1021.98  3095  3403 5881 
 1022.03  3100  3473 6099 
 1022.08  3105  3544 9663.75 
 1022.13  3110  3614 11642.25 
 1022.18  3115  3684 11441.5 
 1022.23  3120  3755 11250.75 
 1022.28  3125  3826 13236.75 
 1022.33  3130  3896 13925.25 
 1022.38  3135  3967 13779.75 
 1022.43  3140  4038 16164.75 
 1022.48  3145  4109 14116.25 
 1022.53  3150  4180 17742.25 
 1022.58  3155  4251 14792.5 
 1022.63  3160  4322 12723.75 
 1022.68  3165  4393 17197.75 
 1022.73  3170  4465 20490.5 
 1022.78  3175  4536 20154.75 
 1022.83  3180  4607 15061.5 
 1022.88  3185  4679 18123.5 
 1022.93  3190  4751 18456 
 1022.98  3195  4822 15371.75 
 1023.03  3200  4894 17737.25 
 1023.08  3205  4966 20105 
 1023.13  3210  5038 16229.75 
 1023.18  3215  5110 15249.25 
 1023.23  3220  5183 15398 
 1023.28  3225  5255 12123.5 
 1023.33  3230  5327 11453.5 
 1023.38  3235  5400 12466.25 
 1023.43  3240  5472 13292 
 1023.48  3245  5545 12254.75 
 1023.53  3250  5618 10312.75 
 1023.82  3255  3767 5854.75 
 1023.85  3260  3842 6923.5 
 1023.89  3265  3916 7351.75 
 1023.94  3270  3990 7324.25 
 1023.99  3275  4065 6483.75 
 1024.05  3280  4139 5758.25 
 1024.09  3285  4214 6279.25 
 1024.14  3290  4288 7361 
 1024.19  3295  4363 8781.25 
 1024.24  3300  4438 9174.25 
 1024.29  3305  4513 7366.75 
 1024.34  3310  4588 7645 
 1024.39  3315  4664 7654.25 
 1024.44  3320  4739 7986 
 1024.49  3325  4814 8060.75 
 1024.54  3330  4890 7948.5 
 1024.6  3335  4965 7165.75 
 1024.65  3340  5041 7522.5 
 1024.69  3345  5117 8306 
 1024.74  3350  5193 7961.5 
 1024.79  3355  5269 8709.25 
 1024.84  3360  5345 5982 
 1024.9  3365  5421 7423.5 
 1024.94  3370  5498 5973.25 
 1024.99  3375  5574 7707.75 
 1025.04  3380  5651 7042.75 
 1025.09  3385  5728 8108.25 
 1025.14  3390  5805 7701.75 
 1025.19  3395  5882 7772 
 1025.25  3400  5959 8988.5 
 1025.3  3405  6036 7987.5 
 1025.34  3410  6113 7703 
 1025.39  3415  6190 7259.5 
 1025.44  3420  6268 8311.5 
 1025.49  3425  6346 7842.25 
 1025.54  3430  6423 8517 
 1025.59  3435  6501 7956.5 
 1025.64  3440  6579 5600.75 
 1025.69  3445  6658 6068.25 
 1025.74  3450  6736 7742 
 1025.79  3455  6814 7813 
 1025.84  3460  6893 6678.25 
 1025.9  3465  6971 7518.75 
 1025.95  3470  7050 8001.5 
 1025.99  3475  7129 6278.75 
 1026.04  3480  7208 7323.75 
 1026.09  3485  7287 6784.75 
 1026.14  3490  7367 5642.5 
 1026.19  3495  7446 6376.75 
 1026.24  3500  7526 8052.5 
 1026.3  3505  7605 8305.5 
 1026.35  3510  7685 7312.25 
 1026.39  3515  7765 7127.5 
 1026.44  3520  7845 7615.5 
 1026.49  3525  7925 5693.5 
 1026.54  3530  8006 6737.25 
 1026.59  3535  8086 6746.5 
 1026.64  3540  8167 7044.75 
 1026.7  3545  8248 7906.25 
 1026.75  3550  8329 7816.25 
 1026.79  3555  8410 6673.25 
 1026.85  3560  8491 7195 
 1026.89  3565  8572 6095.5 
 1026.95  3570  8654 4965 
 1027  3575  8736 6016.75 
 1027.04  3580  8818 4522.5 
 1027.1  3585  8900 3945.5 
 1027.15  3590  8982 5385 
 1027.19  3595  9064 6663.25 
 1027.24  3600  9146 7023 
 1027.29  3605  9229 4599.25 
 1027.35  3610  9312 4166.25 
 1027.39  3615  9395 4899 
 1027.45  3620  9478 4556.5 
 1027.5  3625  9561 6317.25 
 1027.55  3630  9645 5534.25 
end
uxIntegration time is 0.2294 seconds per sampledt  2.7E-08 cy 1dh190619El Arenosillo 37.1 6.73 3.25pr1000dark 1.5 
 1179.38  2900  722 .75 
 1179.42  2905  789 1 
 1179.46  2910  857 1.25 
 1179.5  2915  924 1 
 1179.54  2920  992 .75 
 1179.58  2925  1060 1 
 1179.62  2930  1127 .75 
 1179.66  2935  1195 .75 
 1179.7  2940  1263 3.75 
 1179.74  2945  1331 .75 
 1179.78  2950  1399 .75 
 1179.82  2955  1468 .5 
 1179.85  2960  1536 1.25 
 1179.89  2965  1604 1 
 1179.93  2970  1672 .75 
 1179.97  2975  1741 1.25 
 1180.01  2980  1809 1.25 
 1180.05  2985  1878 1.25 
 1180.09  2990  1946 1.25 
 1180.13  2995  2015 1.5 
 1180.16  3000  2084 1.5 
 1180.19  3005  2153 2 
 1180.22  3010  2221 1.5 
 1180.25  3015  2290 3 
 1180.28  3020  2359 4 
 1180.31  3025  2428 3 
 1180.34  3030  2498 4.5 
 1180.37  3035  2567 4 
 1180.41  3040  2636 4 
 1180.44  3045  2705 6 
 1180.47  3050  2775 7.5 
 1180.5  3055  2844 7 
 1180.53  3060  2914 7.5 
 1180.56  3065  2984 8 
 1180.59  3070  3053 14.5 
 1180.62  3075  3123 15.5 
 1180.65  3080  3193 17 
 1180.68  3085  3263 20 
 1180.71  3090  3333 17 
 1180.74  3095  3403 21 
 1180.77  3100  3473 21 
 1180.8  3105  3544 34 
 1180.83  3110  3614 43.5 
 1180.86  3115  3684 39 
 1180.89  3120  3755 40 
 1180.93  3125  3826 49 
 1180.96  3130  3896 53 
 1180.99  3135  3967 53 
 1181.02  3140  4038 65.5 
 1181.05  3145  4109 69.5 
 1181.08  3150  4180 82.5 
 1181.11  3155  4251 66 
 1181.14  3160  4322 72 
 1181.17  3165  4393 109 
 1181.2  3170  4465 110.5 
 1181.23  3175  4536 105.5 
 1181.26  3180  4607 92.5 
 1181.29  3185  4679 126.5 
 1181.32  3190  4751 155 
 1181.35  3195  4822 103.5 
 1181.38  3200  4894 117.5 
 1181.41  3205  4966 167 
 1181.45  3210  5038 169 
 1181.48  3215  5110 170 
 1181.51  3220  5183 138.5 
 1181.54  3225  5255 100.5 
 1181.57  3230  5327 129.5 
 1181.6  3235  5400 180 
 1181.63  3240  5472 198 
 1181.66  3245  5545 161 
 1181.69  3250  5618 112.5 
 1181.96  3255  3767 76 
 1181.99  3260  3842 111 
 1182.02  3265  3916 132 
 1182.05  3270  3990 133 
 1182.08  3275  4065 106.5 
 1182.11  3280  4139 86 
 1182.14  3285  4214 115 
 1182.18  3290  4288 164 
 1182.21  3295  4363 187 
 1182.24  3300  4438 189.5 
 1182.27  3305  4513 130.5 
 1182.3  3310  4588 133.5 
 1182.33  3315  4664 145.5 
 1182.36  3320  4739 179 
 1182.39  3325  4814 200.5 
 1182.42  3330  4890 177.5 
 1182.45  3335  4965 145 
 1182.48  3340  5041 162 
 1182.51  3345  5117 193.5 
 1182.55  3350  5193 193 
 1182.58  3355  5269 229 
 1182.61  3360  5345 157 
 1182.64  3365  5421 175 
 1182.67  3370  5498 130 
 1182.7  3375  5574 173.5 
 1182.73  3380  5651 177 
 1182.76  3385  5728 207.5 
 1182.8  3390  5805 204.5 
 1182.83  3395  5882 206 
 1182.86  3400  5959 211.5 
 1182.89  3405  6036 206 
 1182.92  3410  6113 201 
 1182.95  3415  6190 194.5 
 1182.98  3420  6268 231.5 
 1183.01  3425  6346 216.5 
 1183.04  3430  6423 236.5 
 1183.08  3435  6501 198.5 
 1183.11  3440  6579 141 
 1183.14  3445  6658 162 
 1183.17  3450  6736 194.5 
 1183.2  3455  6814 198.5 
 1183.23  3460  6893 180 
 1183.26  3465  6971 202.5 
 1183.3  3470  7050 204.5 
 1183.33  3475  7129 162 
 1183.36  3480  7208 192 
 1183.39  3485  7287 197 
 1183.43  3490  7367 169 
 1183.46  3495  7446 176.5 
 1183.49  3500  7526 217 
 1183.52  3505  7605 222.5 
 1183.55  3510  7685 196 
 1183.58  3515  7765 180 
 1183.61  3520  7845 186.5 
 1183.65  3525  7925 152.5 
 1183.68  3530  8006 180.5 
 1183.71  3535  8086 197 
 1183.74  3540  8167 213.5 
 1183.77  3545  8248 200 
 1183.8  3550  8329 202 
 1183.84  3555  8410 176 
 1183.87  3560  8491 181.5 
 1183.9  3565  8572 161 
 1183.93  3570  8654 129 
 1183.97  3575  8736 155.5 
 1184  3580  8818 118.5 
 1184.03  3585  8900 98 
 1184.06  3590  8982 139 
 1184.09  3595  9064 164.5 
 1184.13  3600  9146 161 
 1184.16  3605  9229 147 
 1184.19  3610  9312 126.5 
 1184.22  3615  9395 144.5 
 1184.26  3620  9478 114.5 
 1184.29  3625  9561 155.5 
 1184.32  3630  9645 129.5 
end
