uxIntegration time is 0.2294 seconds per sampledt  2.7E-08 cy 1dh220619El Arenosillo 37.1 6.73 2.94pr1000dark .55 
 302.57  2900  722 .75 
 302.61  2905  789 .5 
 302.65  2910  857 .5 
 302.69  2915  924 .75 
 302.73  2920  992 .5 
 302.77  2925  1060 1 
 302.81  2930  1127 .5 
 302.85  2935  1195 1 
 302.89  2940  1263 .25 
 302.93  2945  1331 .75 
 302.96  2950  1399 .5 
 303  2955  1468 .75 
 303.04  2960  1536 .5 
 303.08  2965  1604 .25 
 303.12  2970  1672 1 
 303.16  2975  1741 1 
 303.2  2980  1809 1 
 303.24  2985  1878 .5 
 303.28  2990  1946 .75 
 303.32  2995  2015 .5 
 303.35  3000  2084 .5 
 303.38  3005  2153 1 
 303.41  3010  2221 1.5 
 303.44  3015  2290 1.5 
 303.47  3020  2359 1.5 
 303.5  3025  2428 1.5 
 303.53  3030  2498 2.5 
 303.56  3035  2567 2 
 303.59  3040  2636 3 
 303.62  3045  2705 3 
 303.66  3050  2775 3.5 
 303.69  3055  2844 4.5 
 303.72  3060  2914 5 
 303.75  3065  2984 4.5 
 303.78  3070  3053 7 
 303.81  3075  3123 8 
 303.84  3080  3193 9 
 303.87  3085  3263 8 
 303.9  3090  3333 8.5 
 303.93  3095  3403 11 
 303.96  3100  3473 10.5 
 303.99  3105  3544 16 
 304.02  3110  3614 22 
 304.05  3115  3684 20 
 304.08  3120  3755 24 
 304.11  3125  3826 28 
 304.14  3130  3896 29 
 304.17  3135  3967 24.5 
 304.2  3140  4038 33 
 304.23  3145  4109 34.5 
 304.27  3150  4180 45.5 
 304.3  3155  4251 40 
 304.33  3160  4322 36.5 
 304.36  3165  4393 46.5 
 304.39  3170  4465 51.5 
 304.42  3175  4536 47.5 
 304.45  3180  4607 41.5 
 304.48  3185  4679 70 
 304.51  3190  4751 61 
 304.54  3195  4822 52.5 
 304.57  3200  4894 57 
 304.6  3205  4966 80 
 304.63  3210  5038 71 
 304.66  3215  5110 71 
 304.69  3220  5183 55 
 304.72  3225  5255 42.5 
 304.75  3230  5327 54.5 
 304.79  3235  5400 73 
 304.82  3240  5472 78.5 
 304.85  3245  5545 63 
 304.88  3250  5618 50 
 305.15  3255  3767 32 
 305.18  3260  3842 46 
 305.21  3265  3916 62.5 
 305.24  3270  3990 59 
 305.27  3275  4065 48.5 
 305.3  3280  4139 41.5 
 305.33  3285  4214 52 
 305.36  3290  4288 80.5 
 305.39  3295  4363 99.5 
 305.42  3300  4438 95 
 305.45  3305  4513 68 
 305.49  3310  4588 70 
 305.52  3315  4664 68 
 305.55  3320  4739 91.5 
 305.58  3325  4814 104.5 
 305.61  3330  4890 105 
 305.64  3335  4965 73 
 305.67  3340  5041 79 
 305.7  3345  5117 92 
 305.73  3350  5193 105 
 305.76  3355  5269 126.5 
 305.79  3360  5345 74 
 305.82  3365  5421 103 
 305.86  3370  5498 73.5 
 305.89  3375  5574 91 
 305.92  3380  5651 94 
 305.95  3385  5728 127.5 
 305.98  3390  5805 115 
 306.01  3395  5882 116 
 306.04  3400  5959 125.5 
 306.07  3405  6036 113 
 306.11  3410  6113 112.5 
 306.14  3415  6190 112.5 
 306.17  3420  6268 134 
 306.2  3425  6346 127 
 306.23  3430  6423 132 
 306.26  3435  6501 118 
 306.29  3440  6579 79 
 306.32  3445  6658 107.5 
 306.35  3450  6736 127 
 306.39  3455  6814 117.5 
 306.42  3460  6893 103 
 306.45  3465  6971 124.5 
 306.48  3470  7050 125 
 306.51  3475  7129 102 
 306.55  3480  7208 124 
 306.58  3485  7287 119.5 
 306.61  3490  7367 112 
 306.64  3495  7446 115 
 306.67  3500  7526 131.5 
 306.71  3505  7605 136 
 306.74  3510  7685 126 
 306.77  3515  7765 128 
 306.8  3520  7845 126 
 306.84  3525  7925 105.5 
 306.87  3530  8006 120.5 
 306.9  3535  8086 144.5 
 306.93  3540  8167 139 
 306.96  3545  8248 130 
 306.99  3550  8329 132 
 307.03  3555  8410 132 
 307.06  3560  8491 128 
 307.09  3565  8572 112 
 307.12  3570  8654 94 
 307.16  3575  8736 106 
 307.19  3580  8818 83.5 
 307.22  3585  8900 72 
 307.25  3590  8982 105 
 307.28  3595  9064 122.5 
 307.32  3600  9146 126.5 
 307.35  3605  9229 98.5 
 307.38  3610  9312 89 
 307.41  3615  9395 102.5 
 307.44  3620  9478 104.5 
 307.48  3625  9561 113.5 
 307.51  3630  9645 101.5 
end
uxIntegration time is 0.2294 seconds per sampledt  2.7E-08 cy 1dh220619El Arenosillo 37.1 6.73 3.23pr1000dark 1.15 
 479.27  2900  722 38.25 
 479.31  2905  789 35.25 
 479.34  2910  857 43 
 479.38  2915  924 44 
 479.42  2920  992 39.25 
 479.46  2925  1060 37 
 479.5  2930  1127 38 
 479.54  2935  1195 39 
 479.58  2940  1263 39 
 479.62  2945  1331 41 
 479.66  2950  1399 40.25 
 479.7  2955  1468 40 
 479.74  2960  1536 43.25 
 479.78  2965  1604 44.75 
 479.81  2970  1672 46.25 
 479.85  2975  1741 52.25 
 479.89  2980  1809 59 
 479.93  2985  1878 67.5 
 479.97  2990  1946 87.25 
 480.01  2995  2015 113.25 
 480.04  3000  2084 133 
 480.07  3005  2153 165 
 480.1  3010  2221 257 
 480.13  3015  2290 344 
 480.16  3020  2359 328.5 
 480.2  3025  2428 585.5 
 480.23  3030  2498 995 
 480.26  3035  2567 1269.5 
 480.29  3040  2636 1262 
 480.32  3045  2705 1744.5 
 480.35  3050  2775 2590.5 
 480.38  3055  2844 2752.5 
 480.41  3060  2914 2771 
 480.44  3065  2984 3392.5 
 480.47  3070  3053 4846 
 480.5  3075  3123 5964.5 
 480.53  3080  3193 6377 
 480.56  3085  3263 7286.5 
 480.59  3090  3333 6591 
 480.62  3095  3403 7610.5 
 480.65  3100  3473 7907.5 
 480.68  3105  3544 12566.5 
 480.72  3110  3614 15060.5 
 480.75  3115  3684 14659 
 480.78  3120  3755 14378.5 
 480.81  3125  3826 16887.5 
 480.84  3130  3896 17654 
 480.87  3135  3967 17753.5 
 480.9  3140  4038 20358 
 480.93  3145  4109 17961.5 
 480.96  3150  4180 22515 
 480.99  3155  4251 18550.5 
 481.02  3160  4322 16254 
 481.05  3165  4393 21865.5 
 481.08  3170  4465 25725 
 481.11  3175  4536 25007 
 481.15  3180  4607 18882.5 
 481.18  3185  4679 22910 
 481.21  3190  4751 23456.5 
 481.24  3195  4822 20120 
 481.27  3200  4894 22705 
 481.3  3205  4966 25219 
 481.33  3210  5038 19993.5 
 481.36  3215  5110 19083.5 
 481.39  3220  5183 19079.5 
 481.42  3225  5255 14972.5 
 481.45  3230  5327 14494.5 
 481.48  3235  5400 15437 
 481.51  3240  5472 16442.5 
 481.54  3245  5545 15127.5 
 481.57  3250  5618 12813.5 
 481.84  3255  3767 8004 
 481.88  3260  3842 9416 
 481.91  3265  3916 9449 
 481.94  3270  3990 9404 
 481.97  3275  4065 9107.5 
 482  3280  4139 8409.5 
 482.03  3285  4214 8470.5 
 482.06  3290  4288 10034.5 
 482.09  3295  4363 11240.5 
 482.12  3300  4438 11332.5 
 482.15  3305  4513 9242.5 
 482.18  3310  4588 9462 
 482.21  3315  4664 9683.5 
 482.24  3320  4739 9991 
 482.27  3325  4814 10028.5 
 482.3  3330  4890 9952.5 
 482.33  3335  4965 8954.5 
 482.37  3340  5041 9531 
 482.4  3345  5117 10537.5 
 482.43  3350  5193 10137 
 482.46  3355  5269 10982 
 482.49  3360  5345 7579 
 482.52  3365  5421 9418 
 482.55  3370  5498 7596 
 482.58  3375  5574 9841 
 482.61  3380  5651 8951 
 482.64  3385  5728 10352 
 482.68  3390  5805 9789 
 482.71  3395  5882 9905 
 482.74  3400  5959 11471.5 
 482.77  3405  6036 10152.5 
 482.8  3410  6113 9836.5 
 482.83  3415  6190 9311 
 482.86  3420  6268 10724.5 
 482.9  3425  6346 10100 
 482.93  3430  6423 10853.5 
 482.96  3435  6501 10097.5 
 482.99  3440  6579 7088 
 483.02  3445  6658 7962.5 
 483.05  3450  6736 10128.5 
 483.08  3455  6814 9929 
 483.12  3460  6893 8630.5 
 483.15  3465  6971 9642 
 483.18  3470  7050 10219 
 483.21  3475  7129 8074 
 483.24  3480  7208 9373 
 483.28  3485  7287 9290.5 
 483.31  3490  7367 8353 
 483.34  3495  7446 8483 
 483.37  3500  7526 10428.5 
 483.4  3505  7605 10667.5 
 483.44  3510  7685 9395 
 483.47  3515  7765 9204 
 483.5  3520  7845 9604.5 
 483.53  3525  7925 7513 
 483.56  3530  8006 9395 
 483.6  3535  8086 9911.5 
 483.63  3540  8167 10171 
 483.66  3545  8248 10213 
 483.69  3550  8329 10058 
 483.72  3555  8410 9012.5 
 483.76  3560  8491 9255.5 
 483.79  3565  8572 7733 
 483.82  3570  8654 6444.5 
 483.85  3575  8736 7775.5 
 483.88  3580  8818 5990 
 483.92  3585  8900 5138 
 483.95  3590  8982 7186 
 483.98  3595  9064 8747.5 
 484.01  3600  9146 9125 
 484.04  3605  9229 7014 
 484.08  3610  9312 6409 
 484.11  3615  9395 7318 
 484.14  3620  9478 6084 
 484.17  3625  9561 8317 
 484.2  3630  9645 7167.5 
end
uxIntegration time is 0.2294 seconds per sampledt  2.7E-08 cy 1dh220619El Arenosillo 37.1 6.73 3.45pr1000dark 4.45 
 539.26  2900  722 67 
 539.3  2905  789 69 
 539.34  2910  857 68 
 539.38  2915  924 67.25 
 539.42  2920  992 72.75 
 539.46  2925  1060 68.5 
 539.5  2930  1127 69.75 
 539.54  2935  1195 72.5 
 539.58  2940  1263 70.5 
 539.62  2945  1331 76.25 
 539.65  2950  1399 80 
 539.69  2955  1468 95.25 
 539.73  2960  1536 102.5 
 539.77  2965  1604 106.25 
 539.81  2970  1672 121.25 
 539.85  2975  1741 172 
 539.89  2980  1809 206.5 
 539.93  2985  1878 220 
 539.97  2990  1946 350.75 
 540.01  2995  2015 480.75 
 540.04  3000  2084 486 
 540.07  3005  2153 643.5 
 540.1  3010  2221 1010.5 
 540.13  3015  2290 1346.5 
 540.16  3020  2359 1227.5 
 540.19  3025  2428 2176 
 540.22  3030  2498 3453 
 540.25  3035  2567 4105 
 540.28  3040  2636 4023.5 
 540.31  3045  2705 5394 
 540.34  3050  2775 7405.5 
 540.37  3055  2844 7610 
 540.41  3060  2914 7604.5 
 540.44  3065  2984 8956.5 
 540.47  3070  3053 12205 
 540.5  3075  3123 14348.5 
 540.53  3080  3193 15294.5 
 540.56  3085  3263 16976 
 540.59  3090  3333 14955.5 
 540.62  3095  3403 16652.5 
 540.65  3100  3473 16819.5 
 540.68  3105  3544 26373 
 540.71  3110  3614 31299 
 540.74  3115  3684 29943 
 540.77  3120  3755 28573.5 
 540.8  3125  3826 32773.5 
 540.83  3130  3896 33760 
 540.86  3135  3967 34150.5 
 540.89  3140  4038 38263 
 540.92  3145  4109 32924 
 540.96  3150  4180 40669 
 540.99  3155  4251 33593 
 541.02  3160  4322 28910.5 
 541.05  3165  4393 38173.5 
 541.08  3170  4465 45076 
 541.11  3175  4536 43858 
 541.14  3180  4607 32446.5 
 541.17  3185  4679 38761 
 541.2  3190  4751 38970 
 541.23  3195  4822 34222 
 541.26  3200  4894 38735 
 541.29  3205  4966 41868.5 
 541.32  3210  5038 32534.5 
 541.35  3215  5110 31135.5 
 541.38  3220  5183 31513 
 541.41  3225  5255 24845 
 541.45  3230  5327 23689.5 
 541.48  3235  5400 24870 
 541.51  3240  5472 26342.5 
 541.54  3245  5545 24291 
 541.57  3250  5618 20920.5 
 541.84  3255  3767 12958 
 541.87  3260  3842 14929.5 
 541.9  3265  3916 14848 
 541.93  3270  3990 14867.5 
 541.96  3275  4065 14409 
 541.99  3280  4139 13501 
 542.02  3285  4214 13472 
 542.05  3290  4288 15992 
 542.09  3295  4363 17683.5 
 542.12  3300  4438 17757 
 542.15  3305  4513 14599 
 542.18  3310  4588 15166.5 
 542.21  3315  4664 15217 
 542.24  3320  4739 15583.5 
 542.27  3325  4814 15679 
 542.3  3330  4890 15575.5 
 542.33  3335  4965 14028 
 542.36  3340  5041 14993 
 542.39  3345  5117 16282.5 
 542.42  3350  5193 15795 
 542.46  3355  5269 17077.5 
 542.49  3360  5345 11675.5 
 542.52  3365  5421 14618.5 
 542.55  3370  5498 11864.5 
 542.58  3375  5574 15390 
 542.61  3380  5651 13925.5 
 542.64  3385  5728 16153.5 
 542.67  3390  5805 15133 
 542.7  3395  5882 15657.5 
 542.73  3400  5959 17895.5 
 542.77  3405  6036 15670 
 542.8  3410  6113 15312 
 542.83  3415  6190 14462 
 542.86  3420  6268 16617 
 542.89  3425  6346 15663.5 
 542.93  3430  6423 16775.5 
 542.96  3435  6501 15658.5 
 542.99  3440  6579 10902 
 543.02  3445  6658 12306 
 543.05  3450  6736 15533 
 543.09  3455  6814 15369.5 
 543.12  3460  6893 13112.5 
 543.15  3465  6971 14827 
 543.18  3470  7050 15529 
 543.21  3475  7129 12258.5 
 543.25  3480  7208 14495.5 
 543.28  3485  7287 14262.5 
 543.31  3490  7367 12870.5 
 543.34  3495  7446 12969 
 543.37  3500  7526 15965 
 543.4  3505  7605 16318.5 
 543.44  3510  7685 14426.5 
 543.47  3515  7765 14049 
 543.5  3520  7845 14736 
 543.53  3525  7925 11530.5 
 543.57  3530  8006 14470 
 543.6  3535  8086 15225 
 543.63  3540  8167 15546 
 543.66  3545  8248 15667.5 
 543.69  3550  8329 15370 
 543.73  3555  8410 13703.5 
 543.76  3560  8491 14235.5 
 543.79  3565  8572 11891.5 
 543.82  3570  8654 9825.5 
 543.85  3575  8736 11953.5 
 543.89  3580  8818 9076.5 
 543.92  3585  8900 7776 
 543.95  3590  8982 10993 
 543.98  3595  9064 13313 
 544.01  3600  9146 13867.5 
 544.05  3605  9229 10736 
 544.08  3610  9312 9733.5 
 544.11  3615  9395 11061.5 
 544.14  3620  9478 9233 
 544.18  3625  9561 12654.5 
 544.21  3630  9645 10701 
end
uxIntegration time is 0.2294 seconds per sampledt  2.7E-08 cy 1dh220619El Arenosillo 37.1 6.73 3.7pr1000dark 3.6 
 721.49  2900  722 121 
 721.53  2905  789 123.75 
 721.57  2910  857 128.25 
 721.61  2915  924 130 
 721.65  2920  992 143.25 
 721.69  2925  1060 140.25 
 721.72  2930  1127 143.75 
 721.76  2935  1195 164.25 
 721.8  2940  1263 176.75 
 721.84  2945  1331 198.25 
 721.88  2950  1399 229.75 
 721.92  2955  1468 321 
 721.96  2960  1536 436.5 
 722  2965  1604 476.5 
 722.04  2970  1672 562 
 722.08  2975  1741 994.75 
 722.12  2980  1809 1183.5 
 722.16  2985  1878 1131.75 
 722.2  2990  1946 1925.25 
 722.24  2995  2015 2459.5 
 722.27  3000  2084 2394.5 
 722.3  3005  2153 2977 
 722.33  3010  2221 4415 
 722.36  3015  2290 5590 
 722.39  3020  2359 4801 
 722.42  3025  2428 8059.5 
 722.45  3030  2498 12002.5 
 722.48  3035  2567 13849.5 
 722.51  3040  2636 12978 
 722.54  3045  2705 16414.5 
 722.57  3050  2775 20845.5 
 722.6  3055  2844 21007.5 
 722.63  3060  2914 20167.5 
 722.66  3065  2984 23317 
 722.69  3070  3053 29839.5 
 722.73  3075  3123 33788 
 722.76  3080  3193 35082 
 722.79  3085  3263 38445 
 722.82  3090  3333 32882 
 722.85  3095  3403 34750.5 
 722.88  3100  3473 34399 
 722.91  3105  3544 52592 
 722.94  3110  3614 61166.5 
 722.97  3115  3684 58125.5 
 723  3120  3755 53625 
 723.03  3125  3826 60327 
 723.06  3130  3896 61406.5 
 723.09  3135  3967 62021 
 723.12  3140  4038 68440.5 
 723.15  3145  4109 57064.5 
 723.18  3150  4180 69965 
 723.21  3155  4251 58481.5 
 723.25  3160  4322 48691 
 723.28  3165  4393 63643 
 723.31  3170  4465 75131 
 723.34  3175  4536 72721 
 723.37  3180  4607 53273 
 723.4  3185  4679 62142.5 
 723.43  3190  4751 62266 
 723.46  3195  4822 55194 
 723.49  3200  4894 62461 
 723.52  3205  4966 66009.5 
 723.55  3210  5038 50467 
 723.58  3215  5110 48236.5 
 723.61  3220  5183 50093 
 723.64  3225  5255 39276 
 723.67  3230  5327 37226 
 723.7  3235  5400 38119 
 723.73  3240  5472 40197 
 723.77  3245  5545 37260.5 
 723.8  3250  5618 32652.5 
 724.07  3255  3767 19890.5 
 724.1  3260  3842 22672 
 724.13  3265  3916 22258 
 724.16  3270  3990 22528 
 724.19  3275  4065 21767 
 724.22  3280  4139 20697 
 724.25  3285  4214 20341 
 724.28  3290  4288 23856 
 724.31  3295  4363 26161.5 
 724.34  3300  4438 26576 
 724.37  3305  4513 21922 
 724.4  3310  4588 22748.5 
 724.43  3315  4664 22648 
 724.47  3320  4739 23084.5 
 724.5  3325  4814 23028.5 
 724.53  3330  4890 22954.5 
 724.56  3335  4965 20929 
 724.59  3340  5041 22280.5 
 724.62  3345  5117 24092 
 724.65  3350  5193 23125.5 
 724.68  3355  5269 25061 
 724.71  3360  5345 17154 
 724.74  3365  5421 21466.5 
 724.77  3370  5498 17358.5 
 724.81  3375  5574 22459 
 724.84  3380  5651 20343 
 724.87  3385  5728 23254.5 
 724.9  3390  5805 22228.5 
 724.93  3395  5882 22687.5 
 724.96  3400  5959 26158 
 724.99  3405  6036 22921.5 
 725.02  3410  6113 22113.5 
 725.05  3415  6190 20842.5 
 725.09  3420  6268 24112 
 725.12  3425  6346 22756 
 725.15  3430  6423 24395 
 725.18  3435  6501 22710 
 725.22  3440  6579 16050 
 725.25  3445  6658 17682 
 725.28  3450  6736 22524 
 725.31  3455  6814 22367.5 
 725.34  3460  6893 19052.5 
 725.37  3465  6971 21488 
 725.4  3470  7050 22804 
 725.44  3475  7129 17921 
 725.47  3480  7208 20943.5 
 725.5  3485  7287 20718 
 725.53  3490  7367 18594 
 725.56  3495  7446 18797 
 725.6  3500  7526 23043 
 725.63  3505  7605 23532 
 725.66  3510  7685 20845.5 
 725.69  3515  7765 20344 
 725.72  3520  7845 21026 
 725.76  3525  7925 16531 
 725.79  3530  8006 20839.5 
 725.82  3535  8086 21970 
 725.85  3540  8167 22368 
 725.88  3545  8248 22538 
 725.92  3550  8329 22203 
 725.95  3555  8410 19809 
 725.98  3560  8491 20602 
 726.01  3565  8572 16953 
 726.04  3570  8654 14289 
 726.08  3575  8736 17259 
 726.11  3580  8818 13052 
 726.14  3585  8900 11270.5 
 726.17  3590  8982 15987 
 726.21  3595  9064 19334 
 726.24  3600  9146 19999.5 
 726.27  3605  9229 15354.5 
 726.3  3610  9312 14122 
 726.33  3615  9395 15967 
 726.36  3620  9478 13316 
 726.4  3625  9561 18124.5 
 726.43  3630  9645 15408 
end
uxIntegration time is 0.2294 seconds per sampledt  2.7E-08 cy 1dh220619El Arenosillo 37.1 6.73 3.7pr1000dark 18.75 
 778.68  2900  722 129.25 
 778.71  2905  789 133 
 778.75  2910  857 131.5 
 778.79  2915  924 136.25 
 778.83  2920  992 136.75 
 778.87  2925  1060 140 
 778.91  2930  1127 148.75 
 778.95  2935  1195 159.5 
 778.99  2940  1263 174.25 
 779.03  2945  1331 199 
 779.07  2950  1399 229.25 
 779.11  2955  1468 320.25 
 779.15  2960  1536 427.5 
 779.19  2965  1604 453.25 
 779.23  2970  1672 551.75 
 779.27  2975  1741 961.75 
 779.31  2980  1809 1139.5 
 779.34  2985  1878 1123.5 
 779.38  2990  1946 1890 
 779.42  2995  2015 2400.75 
 779.45  3000  2084 2381 
 779.48  3005  2153 2962 
 779.51  3010  2221 4360 
 779.55  3015  2290 5554.5 
 779.58  3020  2359 4782.5 
 779.61  3025  2428 7987 
 779.64  3030  2498 11942 
 779.67  3035  2567 13675.5 
 779.7  3040  2636 12804.5 
 779.73  3045  2705 16374 
 779.76  3050  2775 20933 
 779.79  3055  2844 20973 
 779.82  3060  2914 20181 
 779.85  3065  2984 23214.5 
 779.88  3070  3053 29691.5 
 779.91  3075  3123 33753.5 
 779.94  3080  3193 35156 
 779.97  3085  3263 38601.5 
 780  3090  3333 33158.5 
 780.03  3095  3403 35124.5 
 780.07  3100  3473 34731.5 
 780.1  3105  3544 53457.5 
 780.13  3110  3614 61985.5 
 780.16  3115  3684 58928.5 
 780.19  3120  3755 54323.5 
 780.22  3125  3826 60820.5 
 780.25  3130  3896 62021 
 780.28  3135  3967 62472 
 780.31  3140  4038 68926 
 780.34  3145  4109 57326.5 
 780.37  3150  4180 70353 
 780.4  3155  4251 58916.5 
 780.43  3160  4322 48989.5 
 780.46  3165  4393 63952.5 
 780.49  3170  4465 75423 
 780.52  3175  4536 73322 
 780.55  3180  4607 53775 
 780.59  3185  4679 62692.5 
 780.62  3190  4751 62948.5 
 780.65  3195  4822 55724.5 
 780.68  3200  4894 62850 
 780.71  3205  4966 66925 
 780.74  3210  5038 51206.5 
 780.77  3215  5110 48548 
 780.8  3220  5183 50167.5 
 780.83  3225  5255 39269.5 
 780.86  3230  5327 36945.5 
 780.89  3235  5400 37957 
 780.92  3240  5472 40561.5 
 780.95  3245  5545 37532 
 780.98  3250  5618 32709 
 781.25  3255  3767 19908 
 781.28  3260  3842 22706 
 781.31  3265  3916 22228.5 
 781.34  3270  3990 22335 
 781.38  3275  4065 21662 
 781.41  3280  4139 20436 
 781.44  3285  4214 20180.5 
 781.47  3290  4288 23590.5 
 781.5  3295  4363 25956 
 781.53  3300  4438 26324 
 781.56  3305  4513 21613 
 781.59  3310  4588 22428.5 
 781.62  3315  4664 22475.5 
 781.65  3320  4739 23069 
 781.68  3325  4814 22833 
 781.71  3330  4890 22686 
 781.74  3335  4965 20607.5 
 781.78  3340  5041 21997 
 781.81  3345  5117 23827 
 781.84  3350  5193 22561 
 781.87  3355  5269 24667 
 781.9  3360  5345 16852 
 781.93  3365  5421 20998 
 781.96  3370  5498 17113.5 
 781.99  3375  5574 22228.5 
 782.02  3380  5651 20072 
 782.05  3385  5728 23121 
 782.09  3390  5805 21835.5 
 782.12  3395  5882 22339.5 
 782.15  3400  5959 25669 
 782.18  3405  6036 22509.5 
 782.21  3410  6113 21740 
 782.24  3415  6190 20399.5 
 782.27  3420  6268 23754.5 
 782.3  3425  6346 22193.5 
 782.33  3430  6423 23911.5 
 782.37  3435  6501 22317 
 782.4  3440  6579 15546 
 782.43  3445  6658 17320 
 782.46  3450  6736 21998 
 782.49  3455  6814 21810 
 782.53  3460  6893 18522 
 782.56  3465  6971 20923 
 782.59  3470  7050 22019 
 782.62  3475  7129 17173.5 
 782.66  3480  7208 20100 
 782.69  3485  7287 19757 
 782.72  3490  7367 17600 
 782.75  3495  7446 17826 
 782.78  3500  7526 21802.5 
 782.82  3505  7605 22434.5 
 782.85  3510  7685 19810.5 
 782.88  3515  7765 19505 
 782.91  3520  7845 20297.5 
 782.94  3525  7925 15963.5 
 782.98  3530  8006 20127 
 783.01  3535  8086 21129 
 783.04  3540  8167 21590 
 783.07  3545  8248 21845.5 
 783.1  3550  8329 21498 
 783.14  3555  8410 19135 
 783.17  3560  8491 19758 
 783.2  3565  8572 16560.5 
 783.23  3570  8654 13742.5 
 783.26  3575  8736 16777 
 783.3  3580  8818 12729 
 783.33  3585  8900 10834 
 783.36  3590  8982 15428 
 783.39  3595  9064 18728.5 
 783.42  3600  9146 19504 
 783.46  3605  9229 15111 
 783.49  3610  9312 13742 
 783.52  3615  9395 15781 
 783.55  3620  9478 12993 
 783.58  3625  9561 17791.5 
 783.62  3630  9645 15178.5 
end
uxIntegration time is 0.2294 seconds per sampledt  2.7E-08 cy 1dh220619El Arenosillo 37.1 6.73 3.52pr1000dark 2.6 
 976.11  2900  722 52.25 
 976.14  2905  789 61.5 
 976.18  2910  857 53.75 
 976.22  2915  924 49 
 976.26  2920  992 56.25 
 976.3  2925  1060 57.25 
 976.34  2930  1127 56.5 
 976.38  2935  1195 62.25 
 976.42  2940  1263 57 
 976.46  2945  1331 53.25 
 976.5  2950  1399 58.5 
 976.54  2955  1468 68.25 
 976.58  2960  1536 71 
 976.62  2965  1604 77 
 976.66  2970  1672 86.5 
 976.69  2975  1741 108.5 
 976.73  2980  1809 128.25 
 976.77  2985  1878 134.75 
 976.81  2990  1946 203.75 
 976.85  2995  2015 277.75 
 976.88  3000  2084 280.5 
 976.91  3005  2153 397 
 976.94  3010  2221 587.5 
 976.97  3015  2290 807.5 
 977  3020  2359 769 
 977.04  3025  2428 1356.5 
 977.07  3030  2498 2166.5 
 977.1  3035  2567 2652 
 977.13  3040  2636 2598.5 
 977.16  3045  2705 3494 
 977.19  3050  2775 4875 
 977.22  3055  2844 5150 
 977.25  3060  2914 5132 
 977.28  3065  2984 6155.5 
 977.31  3070  3053 8393.5 
 977.34  3075  3123 10136.5 
 977.37  3080  3193 10776 
 977.4  3085  3263 12123 
 977.43  3090  3333 10786.5 
 977.46  3095  3403 12064 
 977.49  3100  3473 12260 
 977.52  3105  3544 19101 
 977.56  3110  3614 22788 
 977.59  3115  3684 22205 
 977.62  3120  3755 21228 
 977.65  3125  3826 24605.5 
 977.68  3130  3896 25537.5 
 977.71  3135  3967 25638 
 977.74  3140  4038 29178.5 
 977.77  3145  4109 25238.5 
 977.8  3150  4180 31412 
 977.83  3155  4251 25864.5 
 977.86  3160  4322 22359 
 977.89  3165  4393 29805.5 
 977.92  3170  4465 35302 
 977.95  3175  4536 34129.5 
 977.98  3180  4607 25324.5 
 978.01  3185  4679 30187 
 978.04  3190  4751 30843.5 
 978.07  3195  4822 26808 
 978.1  3200  4894 30386.5 
 978.14  3205  4966 33113.5 
 978.17  3210  5038 25865.5 
 978.2  3215  5110 24770.5 
 978.23  3220  5183 24804.5 
 978.26  3225  5255 19370.5 
 978.29  3230  5327 18833 
 978.32  3235  5400 19775 
 978.35  3240  5472 21009 
 978.38  3245  5545 19179.5 
 978.41  3250  5618 16611 
 978.68  3255  3767 10065 
 978.71  3260  3842 11817 
 978.74  3265  3916 11720.5 
 978.77  3270  3990 11762.5 
 978.8  3275  4065 11409.5 
 978.83  3280  4139 10578 
 978.86  3285  4214 10625 
 978.9  3290  4288 12507.5 
 978.93  3295  4363 13964.5 
 978.96  3300  4438 14118 
 978.99  3305  4513 11487 
 979.02  3310  4588 11874 
 979.05  3315  4664 11987.5 
 979.07  3320  4739 36563.5 
 979.1  3325  4814 12359 
 979.14  3330  4890 12235.5 
 979.17  3335  4965 11111 
 979.2  3340  5041 11856 
 979.23  3345  5117 12883.5 
 979.26  3350  5193 12530.5 
 979.29  3355  5269 13417.5 
 979.32  3360  5345 9310 
 979.35  3365  5421 11614.5 
 979.38  3370  5498 9317.5 
 979.41  3375  5574 12097.5 
 979.44  3380  5651 10980 
 979.47  3385  5728 12732.5 
 979.5  3390  5805 11980 
 979.54  3395  5882 12336.5 
 979.57  3400  5959 14003.5 
 979.6  3405  6036 12325.5 
 979.63  3410  6113 11912.5 
 979.66  3415  6190 11245.5 
 979.69  3420  6268 12940 
 979.72  3425  6346 12196 
 979.76  3430  6423 13118 
 979.79  3435  6501 12191.5 
 979.82  3440  6579 8583 
 979.85  3445  6658 9668.5 
 979.88  3450  6736 12135.5 
 979.91  3455  6814 11995.5 
 979.95  3460  6893 10318.5 
 979.98  3465  6971 11477.5 
 980.01  3470  7050 12115.5 
 980.04  3475  7129 9629 
 980.07  3480  7208 11222.5 
 980.11  3485  7287 11173 
 980.14  3490  7367 10036 
 980.17  3495  7446 10124.5 
 980.2  3500  7526 12382 
 980.23  3505  7605 12726 
 980.27  3510  7685 11315.5 
 980.3  3515  7765 10894.5 
 980.33  3520  7845 11281.5 
 980.36  3525  7925 8953 
 980.39  3530  8006 11189 
 980.43  3535  8086 11802.5 
 980.46  3540  8167 12038.5 
 980.49  3545  8248 12169.5 
 980.52  3550  8329 12005.5 
 980.55  3555  8410 10679.5 
 980.59  3560  8491 11067.5 
 980.62  3565  8572 9100.5 
 980.65  3570  8654 7638.5 
 980.68  3575  8736 9317 
 980.71  3580  8818 7118.5 
 980.75  3585  8900 6110 
 980.78  3590  8982 8512 
 980.81  3595  9064 10425 
 980.84  3600  9146 10908 
 980.88  3605  9229 8436.5 
 980.91  3610  9312 7581.5 
 980.94  3615  9395 8665 
 980.97  3620  9478 7182 
 981  3625  9561 9792 
 981.04  3630  9645 8336 
end
uxIntegration time is 0.2294 seconds per sampledt  2.7E-08 cy 1dh220619El Arenosillo 37.1 6.73 3.33pr1000dark 2.15 
 1161.37  2900  722 6.5 
 1161.41  2905  789 2.5 
 1161.45  2910  857 3.25 
 1161.49  2915  924 2.75 
 1161.53  2920  992 2.25 
 1161.56  2925  1060 3 
 1161.6  2930  1127 3 
 1161.64  2935  1195 2.75 
 1161.68  2940  1263 3 
 1161.72  2945  1331 5.75 
 1161.76  2950  1399 3 
 1161.8  2955  1468 3 
 1161.84  2960  1536 2.75 
 1161.88  2965  1604 2.75 
 1161.92  2970  1672 3.5 
 1161.96  2975  1741 3.25 
 1162  2980  1809 3 
 1162.04  2985  1878 3.5 
 1162.08  2990  1946 3.5 
 1162.11  2995  2015 3.5 
 1162.15  3000  2084 4.5 
 1162.18  3005  2153 4 
 1162.21  3010  2221 4 
 1162.24  3015  2290 4.5 
 1162.27  3020  2359 4.5 
 1162.3  3025  2428 5.5 
 1162.33  3030  2498 9 
 1162.36  3035  2567 12 
 1162.39  3040  2636 12 
 1162.42  3045  2705 14.5 
 1162.45  3050  2775 18 
 1162.48  3055  2844 19.5 
 1162.51  3060  2914 16 
 1162.54  3065  2984 23.5 
 1162.57  3070  3053 31.5 
 1162.6  3075  3123 40 
 1162.63  3080  3193 44.5 
 1162.66  3085  3263 44.5 
 1162.7  3090  3333 44 
 1162.73  3095  3403 51.5 
 1162.76  3100  3473 57 
 1162.79  3105  3544 89 
 1162.82  3110  3614 112.5 
 1162.85  3115  3684 111.5 
 1162.88  3120  3755 123.5 
 1162.91  3125  3826 157 
 1162.94  3130  3896 175.5 
 1162.97  3135  3967 173 
 1163  3140  4038 219.5 
 1163.03  3145  4109 243.5 
 1163.06  3150  4180 313.5 
 1163.09  3155  4251 238.5 
 1163.12  3160  4322 255 
 1163.15  3165  4393 398 
 1163.19  3170  4465 470 
 1163.22  3175  4536 449.5 
 1163.25  3180  4607 368.5 
 1163.28  3185  4679 601 
 1163.31  3190  4751 649 
 1163.34  3195  4822 475 
 1163.37  3200  4894 556.5 
 1163.4  3205  4966 762.5 
 1163.43  3210  5038 730 
 1163.46  3215  5110 714.5 
 1163.49  3220  5183 593.5 
 1163.52  3225  5255 457.5 
 1163.55  3230  5327 562 
 1163.58  3235  5400 740 
 1163.61  3240  5472 785 
 1163.64  3245  5545 635 
 1163.67  3250  5618 499 
 1163.94  3255  3767 327.5 
 1163.97  3260  3842 464.5 
 1164.01  3265  3916 524 
 1164.04  3270  3990 518 
 1164.07  3275  4065 450 
 1164.1  3280  4139 384 
 1164.13  3285  4214 449 
 1164.16  3290  4288 615.5 
 1164.19  3295  4363 693.5 
 1164.22  3300  4438 685 
 1164.25  3305  4513 507 
 1164.28  3310  4588 516.5 
 1164.31  3315  4664 563.5 
 1164.34  3320  4739 642.5 
 1164.37  3325  4814 665.5 
 1164.4  3330  4890 657 
 1164.43  3335  4965 546.5 
 1164.47  3340  5041 567 
 1164.5  3345  5117 681.5 
 1164.53  3350  5193 695.5 
 1164.56  3355  5269 744 
 1164.59  3360  5345 520 
 1164.62  3365  5421 621.5 
 1164.65  3370  5498 488 
 1164.69  3375  5574 624.5 
 1164.72  3380  5651 603.5 
 1164.75  3385  5728 714 
 1164.78  3390  5805 681.5 
 1164.81  3395  5882 699.5 
 1164.84  3400  5959 758.5 
 1164.87  3405  6036 669 
 1164.9  3410  6113 681 
 1164.94  3415  6190 650.5 
 1164.97  3420  6268 768 
 1165  3425  6346 721 
 1165.03  3430  6423 748 
 1165.06  3435  6501 694.5 
 1165.1  3440  6579 498.5 
 1165.13  3445  6658 530 
 1165.16  3450  6736 699.5 
 1165.19  3455  6814 683 
 1165.22  3460  6893 597 
 1165.25  3465  6971 670 
 1165.28  3470  7050 690.5 
 1165.32  3475  7129 558 
 1165.35  3480  7208 655.5 
 1165.38  3485  7287 644.5 
 1165.41  3490  7367 574.5 
 1165.44  3495  7446 595 
 1165.47  3500  7526 719 
 1165.5  3505  7605 732.5 
 1165.54  3510  7685 655 
 1165.57  3515  7765 624 
 1165.6  3520  7845 650 
 1165.63  3525  7925 502.5 
 1165.66  3530  8006 644.5 
 1165.7  3535  8086 689.5 
 1165.73  3540  8167 681.5 
 1165.76  3545  8248 685 
 1165.79  3550  8329 664.5 
 1165.83  3555  8410 607.5 
 1165.86  3560  8491 618.5 
 1165.89  3565  8572 515 
 1165.92  3570  8654 427 
 1165.95  3575  8736 503 
 1165.99  3580  8818 394.5 
 1166.02  3585  8900 351.5 
 1166.05  3590  8982 481 
 1166.08  3595  9064 583 
 1166.11  3600  9146 586.5 
 1166.15  3605  9229 459.5 
 1166.18  3610  9312 428.5 
 1166.21  3615  9395 471 
 1166.24  3620  9478 402.5 
 1166.27  3625  9561 538 
 1166.31  3630  9645 453.5 
end
