ufIntegration time is 0.2294 seconds per sampledt  4.1E-08 cy 4dh210619Arenosillo 37.1 6.73 2.82pr1000dark .8 
 301.29  2900  1261 4 
 301.32  2905  1333 3 
 301.36  2910  1405 3 
 301.39  2915  1477 2 
 301.43  2920  1549 4 
 301.46  2925  1621 2 
 301.5  2930  1693 4 
 301.53  2935  1765 4 
 301.57  2940  1837 4 
 301.6  2945  1909 2 
 301.64  2950  1981 4 
 301.67  2955  2054 2 
 301.71  2960  2126 4 
 301.74  2965  2199 4 
 301.78  2970  2271 3 
 301.81  2975  2344 4 
 301.85  2980  2416 3 
 301.88  2985  2489 4 
 301.91  2990  2562 4 
 301.95  2995  2635 3 
 301.99  3000  2708 5 
 302.02  3005  2781 5 
 302.06  3010  2854 6 
 302.09  3015  2927 8 
 302.12  3020  3000 8 
 302.16  3025  3073 12 
 302.2  3030  3147 15 
 302.23  3035  3220 24 
 302.26  3040  3294 17 
 302.3  3045  3367 31 
 302.33  3050  3441 36 
 302.37  3055  3514 37 
 302.4  3060  3588 41 
 302.44  3065  3662 40 
 302.47  3070  3736 57 
 302.51  3075  3810 78 
 302.54  3080  3884 82 
 302.58  3085  3958 94 
 302.61  3090  4032 86 
 302.65  3095  4106 133 
 302.68  3100  4181 104 
 302.72  3105  4255 164 
 302.75  3110  4329 193 
 302.79  3115  4404 189 
 302.82  3120  4479 182 
 302.86  3125  4553 229 
 302.89  3130  4628 237 
 302.93  3135  4703 243 
 302.96  3140  4778 287 
 303  3145  4853 255 
 303.03  3150  4928 355 
 303.07  3155  5003 255 
 303.1  3160  5078 263 
 303.14  3165  5153 355 
 303.17  3170  5228 413 
 303.21  3175  5304 417 
 303.24  3180  5379 312 
 303.28  3185  5455 430 
 303.31  3190  5530 513 
 303.35  3195  5606 368 
 303.38  3200  5682 399 
 303.42  3205  5758 533 
 303.45  3210  5834 551 
 303.49  3215  5910 474 
 303.52  3220  5986 422 
 303.56  3225  6062 320 
 303.59  3230  6138 380 
 303.63  3235  6214 526 
 303.66  3240  6291 549 
 303.7  3245  6367 462 
 303.73  3250  6444 324 
end
uaIntegration time is 0.2294 seconds per sampledt  4.1E-08 cy 1dh210619Arenosillo 37.1 6.73 3.58pr1000dark .6 
 660.02  2900  1261 652.5 
 660.07  2905  1333 679.75 
 660.12  2910  1405 681.75 
 660.17  2915  1477 687.25 
 660.22  2920  1549 709 
 660.27  2925  1621 734 
 660.32  2930  1693 729.25 
 660.37  2935  1765 757.75 
 660.42  2940  1837 791.5 
 660.47  2945  1909 843.25 
 660.52  2950  1981 894.75 
 660.57  2955  2054 1054 
 660.62  2960  2126 1277.75 
 660.67  2965  2199 1352.75 
 660.72  2970  2271 1537 
 660.77  2975  2344 2453.75 
 660.82  2980  2416 2769.75 
 660.87  2985  2489 2756.75 
 660.92  2990  2562 4519.25 
 660.97  2995  2635 5746.5 
 661.02  3000  2708 5627 
 661.07  3005  2781 7115.5 
 661.12  3010  2854 10524.75 
 661.17  3015  2927 13343.25 
 661.22  3020  3000 11577.75 
 661.27  3025  3073 19882 
 661.32  3030  3147 29775 
 661.37  3035  3220 33584.25 
 661.42  3040  3294 31664.75 
 661.47  3045  3367 39947.25 
 661.52  3050  3441 51827.5 
 661.57  3055  3514 50375.75 
 661.62  3060  3588 49182.75 
 661.67  3065  3662 55506.25 
 661.72  3070  3736 71571.5 
 661.77  3075  3810 79637.75 
 661.82  3080  3884 81484.25 
 661.87  3085  3958 88279.5 
 661.92  3090  4032 74770.75 
 661.97  3095  4106 79445.5 
 662.02  3100  4181 77658 
 662.07  3105  4255 117748.5 
 662.12  3110  4329 133017.3 
 662.17  3115  4404 124484.5 
 662.22  3120  4479 114865.8 
 662.27  3125  4553 127708.5 
 662.32  3130  4628 128652 
 662.37  3135  4703 127873.8 
 662.42  3140  4778 139117.3 
 662.47  3145  4853 116623.3 
 662.52  3150  4928 140433 
 662.57  3155  5003 116552.3 
 662.62  3160  5078 97494.25 
 662.67  3165  5153 124459 
 662.72  3170  5228 143671.8 
 662.77  3175  5304 139880 
 662.82  3180  5379 102739.3 
 662.87  3185  5455 116592.3 
 662.92  3190  5530 118779.8 
 662.97  3195  5606 102474.5 
 663.02  3200  5682 114960.3 
 663.07  3205  5758 121534.8 
 663.12  3210  5834 94624 
 663.17  3215  5910 87370.5 
 663.22  3220  5986 90821 
 663.27  3225  6062 71308.75 
 663.32  3230  6138 64958.25 
 663.37  3235  6214 67314.5 
 663.42  3240  6291 70705 
 663.47  3245  6367 66287.25 
 663.52  3250  6444 56093.75 
end
uaIntegration time is 0.2294 seconds per sampledt  4.1E-08 cy 1dh210619Arenosillo 37.1 6.73 3.6pr1000dark .55 
 720.02  2900  1261 736.75 
 720.07  2905  1333 752.5 
 720.12  2910  1405 772 
 720.17  2915  1477 775 
 720.22  2920  1549 798.75 
 720.27  2925  1621 802.25 
 720.32  2930  1693 836.25 
 720.37  2935  1765 878.5 
 720.42  2940  1837 907.5 
 720.47  2945  1909 955.25 
 720.52  2950  1981 1085.75 
 720.57  2955  2054 1322.25 
 720.62  2960  2126 1636.75 
 720.67  2965  2199 1733 
 720.72  2970  2271 1963.75 
 720.77  2975  2344 3212 
 720.82  2980  2416 3660.25 
 720.87  2985  2489 3582.75 
 720.92  2990  2562 5980.75 
 720.97  2995  2635 7489.75 
 721.02  3000  2708 7228.25 
 721.07  3005  2781 9151.25 
 721.12  3010  2854 13438.75 
 721.17  3015  2927 16713.75 
 721.22  3020  3000 14422.5 
 721.27  3025  3073 24557.75 
 721.32  3030  3147 36272.75 
 721.37  3035  3220 40547.75 
 721.42  3040  3294 38349.75 
 721.47  3045  3367 47869.5 
 721.52  3050  3441 61345 
 721.57  3055  3514 58959.5 
 721.62  3060  3588 57927.25 
 721.67  3065  3662 64649.25 
 721.72  3070  3736 82230.75 
 721.77  3075  3810 91191.75 
 721.82  3080  3884 92940 
 721.87  3085  3958 100412.8 
 721.92  3090  4032 85023.25 
 721.97  3095  4106 89530.5 
 722.02  3100  4181 86994.75 
 722.07  3105  4255 131493.3 
 722.12  3110  4329 147907 
 722.17  3115  4404 138092.5 
 722.22  3120  4479 127343 
 722.27  3125  4553 140488.5 
 722.32  3130  4628 141677.3 
 722.37  3135  4703 141039.5 
 722.42  3140  4778 151895.8 
 722.47  3145  4853 127638.3 
 722.52  3150  4928 153153 
 722.57  3155  5003 127584.5 
 722.62  3160  5078 106415 
 722.67  3165  5153 135366.8 
 722.72  3170  5228 156147.8 
 722.77  3175  5304 151976.5 
 722.82  3180  5379 111679.5 
 722.87  3185  5455 126156 
 722.92  3190  5530 128489.3 
 722.97  3195  5606 111131.3 
 723.02  3200  5682 124321.8 
 723.07  3205  5758 131388.3 
 723.12  3210  5834 102238.8 
 723.17  3215  5910 94231.25 
 723.22  3220  5986 98298.25 
 723.27  3225  6062 77521.25 
 723.32  3230  6138 70306.75 
 723.37  3235  6214 72423.75 
 723.42  3240  6291 75995.5 
 723.47  3245  6367 71374.5 
 723.52  3250  6444 60537.25 
end
uaIntegration time is 0.2294 seconds per sampledt  4.1E-08 cy 1dh210619Arenosillo 37.1 6.73 3.6pr1000dark .65 
 780.02  2900  1261 747.25 
 780.07  2905  1333 758.75 
 780.12  2910  1405 769.25 
 780.17  2915  1477 782.5 
 780.22  2920  1549 804 
 780.27  2925  1621 807.75 
 780.32  2930  1693 841.25 
 780.37  2935  1765 867 
 780.42  2940  1837 919.75 
 780.47  2945  1909 972 
 780.52  2950  1981 1116 
 780.57  2955  2054 1346.5 
 780.62  2960  2126 1676 
 780.67  2965  2199 1774.5 
 780.72  2970  2271 1963 
 780.77  2975  2344 3273.25 
 780.82  2980  2416 3711.75 
 780.87  2985  2489 3623.25 
 780.92  2990  2562 6003 
 780.97  2995  2635 7619.5 
 781.02  3000  2708 7299.5 
 781.07  3005  2781 9246.5 
 781.12  3010  2854 13633.5 
 781.17  3015  2927 16773.75 
 781.22  3020  3000 14588 
 781.27  3025  3073 24784.75 
 781.32  3030  3147 36511 
 781.37  3035  3220 40852.75 
 781.42  3040  3294 38471.25 
 781.47  3045  3367 47963 
 781.52  3050  3441 61527.5 
 781.57  3055  3514 58971.25 
 781.62  3060  3588 57822 
 781.67  3065  3662 64636 
 781.72  3070  3736 82515.75 
 781.77  3075  3810 91324.5 
 781.82  3080  3884 92842.25 
 781.87  3085  3958 100300.8 
 781.92  3090  4032 84540.25 
 781.97  3095  4106 89579 
 782.02  3100  4181 86984.75 
 782.07  3105  4255 132039.3 
 782.12  3110  4329 147598.3 
 782.17  3115  4404 137556.8 
 782.22  3120  4479 126966.5 
 782.27  3125  4553 140119 
 782.32  3130  4628 140932 
 782.37  3135  4703 140543.3 
 782.42  3140  4778 151469.5 
 782.47  3145  4853 126940.8 
 782.52  3150  4928 152363.3 
 782.57  3155  5003 126844.8 
 782.62  3160  5078 105766 
 782.67  3165  5153 134740.5 
 782.72  3170  5228 155290.8 
 782.77  3175  5304 151113.3 
 782.82  3180  5379 111154.3 
 782.87  3185  5455 125970.3 
 782.92  3190  5530 127122.8 
 782.97  3195  5606 110581.3 
 783.02  3200  5682 123868.8 
 783.07  3205  5758 130556.3 
 783.12  3210  5834 100840.5 
 783.17  3215  5910 93804.75 
 783.22  3220  5986 97583.5 
 783.27  3225  6062 76982.5 
 783.32  3230  6138 69872 
 783.37  3235  6214 72095.75 
 783.42  3240  6291 75579.25 
 783.47  3245  6367 70796.5 
 783.52  3250  6444 60176 
end
uaIntegration time is 0.2294 seconds per sampledt  4.1E-08 cy 1dh210619Arenosillo 37.1 6.73 3.58pr1000dark .5 
 840.02  2900  1261 661.5 
 840.07  2905  1333 671.75 
 840.12  2910  1405 678 
 840.17  2915  1477 681.25 
 840.22  2920  1549 708.5 
 840.27  2925  1621 715.5 
 840.32  2930  1693 719.5 
 840.37  2935  1765 757.25 
 840.42  2940  1837 783.75 
 840.47  2945  1909 841.75 
 840.52  2950  1981 905.75 
 840.57  2955  2054 1061.25 
 840.62  2960  2126 1303.75 
 840.67  2965  2199 1365.25 
 840.72  2970  2271 1553.25 
 840.77  2975  2344 2489.75 
 840.82  2980  2416 2791.5 
 840.87  2985  2489 2794 
 840.92  2990  2562 4574.25 
 840.97  2995  2635 5786 
 841.02  3000  2708 5658 
 841.07  3005  2781 7201.25 
 841.12  3010  2854 10687.75 
 841.17  3015  2927 13244.25 
 841.22  3020  3000 11568.25 
 841.27  3025  3073 19664.25 
 841.32  3030  3147 29622.25 
 841.37  3035  3220 33428.25 
 841.42  3040  3294 31525 
 841.47  3045  3367 39553 
 841.52  3050  3441 51254.25 
 841.57  3055  3514 49814 
 841.62  3060  3588 48702.75 
 841.67  3065  3662 54807.25 
 841.72  3070  3736 71063.25 
 841.77  3075  3810 78996.5 
 841.82  3080  3884 80640 
 841.87  3085  3958 87458 
 841.92  3090  4032 73462.25 
 841.97  3095  4106 78709.75 
 842.02  3100  4181 76665.75 
 842.07  3105  4255 116644.3 
 842.12  3110  4329 131236.8 
 842.17  3115  4404 122788.5 
 842.22  3120  4479 113381.5 
 842.27  3125  4553 125901 
 842.32  3130  4628 126894 
 842.37  3135  4703 126762 
 842.42  3140  4778 136337.8 
 842.47  3145  4853 115038.8 
 842.52  3150  4928 138058.3 
 842.57  3155  5003 114241 
 842.62  3160  5078 96230.5 
 842.67  3165  5153 123369 
 842.72  3170  5228 142069 
 842.77  3175  5304 136600 
 842.82  3180  5379 100617.3 
 842.87  3185  5455 114915.5 
 842.92  3190  5530 116627.3 
 842.97  3195  5606 100725.5 
 843.02  3200  5682 112863.3 
 843.07  3205  5758 119629.5 
 843.12  3210  5834 92567.25 
 843.17  3215  5910 85806.25 
 843.22  3220  5986 89005 
 843.27  3225  6062 69782.75 
 843.32  3230  6138 63788.5 
 843.37  3235  6214 65995.75 
 843.42  3240  6291 69286.5 
 843.47  3245  6367 64761.75 
 843.52  3250  6444 54877.75 
end
uaIntegration time is 0.2294 seconds per sampledt  4.1E-08 cy 1dh210619Arenosillo 37.1 6.73 3.54pr1000dark .6 
 900.02  2900  1261 531.75 
 900.07  2905  1333 551 
 900.12  2910  1405 545 
 900.17  2915  1477 555.5 
 900.22  2920  1549 565.5 
 900.27  2925  1621 564.5 
 900.32  2930  1693 577.75 
 900.37  2935  1765 601.75 
 900.42  2940  1837 612.25 
 900.47  2945  1909 632 
 900.52  2950  1981 663.75 
 900.57  2955  2054 744 
 900.62  2960  2126 854 
 900.67  2965  2199 902.25 
 900.72  2970  2271 997.75 
 900.77  2975  2344 1472.25 
 900.82  2980  2416 1696.25 
 900.87  2985  2489 1692.25 
 900.92  2990  2562 2707.5 
 900.97  2995  2635 3490.75 
 901.02  3000  2708 3457.75 
 901.07  3005  2781 4514.25 
 901.12  3010  2854 6732 
 901.17  3015  2927 8467.5 
 901.22  3020  3000 7583 
 901.27  3025  3073 12945.75 
 901.32  3030  3147 19772.5 
 901.37  3035  3220 22768.5 
 901.42  3040  3294 21638 
 901.47  3045  3367 27690.5 
 901.52  3050  3441 36678.5 
 901.57  3055  3514 35699.75 
 901.62  3060  3588 35396.5 
 901.67  3065  3662 40319.75 
 901.72  3070  3736 52885.5 
 901.77  3075  3810 59833.75 
 901.82  3080  3884 61233.25 
 901.87  3085  3958 66725.5 
 901.92  3090  4032 56509 
 901.97  3095  4106 61109.75 
 902.02  3100  4181 59949.75 
 902.07  3105  4255 92442.75 
 902.12  3110  4329 104553.5 
 902.17  3115  4404 97724.5 
 902.22  3120  4479 91225.25 
 902.27  3125  4553 102211.5 
 902.32  3130  4628 103112.8 
 902.37  3135  4703 103231.3 
 902.42  3140  4778 111585.3 
 902.47  3145  4853 94576 
 902.52  3150  4928 114301.5 
 902.57  3155  5003 94038.75 
 902.62  3160  5078 79387.75 
 902.67  3165  5153 102509.3 
 902.72  3170  5228 118209 
 902.77  3175  5304 114877.8 
 902.82  3180  5379 83909 
 902.87  3185  5455 96973.25 
 902.92  3190  5530 98300 
 902.97  3195  5606 84632.25 
 903.02  3200  5682 94918.75 
 903.07  3205  5758 100962 
 903.12  3210  5834 78151.75 
 903.17  3215  5910 72708.25 
 903.22  3220  5986 74725.5 
 903.27  3225  6062 58731 
 903.32  3230  6138 53921.25 
 903.37  3235  6214 55849.75 
 903.42  3240  6291 58727.5 
 903.47  3245  6367 54634.5 
 903.52  3250  6444 46311.5 
end
uaIntegration time is 0.2294 seconds per sampledt  4.1E-08 cy 1dh210619Arenosillo 37.1 6.73 3.5pr1000dark .7 
 960.02  2900  1261 366.25 
 960.07  2905  1333 367.75 
 960.12  2910  1405 371 
 960.17  2915  1477 376.75 
 960.22  2920  1549 387.25 
 960.27  2925  1621 393.75 
 960.32  2930  1693 395.75 
 960.37  2935  1765 407.25 
 960.42  2940  1837 401.75 
 960.47  2945  1909 413 
 960.52  2950  1981 415.75 
 960.57  2955  2054 438 
 960.62  2960  2126 462.25 
 960.67  2965  2199 485 
 960.72  2970  2271 521 
 960.77  2975  2344 652.25 
 960.82  2980  2416 720 
 960.87  2985  2489 745.25 
 960.92  2990  2562 1104.75 
 960.97  2995  2635 1407 
 961.02  3000  2708 1455 
 961.07  3005  2781 1848.5 
 961.12  3010  2854 2805.75 
 961.17  3015  2927 3681.5 
 961.22  3020  3000 3409.25 
 961.27  3025  3073 5904 
 961.32  3030  3147 9374.75 
 961.37  3035  3220 10938.25 
 961.42  3040  3294 10667 
 961.47  3045  3367 14043.25 
 961.52  3050  3441 19428.5 
 961.57  3055  3514 19284.75 
 961.62  3060  3588 19356.75 
 961.67  3065  3662 22404.75 
 961.72  3070  3736 30571.25 
 961.77  3075  3810 35268.5 
 961.82  3080  3884 36516.25 
 961.87  3085  3958 40322.25 
 961.92  3090  4032 34375.5 
 961.97  3095  4106 38611.5 
 962.02  3100  4181 38339 
 962.07  3105  4255 59992.75 
 962.12  3110  4329 68248.75 
 962.17  3115  4404 64593 
 962.22  3120  4479 61038.75 
 962.27  3125  4553 69345 
 962.32  3130  4628 70486.25 
 962.37  3135  4703 70269.25 
 962.42  3140  4778 77345.75 
 962.47  3145  4853 66365.5 
 962.52  3150  4928 80785.5 
 962.57  3155  5003 65811 
 962.62  3160  5078 56274 
 962.67  3165  5153 73585.75 
 962.72  3170  5228 85342.75 
 962.77  3175  5304 82287 
 962.82  3180  5379 60524.5 
 962.87  3185  5455 70844.75 
 962.92  3190  5530 72059.5 
 962.97  3195  5606 61599.5 
 963.02  3200  5682 69124.5 
 963.07  3205  5758 74455.75 
 963.12  3210  5834 58222.75 
 963.17  3215  5910 53930.5 
 963.22  3220  5986 55073.75 
 963.27  3225  6062 43047.75 
 963.32  3230  6138 39846 
 963.37  3235  6214 41855.5 
 963.42  3240  6291 43978.75 
 963.47  3245  6367 40948.75 
 963.52  3250  6444 34363.5 
end
uaIntegration time is 0.2294 seconds per sampledt  4.1E-08 cy 1dh210619Arenosillo 37.1 6.73 3.52pr1000dark .5 
 1020.02  2900  1261 197.5 
 1020.07  2905  1333 205.25 
 1020.12  2910  1405 212.5 
 1020.17  2915  1477 212 
 1020.22  2920  1549 211.25 
 1020.27  2925  1621 214.5 
 1020.32  2930  1693 229.5 
 1020.37  2935  1765 220.75 
 1020.42  2940  1837 220.5 
 1020.47  2945  1909 234.75 
 1020.52  2950  1981 228 
 1020.57  2955  2054 229.25 
 1020.62  2960  2126 239.75 
 1020.67  2965  2199 237.25 
 1020.72  2970  2271 231.25 
 1020.77  2975  2344 262.25 
 1020.82  2980  2416 269.5 
 1020.87  2985  2489 275.75 
 1020.92  2990  2562 331.25 
 1020.97  2995  2635 390.5 
 1021.02  3000  2708 407.25 
 1021.07  3005  2781 502 
 1021.12  3010  2854 727.75 
 1021.17  3015  2927 938.25 
 1021.22  3020  3000 915.75 
 1021.27  3025  3073 1611.25 
 1021.32  3030  3147 2606 
 1021.37  3035  3220 3150.5 
 1021.42  3040  3294 3178.75 
 1021.47  3045  3367 4369.25 
 1021.52  3050  3441 6381.5 
 1021.57  3055  3514 6719.5 
 1021.62  3060  3588 6806 
 1021.67  3065  3662 8201.5 
 1021.72  3070  3736 11782.5 
 1021.77  3075  3810 14261.25 
 1021.82  3080  3884 15022 
 1021.87  3085  3958 16901.75 
 1021.92  3090  4032 14874 
 1021.97  3095  4106 17480 
 1022.02  3100  4181 17760 
 1022.07  3105  4255 28260 
 1022.12  3110  4329 32995.75 
 1022.17  3115  4404 31589.5 
 1022.22  3120  4479 31153.75 
 1022.27  3125  4553 36196 
 1022.32  3130  4628 37036 
 1022.37  3135  4703 37013.5 
 1022.42  3140  4778 41618.75 
 1022.47  3145  4853 37038 
 1022.52  3150  4928 45353.75 
 1022.57  3155  5003 36364.5 
 1022.62  3160  5078 32091 
 1022.67  3165  5153 42977.25 
 1022.72  3170  5228 49799.25 
 1022.77  3175  5304 47695.75 
 1022.82  3180  5379 35637.5 
 1022.87  3185  5455 42902.25 
 1022.92  3190  5530 43951.5 
 1022.97  3195  5606 36948.75 
 1023.02  3200  5682 41313 
 1023.07  3205  5758 45799.75 
 1023.12  3210  5834 36593.75 
 1023.17  3215  5910 33612.75 
 1023.22  3220  5986 33868.5 
 1023.27  3225  6062 26468 
 1023.32  3230  6138 24733.75 
 1023.37  3235  6214 26591 
 1023.42  3240  6291 28024 
 1023.47  3245  6367 25829.75 
 1023.52  3250  6444 21343 
end
ufIntegration time is 0.2294 seconds per sampledt  4.1E-08 cy 4dh210619Arenosillo 37.1 6.73 3.39pr1000dark 1.6 
 1162.22  2900  1261 27 
 1162.26  2905  1333 23 
 1162.29  2910  1405 23 
 1162.33  2915  1477 24 
 1162.36  2920  1549 24 
 1162.4  2925  1621 27 
 1162.43  2930  1693 23 
 1162.47  2935  1765 28 
 1162.5  2940  1837 27 
 1162.54  2945  1909 26 
 1162.57  2950  1981 31 
 1162.61  2955  2054 26 
 1162.64  2960  2126 28 
 1162.67  2965  2199 28 
 1162.71  2970  2271 31 
 1162.74  2975  2344 36 
 1162.78  2980  2416 36 
 1162.81  2985  2489 29 
 1162.85  2990  2562 34 
 1162.88  2995  2635 41 
 1162.92  3000  2708 37 
 1162.95  3005  2781 44 
 1162.99  3010  2854 54 
 1163.02  3015  2927 60 
 1163.06  3020  3000 55 
 1163.09  3025  3073 71 
 1163.13  3030  3147 100 
 1163.16  3035  3220 111 
 1163.2  3040  3294 134 
 1163.23  3045  3367 160 
 1163.27  3050  3441 189 
 1163.3  3055  3514 211 
 1163.34  3060  3588 196 
 1163.37  3065  3662 252 
 1163.41  3070  3736 329 
 1163.44  3075  3810 391 
 1163.48  3080  3884 430 
 1163.51  3085  3958 482 
 1163.55  3090  4032 435 
 1163.58  3095  4106 496 
 1163.62  3100  4181 554 
 1163.65  3105  4255 891 
 1163.69  3110  4329 1057 
 1163.72  3115  4404 1051 
 1163.76  3120  4479 1176 
 1163.79  3125  4553 1475 
 1163.83  3130  4628 1546 
 1163.86  3135  4703 1534 
 1163.9  3140  4778 1942 
 1163.93  3145  4853 2018 
 1163.97  3150  4928 2631 
 1164  3155  5003 1990 
 1164.04  3160  5078 2111 
 1164.07  3165  5153 3192 
 1164.11  3170  5228 3800 
 1164.14  3175  5304 3512 
 1164.18  3180  5379 2969 
 1164.21  3185  5455 4595 
 1164.25  3190  5530 5111 
 1164.28  3195  5606 3680 
 1164.32  3200  5682 4150 
 1164.35  3205  5758 5902 
 1164.39  3210  5834 5584 
 1164.42  3215  5910 5259 
 1164.46  3220  5986 4311 
 1164.49  3225  6062 3368 
 1164.53  3230  6138 3879 
 1164.56  3235  6214 5279 
 1164.6  3240  6291 5768 
 1164.63  3245  6367 4806 
 1164.67  3250  6444 3484 
end
