uvIntegration time is 0.2294 seconds per sampledt  4.1E-08 cy 4dh270619Arenosillo 37.1 6.73 3.17pr1000dark 1 
 332.41  2900  1261 17 
 332.45  2905  1333 22 
 332.49  2910  1405 19 
 332.53  2915  1477 23 
 332.57  2920  1549 23 
 332.61  2925  1621 18 
 332.65  2930  1693 26 
 332.69  2935  1765 18 
 332.73  2940  1837 20 
 332.77  2945  1909 21 
 332.81  2950  1981 24 
 332.85  2955  2054 29 
 332.89  2960  2126 23 
 332.93  2965  2199 24 
 332.98  2970  2271 31 
 333.01  2975  2344 29 
 333.05  2980  2416 24 
 333.09  2985  2489 24 
 333.13  2990  2562 31 
 333.17  2995  2635 36 
 333.21  3000  2708 34 
 333.25  3005  2781 37 
 333.3  3010  2854 41 
 333.34  3015  2927 57 
 333.38  3020  3000 51 
 333.42  3025  3073 76 
 333.46  3030  3147 102 
 333.49  3035  3220 152 
 333.53  3040  3294 143 
 333.57  3045  3367 157 
 333.61  3050  3441 214 
 333.65  3055  3514 197 
 333.69  3060  3588 204 
 333.73  3065  3662 253 
 333.77  3070  3736 334 
 333.81  3075  3810 438 
 333.85  3080  3884 458 
 333.89  3085  3958 469 
 333.93  3090  4032 441 
 333.97  3095  4106 543 
 334.01  3100  4181 603 
 334.05  3105  4255 925 
 334.09  3110  4329 1101 
 334.13  3115  4404 1055 
 334.17  3120  4479 1173 
 334.21  3125  4553 1476 
 334.25  3130  4628 1548 
 334.29  3135  4703 1528 
 334.34  3140  4778 1974 
 334.38  3145  4853 2121 
 334.42  3150  4928 2683 
 334.46  3155  5003 2064 
 334.5  3160  5078 2156 
 334.54  3165  5153 3364 
 334.58  3170  5228 3924 
 334.62  3175  5304 3558 
 334.67  3180  5379 3081 
 334.71  3185  5455 4698 
 334.75  3190  5530 5382 
 334.79  3195  5606 3847 
 334.83  3200  5682 4383 
 334.87  3205  5758 5928 
 334.91  3210  5834 5817 
 334.95  3215  5910 5539 
 334.99  3220  5986 4704 
 335.03  3225  6062 3620 
 335.07  3230  6138 4065 
 335.11  3235  6214 5499 
 335.15  3240  6291 5959 
 335.2  3245  6367 5008 
 335.23  3250  6444 3681 
dark 1 
 335.37  3250  6444 3769 
 335.41  3245  6367 5111 
 335.46  3240  6291 6104 
 335.5  3235  6214 5593 
 335.54  3230  6138 4163 
 335.58  3225  6062 3760 
 335.62  3220  5986 4849 
 335.66  3215  5910 5737 
 335.7  3210  5834 6152 
 335.74  3205  5758 6321 
 335.79  3200  5682 4620 
 335.83  3195  5606 4149 
 335.87  3190  5530 5823 
 335.91  3185  5455 5075 
 335.95  3180  5379 3398 
 335.99  3175  5304 3984 
 336.03  3170  5228 4242 
 336.07  3165  5153 3681 
 336.12  3160  5078 2378 
 336.16  3155  5003 2354 
 336.2  3150  4928 3050 
 336.24  3145  4853 2326 
 336.28  3140  4778 2247 
 336.32  3135  4703 1773 
 336.36  3130  4628 1773 
 336.4  3125  4553 1653 
 336.43  3120  4479 1318 
 336.48  3115  4404 1240 
 336.52  3110  4329 1172 
 336.56  3105  4255 991 
 336.6  3100  4181 631 
 336.64  3095  4106 615 
 336.68  3090  4032 495 
 336.72  3085  3958 567 
 336.76  3080  3884 498 
 336.8  3075  3810 470 
 336.84  3070  3736 356 
 336.89  3065  3662 282 
 336.93  3060  3588 245 
 336.97  3055  3514 261 
 337.01  3050  3441 250 
 337.05  3045  3367 176 
 337.09  3040  3294 147 
 337.13  3035  3220 154 
 337.17  3030  3147 157 
 337.21  3025  3073 84 
 337.25  3020  3000 68 
 337.29  3015  2927 69 
 337.33  3010  2854 54 
 337.37  3005  2781 44 
 337.41  3000  2708 45 
 337.45  2995  2635 42 
 337.49  2990  2562 36 
 337.54  2985  2489 42 
 337.58  2980  2416 34 
 337.62  2975  2344 35 
 337.65  2970  2271 32 
 337.69  2965  2199 29 
 337.73  2960  2126 28 
 337.77  2955  2054 28 
 337.81  2950  1981 33 
 337.86  2945  1909 29 
 337.9  2940  1837 35 
 337.94  2935  1765 30 
 337.98  2930  1693 28 
 338.02  2925  1621 34 
 338.06  2920  1549 25 
 338.1  2915  1477 24 
 338.14  2910  1405 24 
 338.17  2905  1333 23 
 338.22  2900  1261 24 
end
uvIntegration time is 0.2294 seconds per sampledt  4.1E-08 cy 4dh270619Arenosillo 37.1 6.73 3.15pr1000dark .8 
 363.35  2900  1261 77 
 363.39  2905  1333 76 
 363.43  2910  1405 74 
 363.48  2915  1477 75 
 363.52  2920  1549 82 
 363.56  2925  1621 87 
 363.61  2930  1693 85 
 363.65  2935  1765 81 
 363.69  2940  1837 95 
 363.74  2945  1909 78 
 363.78  2950  1981 97 
 363.82  2955  2054 97 
 363.86  2960  2126 100 
 363.9  2965  2199 103 
 363.93  2970  2271 93 
 363.97  2975  2344 99 
 364.02  2980  2416 98 
 364.06  2985  2489 108 
 364.1  2990  2562 132 
 364.14  2995  2635 128 
 364.18  3000  2708 121 
 364.22  3005  2781 124 
 364.27  3010  2854 145 
 364.31  3015  2927 160 
 364.35  3020  3000 157 
 364.39  3025  3073 226 
 364.43  3030  3147 288 
 364.47  3035  3220 314 
 364.51  3040  3294 296 
 364.55  3045  3367 401 
 364.6  3050  3441 561 
 364.63  3055  3514 564 
 364.67  3060  3588 596 
 364.71  3065  3662 747 
 364.75  3070  3736 1132 
 364.8  3075  3810 1409 
 364.84  3080  3884 1630 
 364.88  3085  3958 1852 
 364.92  3090  4032 1725 
 364.96  3095  4106 2437 
 365  3100  4181 2660 
 365.05  3105  4255 4451 
 365.09  3110  4329 5476 
 365.12  3115  4404 5646 
 365.17  3120  4479 6559 
 365.21  3125  4553 8345 
 365.24  3130  4628 9078 
 365.29  3135  4703 8969 
 365.33  3140  4778 11404 
 365.37  3145  4853 11808 
 365.41  3150  4928 14924 
 365.45  3155  5003 11650 
 365.49  3160  5078 11624 
 365.53  3165  5153 17202 
 365.58  3170  5228 20100 
 365.62  3175  5304 18932 
 365.66  3180  5379 15352 
 365.7  3185  5455 21163 
 365.74  3190  5530 23036 
 365.78  3195  5606 17884 
 365.83  3200  5682 20031 
 365.87  3205  5758 25059 
 365.91  3210  5834 22047 
 365.95  3215  5910 20488 
 365.99  3220  5986 18855 
 366.03  3225  6062 14566 
 366.08  3230  6138 15188 
 366.12  3235  6214 18165 
 366.16  3240  6291 19491 
 366.2  3245  6367 17170 
 366.24  3250  6444 13465 
dark .6 
 366.37  3250  6444 13363 
 366.42  3245  6367 17228 
 366.46  3240  6291 19701 
 366.5  3235  6214 18325 
 366.54  3230  6138 15242 
 366.58  3225  6062 14930 
 366.62  3220  5986 19222 
 366.67  3215  5910 20934 
 366.71  3210  5834 22508 
 366.75  3205  5758 25731 
 366.79  3200  5682 20733 
 366.83  3195  5606 18410 
 366.87  3190  5530 23853 
 366.92  3185  5455 22257 
 366.96  3180  5379 16057 
 367  3175  5304 19828 
 367.04  3170  5228 21331 
 367.08  3165  5153 18332 
 367.12  3160  5078 12394 
 367.17  3155  5003 12727 
 367.2  3150  4928 16189 
 367.24  3145  4853 12885 
 367.28  3140  4778 12455 
 367.32  3135  4703 9893 
 367.36  3130  4628 10015 
 367.41  3125  4553 9276 
 367.45  3120  4479 7302 
 367.49  3115  4404 6387 
 367.53  3110  4329 6257 
 367.57  3105  4255 5090 
 367.61  3100  4181 3038 
 367.66  3095  4106 2777 
 367.7  3090  4032 2063 
 367.74  3085  3958 2130 
 367.78  3080  3884 1786 
 367.82  3075  3810 1662 
 367.86  3070  3736 1277 
 367.91  3065  3662 821 
 367.94  3060  3588 687 
 367.98  3055  3514 671 
 368.02  3050  3441 616 
 368.06  3045  3367 440 
 368.1  3040  3294 363 
 368.14  3035  3220 352 
 368.19  3030  3147 288 
 368.23  3025  3073 231 
 368.27  3020  3000 171 
 368.31  3015  2927 185 
 368.35  3010  2854 157 
 368.39  3005  2781 142 
 368.43  3000  2708 149 
 368.47  2995  2635 141 
 368.51  2990  2562 122 
 368.55  2985  2489 122 
 368.59  2980  2416 185 
 368.63  2975  2344 131 
 368.68  2970  2271 135 
 368.72  2965  2199 132 
 368.76  2960  2126 125 
 368.8  2955  2054 124 
 368.84  2950  1981 129 
 368.87  2945  1909 98 
 368.92  2940  1837 114 
 368.96  2935  1765 136 
 369  2930  1693 105 
 369.04  2925  1621 92 
 369.08  2920  1549 103 
 369.12  2915  1477 107 
 369.17  2910  1405 100 
 369.21  2905  1333 99 
 369.25  2900  1261 95 
end
uvIntegration time is 0.2294 seconds per sampledt  4.1E-08 cy 4dh270619Arenosillo 37.1 6.73 3.15pr1000dark .8 
 391.99  2900  1261 168 
 392.03  2905  1333 176 
 392.07  2910  1405 172 
 392.11  2915  1477 189 
 392.15  2920  1549 199 
 392.19  2925  1621 190 
 392.23  2930  1693 185 
 392.27  2935  1765 197 
 392.31  2940  1837 205 
 392.36  2945  1909 202 
 392.4  2950  1981 213 
 392.44  2955  2054 201 
 392.48  2960  2126 247 
 392.52  2965  2199 224 
 392.56  2970  2271 232 
 392.6  2975  2344 235 
 392.64  2980  2416 223 
 392.68  2985  2489 249 
 392.72  2990  2562 266 
 392.76  2995  2635 245 
 392.81  3000  2708 273 
 392.85  3005  2781 314 
 392.89  3010  2854 311 
 392.93  3015  2927 399 
 392.97  3020  3000 334 
 393.01  3025  3073 459 
 393.05  3030  3147 673 
 393.09  3035  3220 792 
 393.13  3040  3294 831 
 393.17  3045  3367 1159 
 393.21  3050  3441 1808 
 393.25  3055  3514 1955 
 393.3  3060  3588 2102 
 393.34  3065  3662 2633 
 393.38  3070  3736 4168 
 393.42  3075  3810 5543 
 393.45  3080  3884 6078 
 393.49  3085  3958 7140 
 393.54  3090  4032 6839 
 393.58  3095  4106 9116 
 393.62  3100  4181 9724 
 393.66  3105  4255 16101 
 393.7  3110  4329 19542 
 393.74  3115  4404 19604 
 393.79  3120  4479 21172 
 393.83  3125  4553 26391 
 393.87  3130  4628 27924 
 393.91  3135  4703 27568 
 393.95  3140  4778 33482 
 393.99  3145  4853 32478 
 394.04  3150  4928 40498 
 394.08  3155  5003 32153 
 394.12  3160  5078 30083 
 394.16  3165  5153 42761 
 394.2  3170  5228 49808 
 394.24  3175  5304 46991 
 394.29  3180  5379 36803 
 394.33  3185  5455 48002 
 394.37  3190  5530 50272 
 394.41  3195  5606 40620 
 394.45  3200  5682 45655 
 394.49  3205  5758 53549 
 394.53  3210  5834 45023 
 394.57  3215  5910 42022 
 394.62  3220  5986 39949 
 394.66  3225  6062 31248 
 394.7  3230  6138 30772 
 394.74  3235  6214 34945 
 394.78  3240  6291 37136 
 394.82  3245  6367 33469 
 394.86  3250  6444 27028 
dark 1 
 395  3250  6444 26965 
 395.04  3245  6367 33832 
 395.08  3240  6291 37412 
 395.12  3235  6214 35219 
 395.17  3230  6138 31145 
 395.21  3225  6062 31557 
 395.25  3220  5986 40433 
 395.29  3215  5910 42424 
 395.33  3210  5834 45916 
 395.37  3205  5758 54766 
 395.42  3200  5682 46312 
 395.46  3195  5606 41456 
 395.5  3190  5530 51966 
 395.54  3185  5455 48872 
 395.58  3180  5379 38025 
 395.62  3175  5304 48977 
 395.67  3170  5228 51644 
 395.71  3165  5153 44292 
 395.75  3160  5078 31299 
 395.79  3155  5003 33744 
 395.83  3150  4928 42775 
 395.87  3145  4853 34183 
 395.91  3140  4778 35319 
 395.95  3135  4703 29351 
 395.99  3130  4628 29813 
 396.03  3125  4553 28267 
 396.07  3120  4479 22879 
 396.11  3115  4404 21335 
 396.16  3110  4329 21334 
 396.2  3105  4255 17619 
 396.24  3100  4181 10729 
 396.28  3095  4106 10028 
 396.32  3090  4032 7585 
 396.36  3085  3958 8056 
 396.4  3080  3884 6860 
 396.45  3075  3810 6363 
 396.49  3070  3736 4762 
 396.53  3065  3662 3047 
 396.57  3060  3588 2391 
 396.6  3055  3514 2309 
 396.64  3050  3441 2039 
 396.69  3045  3367 1337 
 396.73  3040  3294 956 
 396.77  3035  3220 943 
 396.81  3030  3147 767 
 396.85  3025  3073 535 
 396.89  3020  3000 396 
 396.94  3015  2927 410 
 396.98  3010  2854 347 
 397.01  3005  2781 304 
 397.05  3000  2708 276 
 397.09  2995  2635 294 
 397.13  2990  2562 291 
 397.18  2985  2489 268 
 397.22  2980  2416 251 
 397.26  2975  2344 264 
 397.3  2970  2271 254 
 397.34  2965  2199 248 
 397.39  2960  2126 238 
 397.42  2955  2054 240 
 397.46  2950  1981 233 
 397.5  2945  1909 231 
 397.54  2940  1837 232 
 397.58  2935  1765 237 
 397.63  2930  1693 229 
 397.67  2925  1621 221 
 397.71  2920  1549 223 
 397.75  2915  1477 221 
 397.79  2910  1405 217 
 397.83  2905  1333 195 
 397.87  2900  1261 198 
end
uvIntegration time is 0.2294 seconds per sampledt  4.1E-08 cy 4dh270619Arenosillo 37.1 6.73 3.19pr1000dark 1 
 420.68  2900  1261 388 
 420.72  2905  1333 346 
 420.76  2910  1405 361 
 420.8  2915  1477 360 
 420.84  2920  1549 350 
 420.88  2925  1621 373 
 420.92  2930  1693 371 
 420.96  2935  1765 383 
 421.01  2940  1837 378 
 421.05  2945  1909 400 
 421.09  2950  1981 381 
 421.13  2955  2054 378 
 421.17  2960  2126 388 
 421.21  2965  2199 409 
 421.25  2970  2271 390 
 421.29  2975  2344 427 
 421.33  2980  2416 417 
 421.37  2985  2489 423 
 421.42  2990  2562 469 
 421.46  2995  2635 503 
 421.5  3000  2708 503 
 421.54  3005  2781 556 
 421.58  3010  2854 696 
 421.62  3015  2927 807 
 421.67  3020  3000 861 
 421.71  3025  3073 1292 
 421.75  3030  3147 2063 
 421.78  3035  3220 2513 
 421.82  3040  3294 2664 
 421.86  3045  3367 3774 
 421.91  3050  3441 6040 
 421.95  3055  3514 6358 
 421.99  3060  3588 6745 
 422.03  3065  3662 8377 
 422.07  3070  3736 13002 
 422.12  3075  3810 16365 
 422.16  3080  3884 17573 
 422.2  3085  3958 20430 
 422.24  3090  4032 18669 
 422.27  3095  4106 23510 
 422.32  3100  4181 24569 
 422.37  3105  4255 39752 
 422.41  3110  4329 47532 
 422.45  3115  4404 46460 
 422.48  3120  4479 47790 
 422.52  3125  4553 57811 
 422.57  3130  4628 59941 
 422.61  3135  4703 59689 
 422.65  3140  4778 69811 
 422.69  3145  4853 64267 
 422.73  3150  4928 79836 
 422.77  3155  5003 63708 
 422.82  3160  5078 57552 
 422.86  3165  5153 79282 
 422.9  3170  5228 92195 
 422.94  3175  5304 88934 
 422.98  3180  5379 67532 
 423.03  3185  5455 83511 
 423.07  3190  5530 87713 
 423.11  3195  5606 71968 
 423.15  3200  5682 80788 
 423.19  3205  5758 91736 
 423.23  3210  5834 75007 
 423.28  3215  5910 69360 
 423.32  3220  5986 68049 
 423.36  3225  6062 53382 
 423.4  3230  6138 50932 
 423.44  3235  6214 56090 
 423.49  3240  6291 59541 
 423.53  3245  6367 54265 
 423.57  3250  6444 44460 
dark 1.2 
 423.7  3250  6444 44631 
 423.74  3245  6367 54582 
 423.8  3240  6291 59680 
 423.85  3235  6214 56623 
 423.89  3230  6138 51362 
 423.93  3225  6062 53836 
 423.97  3220  5986 68840 
 424.01  3215  5910 70055 
 424.06  3210  5834 75950 
 424.1  3205  5758 92872 
 424.14  3200  5682 81810 
 424.18  3195  5606 73050 
 424.22  3190  5530 89550 
 424.26  3185  5455 85493 
 424.3  3180  5379 68918 
 424.35  3175  5304 90976 
 424.39  3170  5228 95266 
 424.43  3165  5153 81772 
 424.47  3160  5078 59389 
 424.51  3155  5003 66053 
 424.55  3150  4928 82789 
 424.59  3145  4853 67115 
 424.63  3140  4778 72918 
 424.67  3135  4703 62301 
 424.71  3130  4628 63359 
 424.75  3125  4553 60497 
 424.79  3120  4479 50353 
 424.84  3115  4404 49456 
 424.88  3110  4329 50515 
 424.92  3105  4255 42399 
 424.96  3100  4181 26255 
 425  3095  4106 25061 
 425.04  3090  4032 20204 
 425.09  3085  3958 22102 
 425.13  3080  3884 19280 
 425.17  3075  3810 18020 
 425.21  3070  3736 14251 
 425.25  3065  3662 9298 
 425.28  3060  3588 7595 
 425.33  3055  3514 7340 
 425.37  3050  3441 6718 
 425.41  3045  3367 4367 
 425.45  3040  3294 3025 
 425.49  3035  3220 2957 
 425.53  3030  3147 2368 
 425.58  3025  3073 1453 
 425.62  3020  3000 915 
 425.66  3015  2927 942 
 425.7  3010  2854 771 
 425.73  3005  2781 606 
 425.77  3000  2708 553 
 425.82  2995  2635 538 
 425.86  2990  2562 498 
 425.9  2985  2489 467 
 425.94  2980  2416 457 
 425.98  2975  2344 472 
 426.02  2970  2271 445 
 426.06  2965  2199 443 
 426.11  2960  2126 424 
 426.15  2955  2054 424 
 426.19  2950  1981 414 
 426.23  2945  1909 431 
 426.27  2940  1837 411 
 426.31  2935  1765 417 
 426.35  2930  1693 419 
 426.39  2925  1621 409 
 426.43  2920  1549 408 
 426.47  2915  1477 405 
 426.51  2910  1405 402 
 426.56  2905  1333 399 
 426.6  2900  1261 371 
end
uvIntegration time is 0.2294 seconds per sampledt  4.1E-08 cy 4dh270619Arenosillo 37.1 6.73 3.23pr1000dark .6 
 450.13  2900  1261 527 
 450.17  2905  1333 550 
 450.21  2910  1405 558 
 450.25  2915  1477 608 
 450.29  2920  1549 577 
 450.33  2925  1621 605 
 450.37  2930  1693 601 
 450.41  2935  1765 596 
 450.45  2940  1837 624 
 450.49  2945  1909 643 
 450.53  2950  1981 647 
 450.57  2955  2054 616 
 450.61  2960  2126 643 
 450.65  2965  2199 683 
 450.69  2970  2271 670 
 450.73  2975  2344 701 
 450.77  2980  2416 735 
 450.81  2985  2489 729 
 450.85  2990  2562 822 
 450.89  2995  2635 959 
 450.93  3000  2708 1024 
 450.97  3005  2781 1182 
 451.01  3010  2854 1649 
 451.05  3015  2927 2140 
 451.09  3020  3000 2162 
 451.13  3025  3073 3623 
 451.17  3030  3147 5987 
 451.21  3035  3220 7357 
 451.25  3040  3294 7459 
 451.29  3045  3367 10380 
 451.33  3050  3441 15633 
 451.37  3055  3514 16597 
 451.41  3060  3588 17044 
 451.45  3065  3662 20401 
 451.49  3070  3736 29867 
 451.53  3075  3810 37088 
 451.57  3080  3884 39354 
 451.61  3085  3958 44448 
 451.65  3090  4032 39597 
 451.69  3095  4106 47143 
 451.73  3100  4181 48294 
 451.77  3105  4255 76994 
 451.81  3110  4329 91389 
 451.85  3115  4404 88141 
 451.89  3120  4479 87517 
 451.93  3125  4553 102934 
 451.97  3130  4628 106074 
 452.01  3135  4703 105548 
 452.05  3140  4778 121025 
 452.09  3145  4853 107050 
 452.13  3150  4928 132792 
 452.17  3155  5003 108280 
 452.21  3160  5078 93706 
 452.25  3165  5153 126420 
 452.29  3170  5228 147498 
 452.33  3175  5304 142532 
 452.37  3180  5379 106800 
 452.41  3185  5455 127383 
 452.45  3190  5530 133530 
 452.49  3195  5606 110625 
 452.53  3200  5682 124309 
 452.57  3205  5758 138694 
 452.62  3210  5834 112361 
 452.66  3215  5910 102037 
 452.7  3220  5986 102969 
 452.74  3225  6062 80961 
 452.77  3230  6138 75298 
 452.81  3235  6214 81485 
 452.85  3240  6291 86092 
 452.89  3245  6367 79366 
 452.93  3250  6444 65519 
dark 1 
 453.07  3250  6444 65794 
 453.11  3245  6367 79232 
 453.15  3240  6291 86197 
 453.19  3235  6214 81720 
 453.23  3230  6138 75711 
 453.27  3225  6062 81509 
 453.31  3220  5986 103992 
 453.35  3215  5910 103239 
 453.39  3210  5834 113098 
 453.43  3205  5758 140182 
 453.47  3200  5682 125824 
 453.51  3195  5606 112133 
 453.55  3190  5530 136356 
 453.59  3185  5455 129233 
 453.63  3180  5379 108592 
 453.67  3175  5304 145441 
 453.71  3170  5228 150208 
 453.75  3165  5153 128613 
 453.79  3160  5078 95729 
 453.83  3155  5003 110254 
 453.87  3150  4928 135745 
 453.91  3145  4853 110250 
 453.95  3140  4778 124631 
 453.99  3135  4703 108887 
 454.03  3130  4628 110283 
 454.07  3125  4553 106718 
 454.11  3120  4479 91139 
 454.15  3115  4404 92268 
 454.19  3110  4329 95498 
 454.23  3105  4255 80520 
 454.27  3100  4181 50986 
 454.31  3095  4106 49719 
 454.35  3090  4032 42353 
 454.39  3085  3958 47433 
 454.43  3080  3884 41833 
 454.47  3075  3810 39526 
 454.51  3070  3736 32138 
 454.55  3065  3662 22110 
 454.59  3060  3588 18182 
 454.63  3055  3514 18276 
 454.67  3050  3441 17135 
 454.71  3045  3367 11459 
 454.75  3040  3294 8194 
 454.79  3035  3220 8167 
 454.83  3030  3147 6654 
 454.87  3025  3073 4016 
 454.91  3020  3000 2355 
 454.95  3015  2927 2488 
 454.99  3010  2854 1830 
 455.03  3005  2781 1330 
 455.07  3000  2708 1128 
 455.11  2995  2635 1067 
 455.15  2990  2562 917 
 455.19  2985  2489 780 
 455.23  2980  2416 776 
 455.27  2975  2344 746 
 455.32  2970  2271 711 
 455.36  2965  2199 704 
 455.4  2960  2126 702 
 455.44  2955  2054 701 
 455.48  2950  1981 661 
 455.52  2945  1909 679 
 455.56  2940  1837 660 
 455.59  2935  1765 657 
 455.63  2930  1693 637 
 455.67  2925  1621 648 
 455.72  2920  1549 644 
 455.76  2915  1477 613 
 455.8  2910  1405 588 
 455.84  2905  1333 592 
 455.88  2900  1261 627 
end
uaIntegration time is 0.2294 seconds per sampledt  4.1E-08 cy 1dh270619Arenosillo 37.1 6.73 3.33pr1000dark .3 
 480.04  2900  1261 198.75 
 480.1  2905  1333 207.75 
 480.15  2910  1405 206.75 
 480.19  2915  1477 222.25 
 480.25  2920  1549 219.5 
 480.29  2925  1621 221.25 
 480.34  2930  1693 224.25 
 480.39  2935  1765 221 
 480.44  2940  1837 226.5 
 480.49  2945  1909 233.25 
 480.55  2950  1981 232.25 
 480.59  2955  2054 245.25 
 480.65  2960  2126 257.75 
 480.69  2965  2199 247 
 480.75  2970  2271 257 
 480.8  2975  2344 275.5 
 480.85  2980  2416 304.5 
 480.89  2985  2489 319.25 
 480.95  2990  2562 413.75 
 480.99  2995  2635 499 
 481.04  3000  2708 535 
 481.09  3005  2781 653.75 
 481.15  3010  2854 990.5 
 481.2  3015  2927 1286.75 
 481.24  3020  3000 1242.5 
 481.3  3025  3073 2221.75 
 481.34  3030  3147 3542.25 
 481.39  3035  3220 4256 
 481.45  3040  3294 4261.5 
 481.5  3045  3367 5753 
 481.54  3050  3441 8263.25 
 481.59  3055  3514 8615.25 
 481.64  3060  3588 8646.25 
 481.69  3065  3662 10193.75 
 481.74  3070  3736 14454.5 
 481.8  3075  3810 17262.5 
 481.85  3080  3884 18051.75 
 481.89  3085  3958 20200 
 481.95  3090  4032 17662.75 
 482  3095  4106 20284.25 
 482.04  3100  4181 20526.75 
 482.09  3105  4255 32313 
 482.15  3110  4329 37723.25 
 482.2  3115  4404 36043.75 
 482.24  3120  4479 34842.25 
 482.29  3125  4553 40187.25 
 482.35  3130  4628 41317.5 
 482.4  3135  4703 40951.25 
 482.45  3140  4778 46084.75 
 482.5  3145  4853 39963.75 
 482.54  3150  4928 49261.25 
 482.6  3155  5003 40195.75 
 482.65  3160  5078 34329.75 
 482.69  3165  5153 45687 
 482.75  3170  5228 53266.75 
 482.79  3175  5304 51788.5 
 482.85  3180  5379 38254.25 
 482.9  3185  5455 45032.25 
 482.94  3190  5530 46754.25 
 483  3195  5606 39196.75 
 483.05  3200  5682 44019.75 
 483.09  3205  5758 48363 
 483.14  3210  5834 38360.5 
 483.19  3215  5910 35227 
 483.24  3220  5986 35648.5 
 483.29  3225  6062 27967.25 
 483.35  3230  6138 25848.25 
 483.4  3235  6214 27540.75 
 483.45  3240  6291 29097 
 483.5  3245  6367 26845.75 
 483.55  3250  6444 22436.25 
end
uaIntegration time is 0.2294 seconds per sampledt  4.1E-08 cy 1dh270619Arenosillo 37.1 6.73 3.45pr1000dark .5 
 510.04  2900  1261 279.5 
 510.09  2905  1333 282 
 510.14  2910  1405 286.25 
 510.2  2915  1477 296.25 
 510.24  2920  1549 295.25 
 510.29  2925  1621 295.5 
 510.34  2930  1693 296.75 
 510.39  2935  1765 304.5 
 510.44  2940  1837 320.5 
 510.49  2945  1909 316.5 
 510.55  2950  1981 325.5 
 510.59  2955  2054 340.5 
 510.64  2960  2126 356.5 
 510.69  2965  2199 370.75 
 510.74  2970  2271 393.5 
 510.79  2975  2344 488 
 510.85  2980  2416 535.75 
 510.89  2985  2489 554.5 
 510.94  2990  2562 785.25 
 511  2995  2635 1005.25 
 511.05  3000  2708 1041 
 511.09  3005  2781 1340.5 
 511.14  3010  2854 2062.25 
 511.19  3015  2927 2652.5 
 511.24  3020  3000 2494 
 511.29  3025  3073 4341 
 511.34  3030  3147 6870 
 511.39  3035  3220 8111 
 511.44  3040  3294 7909.5 
 511.5  3045  3367 10530.75 
 511.55  3050  3441 14574.25 
 511.59  3055  3514 14822.25 
 511.64  3060  3588 14738 
 511.69  3065  3662 17098.75 
 511.74  3070  3736 23585.75 
 511.8  3075  3810 27497 
 511.84  3080  3884 28586.75 
 511.89  3085  3958 31543.75 
 511.94  3090  4032 27170.25 
 511.99  3095  4106 30504.25 
 512.05  3100  4181 30422 
 512.1  3105  4255 47559.75 
 512.1501  3110  4329 54704.25 
 512.19  3115  4404 52011.75 
 512.24  3120  4479 49370.75 
 512.29  3125  4553 56172.75 
 512.3401  3130  4628 57294 
 512.4001  3135  4703 57026.25 
 512.44  3140  4778 63542 
 512.49  3145  4853 54203 
 512.55  3150  4928 66212 
 512.5901  3155  5003 54315.5 
 512.64  3160  5078 46011.5 
 512.69  3165  5153 60419.75 
 512.75  3170  5228 70239.25 
 512.8  3175  5304 68149.75 
 512.8401  3180  5379 50032 
 512.89  3185  5455 58459.75 
 512.94  3190  5530 60187.75 
 512.99  3195  5606 50960.5 
 513.04  3200  5682 57196.5 
 513.0901  3205  5758 61986.75 
 513.14  3210  5834 48582.25 
 513.2  3215  5910 44805.75 
 513.25  3220  5986 45838.5 
 513.29  3225  6062 35840 
 513.35  3230  6138 33026.5 
 513.39  3235  6214 34808.75 
 513.45  3240  6291 36635.75 
 513.49  3245  6367 34047.5 
 513.54  3250  6444 28618.5 
end
uaIntegration time is 0.2294 seconds per sampledt  4.1E-08 cy 1dh270619Arenosillo 37.1 6.73 3.52pr1000dark .45 
 540.04  2900  1261 355.5 
 540.09  2905  1333 378.75 
 540.14  2910  1405 373.75 
 540.2  2915  1477 379 
 540.24  2920  1549 388 
 540.3  2925  1621 403.75 
 540.34  2930  1693 406.5 
 540.4  2935  1765 401.75 
 540.44  2940  1837 415.75 
 540.5  2945  1909 424.5 
 540.54  2950  1981 430.75 
 540.59  2955  2054 475.75 
 540.64  2960  2126 516 
 540.69  2965  2199 539.75 
 540.75  2970  2271 591.5 
 540.8  2975  2344 808.5 
 540.84  2980  2416 896.25 
 540.89  2985  2489 943.5 
 540.94  2990  2562 1429 
 540.99  2995  2635 1869.25 
 541.05  3000  2708 1863.5 
 541.09  3005  2781 2399.25 
 541.14  3010  2854 3715 
 541.19  3015  2927 4676.5 
 541.24  3020  3000 4278.25 
 541.29  3025  3073 7386 
 541.35  3030  3147 11527 
 541.39  3035  3220 13418.5 
 541.45  3040  3294 12895.75 
 541.49  3045  3367 16734.75 
 541.55  3050  3441 22685 
 541.6  3055  3514 22481.75 
 541.64  3060  3588 22235.75 
 541.69  3065  3662 25612.25 
 541.74  3070  3736 34240.5 
 541.79  3075  3810 39181.25 
 541.85  3080  3884 40400 
 541.9  3085  3958 44322 
 541.94  3090  4032 37812.75 
 541.99  3095  4106 41673.75 
 542.05  3100  4181 41165.5 
 542.09  3105  4255 64053.25 
 542.14  3110  4329 73085 
 542.19  3115  4404 68437.5 
 542.24  3120  4479 64567 
 542.29  3125  4553 72671.75 
 542.34  3130  4628 73538.75 
 542.39  3135  4703 73602.25 
 542.45  3140  4778 80697 
 542.5  3145  4853 68548.5 
 542.55  3150  4928 83286 
 542.59  3155  5003 68129 
 542.65  3160  5078 57727 
 542.69  3165  5153 75327 
 542.75  3170  5228 87363.25 
 542.79  3175  5304 84514 
 542.84  3180  5379 62072.5 
 542.89  3185  5455 71917.75 
 542.94  3190  5530 73550.25 
 542.99  3195  5606 62763.5 
 543.05  3200  5682 70532.25 
 543.09  3205  5758 75708.25 
 543.15  3210  5834 58829.25 
 543.19  3215  5910 54596 
 543.24  3220  5986 56032.25 
 543.3  3225  6062 44012.75 
 543.34  3230  6138 40343.75 
 543.39  3235  6214 42175.5 
 543.44  3240  6291 44362.25 
 543.49  3245  6367 41135.75 
 543.55  3250  6444 34816.25 
end
uaIntegration time is 0.2294 seconds per sampledt  4.1E-08 cy 1dh270619Arenosillo 37.1 6.73 3.6pr1000dark .5 
 570.04  2900  1261 457.25 
 570.1  2905  1333 457.25 
 570.15  2910  1405 463.25 
 570.2  2915  1477 468.25 
 570.25  2920  1549 482 
 570.3  2925  1621 490.25 
 570.34  2930  1693 488.75 
 570.4  2935  1765 504 
 570.45  2940  1837 531 
 570.5  2945  1909 536.5 
 570.55  2950  1981 563.5 
 570.59  2955  2054 639 
 570.65  2960  2126 727 
 570.7  2965  2199 754.75 
 570.75  2970  2271 861 
 570.8  2975  2344 1282 
 570.85  2980  2416 1438.75 
 570.9  2985  2489 1459.25 
 570.95  2990  2562 2327.25 
 570.99  2995  2635 2972 
 571.05  3000  2708 2983 
 571.09  3005  2781 3786.5 
 571.15  3010  2854 5730.5 
 571.2  3015  2927 7321 
 571.25  3020  3000 6483.5 
 571.3  3025  3073 11140 
 571.35  3030  3147 16983.25 
 571.4  3035  3220 19586.25 
 571.45  3040  3294 18710.25 
 571.49  3045  3367 23865.5 
 571.54  3050  3441 31532.75 
 571.61  3055  3514 31116.75 
 571.64  3060  3588 30454.75 
 571.7  3065  3662 34727.25 
 571.75  3070  3736 45828.5 
 571.8  3075  3810 51587.5 
 571.85  3080  3884 53113.75 
 571.9  3085  3958 57808 
 571.95  3090  4032 49059.75 
 572  3095  4106 53120.5 
 572.05  3100  4181 52140 
 572.1  3105  4255 80679 
 572.15  3110  4329 91254.25 
 572.2  3115  4404 85514.5 
 572.25  3120  4479 79720.75 
 572.3  3125  4553 89217.25 
 572.35  3130  4628 90064.5 
 572.4  3135  4703 90008 
 572.45  3140  4778 97773 
 572.5  3145  4853 82504.75 
 572.54  3150  4928 99896.25 
 572.6  3155  5003 82451 
 572.65  3160  5078 69242 
 572.69  3165  5153 89499.5 
 572.75  3170  5228 103548.5 
 572.8  3175  5304 100887.3 
 572.85  3180  5379 73905.25 
 572.9  3185  5455 84556.25 
 572.95  3190  5530 86239.25 
 573  3195  5606 73932.25 
 573.05  3200  5682 83037.75 
 573.1  3205  5758 88453 
 573.15  3210  5834 68731.25 
 573.19  3215  5910 63620.5 
 573.24  3220  5986 65842.75 
 573.31  3225  6062 51681.75 
 573.35  3230  6138 47254.25 
 573.4  3235  6214 49190 
 573.45  3240  6291 51498.25 
 573.5  3245  6367 48115 
 573.55  3250  6444 40715.5 
end
uaIntegration time is 0.2294 seconds per sampledt  4.1E-08 cy 1dh270619Arenosillo 37.1 6.73 3.62pr1000dark .75 
 600.04  2900  1261 543.25 
 600.09  2905  1333 542 
 600.14  2910  1405 545.5 
 600.19  2915  1477 557 
 600.24  2920  1549 581.5 
 600.29  2925  1621 578.5 
 600.34  2930  1693 594.75 
 600.39  2935  1765 613 
 600.45  2940  1837 634 
 600.49  2945  1909 673.25 
 600.54  2950  1981 729.25 
 600.59  2955  2054 846.75 
 600.64  2960  2126 1016.5 
 600.69  2965  2199 1064.75 
 600.74  2970  2271 1199.75 
 600.79  2975  2344 1898.75 
 600.84  2980  2416 2161.5 
 600.9  2985  2489 2136 
 600.94  2990  2562 3495.75 
 600.99  2995  2635 4483.75 
 601.04  3000  2708 4360.5 
 601.09  3005  2781 5595.5 
 601.14  3010  2854 8375.75 
 601.19  3015  2927 10452.75 
 601.24  3020  3000 9119.25 
 601.29  3025  3073 15697.75 
 601.34  3030  3147 23576.75 
 601.4  3035  3220 26660 
 601.44  3040  3294 25264.5 
 601.49  3045  3367 31940.5 
 601.54  3050  3441 41855.25 
 601.59  3055  3514 40164.75 
 601.64  3060  3588 39965.5 
 601.69  3065  3662 44759.25 
 601.74  3070  3736 58166 
 601.79  3075  3810 65062.25 
 601.84  3080  3884 66364 
 601.9  3085  3958 71696.25 
 601.94  3090  4032 60892 
 601.99  3095  4106 64981.25 
 602.04  3100  4181 63503.75 
 602.09  3105  4255 96873.75 
 602.14  3110  4329 109843.8 
 602.19  3115  4404 102627.5 
 602.24  3120  4479 94837.5 
 602.29  3125  4553 105429.3 
 602.34  3130  4628 106050.8 
 602.4  3135  4703 105746.8 
 602.44  3140  4778 115056 
 602.49  3145  4853 96464.75 
 602.54  3150  4928 116347.5 
 602.59  3155  5003 96521 
 602.64  3160  5078 80753.25 
 602.69  3165  5153 103578.3 
 602.74  3170  5228 119786.8 
 602.79  3175  5304 115905 
 602.84  3180  5379 85329.25 
 602.9  3185  5455 97128.75 
 602.94  3190  5530 98822 
 602.99  3195  5606 85111.5 
 603.04  3200  5682 95314.25 
 603.09  3205  5758 101098 
 603.14  3210  5834 78590 
 603.19  3215  5910 72153.25 
 603.24  3220  5986 75215.5 
 603.29  3225  6062 59158.25 
 603.34  3230  6138 53743.25 
 603.4  3235  6214 55643.5 
 603.44  3240  6291 58439.5 
 603.49  3245  6367 54711 
 603.54  3250  6444 46442.5 
end
uaIntegration time is 0.2294 seconds per sampledt  4.1E-08 cy 1dh270619Arenosillo 37.1 6.73 3.66pr1000dark .85 
 630.04  2900  1261 607.25 
 630.09  2905  1333 619.25 
 630.15  2910  1405 632.25 
 630.2  2915  1477 647 
 630.25  2920  1549 655.5 
 630.29  2925  1621 657.5 
 630.34  2930  1693 695.5 
 630.4  2935  1765 728.75 
 630.44  2940  1837 764.5 
 630.5  2945  1909 802.5 
 630.55  2950  1981 889.75 
 630.6  2955  2054 1060.5 
 630.65  2960  2126 1315.25 
 630.7  2965  2199 1375.25 
 630.74  2970  2271 1579.75 
 630.8  2975  2344 2570.5 
 630.84  2980  2416 2880 
 630.9  2985  2489 2869.5 
 630.95  2990  2562 4735.5 
 630.99  2995  2635 5957.75 
 631.04  3000  2708 5781.25 
 631.09  3005  2781 7390 
 631.14  3010  2854 10839.75 
 631.2  3015  2927 13374 
 631.25  3020  3000 11591 
 631.3  3025  3073 19488 
 631.35  3030  3147 29047.75 
 631.4  3035  3220 33026 
 631.44  3040  3294 30937 
 631.49  3045  3367 38660.25 
 631.55  3050  3441 49859.25 
 631.6  3055  3514 48198.25 
 631.65  3060  3588 47059.5 
 631.69  3065  3662 52939 
 631.75  3070  3736 67929.25 
 631.8  3075  3810 75517.75 
 631.85  3080  3884 77236.25 
 631.89  3085  3958 83304.5 
 631.95  3090  4032 70390.5 
 632  3095  4106 74362.25 
 632.05  3100  4181 72426 
 632.09  3105  4255 110023 
 632.14  3110  4329 123953.5 
 632.19  3115  4404 116101 
 632.25  3120  4479 106680.5 
 632.3  3125  4553 118354 
 632.35  3130  4628 119116 
 632.4  3135  4703 119147.3 
 632.45  3140  4778 128502.5 
 632.5  3145  4853 107600.3 
 632.54  3150  4928 129583.3 
 632.6  3155  5003 107088 
 632.65  3160  5078 90112.25 
 632.7  3165  5153 114886 
 632.74  3170  5228 132612.3 
 632.8  3175  5304 128680.5 
 632.85  3180  5379 93958.5 
 632.9  3185  5455 107271 
 632.94  3190  5530 108528.5 
 633  3195  5606 94046.75 
 633.05  3200  5682 105211.5 
 633.09  3205  5758 111363.3 
 633.14  3210  5834 86174.25 
 633.19  3215  5910 79956.25 
 633.25  3220  5986 83075 
 633.3  3225  6062 65191.75 
 633.35  3230  6138 59582.5 
 633.39  3235  6214 61263 
 633.45  3240  6291 64467.5 
 633.5  3245  6367 60210 
 633.55  3250  6444 51097 
end
uaIntegration time is 0.2294 seconds per sampledt  4.1E-08 cy 1dh270619Arenosillo 37.1 6.73 3.68pr1000dark .9 
 660.04  2900  1261 676 
 660.1  2905  1333 679.25 
 660.15  2910  1405 697.5 
 660.2  2915  1477 703.75 
 660.24  2920  1549 731.5 
 660.3  2925  1621 729.25 
 660.34  2930  1693 770.75 
 660.4  2935  1765 815 
 660.44  2940  1837 856 
 660.5  2945  1909 917.5 
 660.55  2950  1981 1043.5 
 660.6  2955  2054 1297.25 
 660.65  2960  2126 1636.5 
 660.7  2965  2199 1721.5 
 660.75  2970  2271 1978.5 
 660.81  2975  2344 3305.5 
 660.84  2980  2416 3681.75 
 660.9  2985  2489 3618 
 660.95  2990  2562 5968.5 
 660.99  2995  2635 7428 
 661.05  3000  2708 7138.25 
 661.1  3005  2781 8987 
 661.15  3010  2854 13041 
 661.2  3015  2927 16199.25 
 661.25  3020  3000 13984.5 
 661.3  3025  3073 23462.25 
 661.35  3030  3147 34575.25 
 661.4  3035  3220 38804.25 
 661.45  3040  3294 36258.75 
 661.49  3045  3367 45347 
 661.55  3050  3441 57689 
 661.6  3055  3514 55441 
 661.65  3060  3588 53840.25 
 661.7  3065  3662 60422.75 
 661.75  3070  3736 77286.25 
 661.8  3075  3810 85092.75 
 661.85  3080  3884 86581.25 
 661.89  3085  3958 93269 
 661.94  3090  4032 78101.5 
 662.01  3095  4106 82897.75 
 662.04  3100  4181 80702 
 662.1  3105  4255 122933.5 
 662.15  3110  4329 136722 
 662.2  3115  4404 127022.5 
 662.25  3120  4479 116933.8 
 662.3  3125  4553 129161.8 
 662.35  3130  4628 129637.8 
 662.4  3135  4703 130127.3 
 662.45  3140  4778 139469 
 662.5  3145  4853 116864.8 
 662.54  3150  4928 140137.8 
 662.6  3155  5003 116063 
 662.65  3160  5078 97293.5 
 662.7  3165  5153 123537.3 
 662.75  3170  5228 142676.5 
 662.8  3175  5304 139076.8 
 662.85  3180  5379 101839.8 
 662.9  3185  5455 114846 
 662.95  3190  5530 116866.3 
 663  3195  5606 101363.3 
 663.05  3200  5682 113629.5 
 663.09  3205  5758 120108 
 663.15  3210  5834 93075.25 
 663.2  3215  5910 85799.75 
 663.25  3220  5986 89862.25 
 663.3  3225  6062 70945.5 
 663.35  3230  6138 64010.75 
 663.41  3235  6214 65945.25 
 663.45  3240  6291 69393.75 
 663.49  3245  6367 65029 
 663.54  3250  6444 55210.75 
end
uaIntegration time is 0.2294 seconds per sampledt  4.1E-08 cy 1dh270619Arenosillo 37.1 6.73 3.72pr1000dark 1.7 
 690.04  2900  1261 734 
 690.1  2905  1333 733.75 
 690.15  2910  1405 765.75 
 690.21  2915  1477 766 
 690.25  2920  1549 783.75 
 690.29  2925  1621 796.75 
 690.35  2930  1693 838.75 
 690.4  2935  1765 896 
 690.45  2940  1837 943 
 690.5  2945  1909 1043 
 690.55  2950  1981 1190.75 
 690.6  2955  2054 1516 
 690.65  2960  2126 1931.25 
 690.7  2965  2199 2004.75 
 690.76  2970  2271 2314.25 
 690.8  2975  2344 3867.5 
 690.85  2980  2416 4332.5 
 690.9  2985  2489 4155.5 
 690.95  2990  2562 6958 
 691  2995  2635 8685 
 691.05  3000  2708 8294.5 
 691.1  3005  2781 10389.25 
 691.15  3010  2854 15104 
 691.2  3015  2927 18587.5 
 691.25  3020  3000 15940.25 
 691.31  3025  3073 26890.25 
 691.35  3030  3147 39252.75 
 691.4  3035  3220 43594.75 
 691.45  3040  3294 40620 
 691.5  3045  3367 50550 
 691.55  3050  3441 64153.25 
 691.61  3055  3514 61139.5 
 691.65  3060  3588 59834.75 
 691.7  3065  3662 66405.5 
 691.75  3070  3736 84474.5 
 691.8  3075  3810 92625.75 
 691.86  3080  3884 94139.5 
 691.9  3085  3958 101276 
 691.95  3090  4032 85171.75 
 692  3095  4106 89589.25 
 692.05  3100  4181 86925 
 692.1  3105  4255 130809.5 
 692.15  3110  4329 146489.3 
 692.2  3115  4404 136732.5 
 692.25  3120  4479 125450.5 
 692.3  3125  4553 138018 
 692.35  3130  4628 138756 
 692.41  3135  4703 138754.3 
 692.45  3140  4778 148354.8 
 692.5  3145  4853 124333 
 692.55  3150  4928 149029 
 692.6  3155  5003 124079 
 692.65  3160  5078 103568.5 
 692.71  3165  5153 131469 
 692.75  3170  5228 151174.8 
 692.8  3175  5304 146866.3 
 692.85  3180  5379 107959 
 692.9  3185  5455 121790.8 
 692.96  3190  5530 123896 
 693  3195  5606 107413.5 
 693.05  3200  5682 119459.3 
 693.1  3205  5758 126631.8 
 693.15  3210  5834 97927.5 
 693.2  3215  5910 90459 
 693.26  3220  5986 94332.25 
 693.3  3225  6062 74612.75 
 693.35  3230  6138 67376 
 693.4  3235  6214 69263.75 
 693.45  3240  6291 72790.75 
 693.5  3245  6367 68234 
 693.56  3250  6444 58199.25 
end
uaIntegration time is 0.2294 seconds per sampledt  4.1E-08 cy 1dh270619Arenosillo 37.1 6.73 3.74pr1000dark 1.25 
 720.04  2900  1261 756.75 
 720.09  2905  1333 766.25 
 720.14  2910  1405 786 
 720.19  2915  1477 813.25 
 720.24  2920  1549 834 
 720.31  2925  1621 844 
 720.35  2930  1693 887 
 720.39  2935  1765 954.75 
 720.45  2940  1837 1014.25 
 720.49  2945  1909 1092 
 720.55  2950  1981 1259 
 720.6  2955  2054 1614 
 720.65  2960  2126 2111.5 
 720.69  2965  2199 2193.75 
 720.75  2970  2271 2474.25 
 720.79  2975  2344 4247.75 
 720.84  2980  2416 4735.5 
 720.89  2985  2489 4560.25 
 720.94  2990  2562 7637.25 
 720.99  2995  2635 9424.5 
 721.05  3000  2708 9017 
 721.1  3005  2781 11206.5 
 721.15  3010  2854 16278.5 
 721.2  3015  2927 20077.25 
 721.24  3020  3000 17083.25 
 721.29  3025  3073 28382 
 721.35  3030  3147 41425.25 
 721.39  3035  3220 46398.75 
 721.44  3040  3294 43106 
 721.49  3045  3367 53296 
 721.54  3050  3441 66832 
 721.6  3055  3514 65309 
 721.65  3060  3588 62209 
 721.69  3065  3662 69805.25 
 721.74  3070  3736 87643.75 
 721.79  3075  3810 96789 
 721.84  3080  3884 98420.25 
 721.89  3085  3958 105819.3 
 721.94  3090  4032 89312.75 
 721.99  3095  4106 93072 
 722.04  3100  4181 90048.25 
 722.09  3105  4255 134931 
 722.15  3110  4329 151962.3 
 722.2  3115  4404 141998.5 
 722.25  3120  4479 129669 
 722.3  3125  4553 142648.8 
 722.35  3130  4628 143431.3 
 722.39  3135  4703 142919.3 
 722.44  3140  4778 154132 
 722.5  3145  4853 127969.8 
 722.54  3150  4928 153760 
 722.59  3155  5003 129427 
 722.65  3160  5078 106532.5 
 722.69  3165  5153 134933.8 
 722.75  3170  5228 155232.8 
 722.8  3175  5304 152592.3 
 722.85  3180  5379 111981.8 
 722.9  3185  5455 125099.8 
 722.94  3190  5530 128169.5 
 722.99  3195  5606 110564.5 
 723.05  3200  5682 123812.8 
 723.09  3205  5758 130213.8 
 723.14  3210  5834 101566.3 
 723.2  3215  5910 92892.75 
 723.24  3220  5986 97533.75 
 723.3  3225  6062 77140.5 
 723.35  3230  6138 69363.5 
 723.4  3235  6214 71516.5 
 723.44  3240  6291 74855.5 
 723.49  3245  6367 70659.75 
 723.54  3250  6444 60098.5 
end
uvIntegration time is 0.2294 seconds per sampledt  4.1E-08 cy 4dh270619Arenosillo 37.1 6.73 3.74pr1000dark 10.2 
 749.98  2900  1261 3113 
 750.02  2905  1333 3125 
 750.06  2910  1405 3245 
 750.1  2915  1477 3289 
 750.14  2920  1549 3343 
 750.18  2925  1621 3420 
 750.22  2930  1693 3575 
 750.26  2935  1765 3850 
 750.3  2940  1837 4127 
 750.34  2945  1909 4543 
 750.38  2950  1981 5206 
 750.42  2955  2054 6677 
 750.46  2960  2126 8630 
 750.5  2965  2199 8985 
 750.54  2970  2271 10355 
 750.58  2975  2344 17545 
 750.62  2980  2416 19584 
 750.66  2985  2489 18780 
 750.7  2990  2562 31301 
 750.74  2995  2635 38799 
 750.78  3000  2708 36959 
 750.82  3005  2781 45955 
 750.86  3010  2854 66295 
 750.9  3015  2927 81833 
 750.94  3020  3000 69610 
 750.98  3025  3073 116110 
 751.02  3030  3147 168827 
 751.06  3035  3220 189061 
 751.1  3040  3294 175968 
 751.14  3045  3367 216869 
 751.18  3050  3441 274395 
 751.22  3055  3514 262414 
 751.26  3060  3588 255970 
 751.3  3065  3662 284701 
 751.34  3070  3736 359756 
 751.38  3075  3810 394568 
 751.42  3080  3884 400681 
 751.46  3085  3958 429205 
 751.5  3090  4032 360846 
 751.54  3095  4106 378685 
 751.58  3100  4181 367225 
 751.62  3105  4255 551978 
 751.66  3110  4329 615536 
 751.7  3115  4404 574185 
 751.74  3120  4479 526330 
 751.78  3125  4553 578904 
 751.82  3130  4628 581549 
 751.86  3135  4703 581073 
 751.9  3140  4778 621702 
 751.94  3145  4853 517977 
 751.98  3150  4928 620894 
 752.02  3155  5003 521693 
 752.06  3160  5078 432479 
 752.1  3165  5153 547613 
 752.14  3170  5228 629334 
 752.17  3175  5304 614973 
 752.22  3180  5379 452631 
 752.26  3185  5455 506789 
 752.3  3190  5530 516956 
 752.34  3195  5606 447562 
 752.38  3200  5682 501220 
 752.42  3205  5758 527779 
 752.46  3210  5834 408663 
 752.5  3215  5910 376823 
 752.54  3220  5986 395422 
 752.58  3225  6062 311882 
 752.62  3230  6138 281848 
 752.66  3235  6214 289307 
 752.7  3240  6291 302756 
 752.74  3245  6367 286279 
 752.78  3250  6444 243007 
dark 5 
 752.91  3250  6444 243350 
 752.95  3245  6367 287156 
 752.99  3240  6291 303897 
 753.03  3235  6214 289610 
 753.08  3230  6138 282168 
 753.12  3225  6062 312954 
 753.16  3220  5986 395629 
 753.2  3215  5910 377631 
 753.24  3210  5834 409061 
 753.28  3205  5758 527233 
 753.31  3200  5682 502051 
 753.35  3195  5606 448001 
 753.39  3190  5530 517075 
 753.43  3185  5455 508371 
 753.48  3180  5379 452059 
 753.52  3175  5304 617242 
 753.56  3170  5228 631864 
 753.6  3165  5153 549520 
 753.64  3160  5078 433659 
 753.67  3155  5003 522863 
 753.71  3150  4928 624075 
 753.75  3145  4853 520252 
 753.79  3140  4778 624521 
 753.84  3135  4703 582318 
 753.88  3130  4628 582271 
 753.92  3125  4553 581003 
 753.96  3120  4479 527508 
 754  3115  4404 576043 
 754.04  3110  4329 617399 
 754.07  3105  4255 551383 
 754.11  3100  4181 366473 
 754.15  3095  4106 378454 
 754.19  3090  4032 362449 
 754.24  3085  3958 429779 
 754.28  3080  3884 400243 
 754.32  3075  3810 393401 
 754.36  3070  3736 358714 
 754.39  3065  3662 285561 
 754.43  3060  3588 254068 
 754.47  3055  3514 266065 
 754.51  3050  3441 273523 
 754.55  3045  3367 218105 
 754.59  3040  3294 176203 
 754.64  3035  3220 189890 
 754.68  3030  3147 169167 
 754.72  3025  3073 116847 
 754.75  3020  3000 69544 
 754.79  3015  2927 82213 
 754.83  3010  2854 66634 
 754.87  3005  2781 45859 
 754.91  3000  2708 36966 
 754.95  2995  2635 38674 
 754.99  2990  2562 31295 
 755.04  2985  2489 18702 
 755.08  2980  2416 19733 
 755.12  2975  2344 17609 
 755.15  2970  2271 10234 
 755.19  2965  2199 9048 
 755.23  2960  2126 8650 
 755.27  2955  2054 6700 
 755.33  2950  1981 5230 
 755.37  2945  1909 4540 
 755.41  2940  1837 4162 
 755.45  2935  1765 3822 
 755.49  2930  1693 3523 
 755.53  2925  1621 3433 
 755.57  2920  1549 3384 
 755.61  2915  1477 3243 
 755.65  2910  1405 3191 
 755.69  2905  1333 3138 
 755.73  2900  1261 3050 
end
uaIntegration time is 0.2294 seconds per sampledt  4.1E-08 cy 1dh270619Arenosillo 37.1 6.73 3.72pr1000dark 1 
 780.05  2900  1261 790 
 780.1  2905  1333 801.75 
 780.15  2910  1405 829.25 
 780.21  2915  1477 844 
 780.25  2920  1549 856 
 780.3  2925  1621 866.75 
 780.35  2930  1693 915.75 
 780.4  2935  1765 997.75 
 780.45  2940  1837 1061.75 
 780.51  2945  1909 1171.25 
 780.55  2950  1981 1344.5 
 780.6  2955  2054 1693.25 
 780.65  2960  2126 2192.5 
 780.7  2965  2199 2255.75 
 780.75  2970  2271 2616.5 
 780.8  2975  2344 4419.5 
 780.86  2980  2416 4892.75 
 780.9  2985  2489 4718 
 780.95  2990  2562 7732.75 
 781  2995  2635 9423.25 
 781.05  3000  2708 9274 
 781.1  3005  2781 11459.75 
 781.15  3010  2854 16204.75 
 781.2  3015  2927 20202.75 
 781.25  3020  3000 17098 
 781.3  3025  3073 27267.25 
 781.35  3030  3147 39550 
 781.4  3035  3220 44420 
 781.45  3040  3294 42086.75 
 781.51  3045  3367 46683 
 781.55  3050  3441 58747.25 
 781.6  3055  3514 58320.75 
 781.65  3060  3588 57139.5 
 781.7  3065  3662 62120.75 
 781.75  3070  3736 79173 
 781.81  3075  3810 88660.25 
 781.85  3080  3884 93805 
 781.9  3085  3958 93346.75 
 781.95  3090  4032 73179 
 782  3095  4106 76281 
 782.05  3100  4181 72735.75 
 782.11  3105  4255 119794.5 
 782.15  3110  4329 137953.5 
 782.2  3115  4404 126919 
 782.25  3120  4479 112619 
 782.3  3125  4553 120844 
 782.35  3130  4628 118341.3 
 782.41  3135  4703 118468.5 
 782.45  3140  4778 126814.5 
 782.5  3145  4853 105030 
 782.55  3150  4928 124768.8 
 782.6  3155  5003 102163 
 782.65  3160  5078 83396.75 
 782.71  3165  5153 105826.3 
 782.75  3170  5228 123529 
 782.8  3175  5304 119735.8 
 782.85  3180  5379 87850 
 782.9  3185  5455 98470 
 782.95  3190  5530 102464.8 
 783.01  3195  5606 92230.25 
 783.05  3200  5682 103287.3 
 783.1  3205  5758 111044 
 783.15  3210  5834 87909 
 783.2  3215  5910 83400.5 
 783.25  3220  5986 85057.25 
 783.31  3225  6062 67737.25 
 783.35  3230  6138 63179.25 
 783.4  3235  6214 63408.25 
 783.45  3240  6291 64511 
 783.5  3245  6367 59759.5 
 783.55  3250  6444 51443.5 
end
uaIntegration time is 0.2294 seconds per sampledt  4.1E-08 cy 1dh270619Arenosillo 37.1 6.73 3.72pr1000dark 1.1 
 810.04  2900  1261 711.25 
 810.09  2905  1333 711.5 
 810.15  2910  1405 744 
 810.2  2915  1477 756.5 
 810.24  2920  1549 769.75 
 810.29  2925  1621 769.75 
 810.34  2930  1693 804.75 
 810.39  2935  1765 876.25 
 810.45  2940  1837 919.25 
 810.49  2945  1909 977.5 
 810.54  2950  1981 1147.25 
 810.59  2955  2054 1443.75 
 810.64  2960  2126 1852 
 810.7  2965  2199 1887.75 
 810.75  2970  2271 2203.5 
 810.8  2975  2344 3674.75 
 810.84  2980  2416 4052.75 
 810.9  2985  2489 3977 
 810.94  2990  2562 6572.25 
 810.99  2995  2635 8219.25 
 811.05  3000  2708 7851 
 811.09  3005  2781 9904.5 
 811.14  3010  2854 14410.5 
 811.19  3015  2927 17639.5 
 811.24  3020  3000 15222.5 
 811.29  3025  3073 25847.75 
 811.34  3030  3147 37637.5 
 811.39  3035  3220 41704.25 
 811.45  3040  3294 38952.25 
 811.49  3045  3367 48526.75 
 811.54  3050  3441 61385.75 
 811.6  3055  3514 59013.75 
 811.64  3060  3588 57440.25 
 811.69  3065  3662 64079 
 811.74  3070  3736 81743.5 
 811.79  3075  3810 89493.5 
 811.85  3080  3884 91239.75 
 811.9  3085  3958 97984.75 
 811.95  3090  4032 82065.25 
 811.99  3095  4106 86563 
 812.04  3100  4181 83830.75 
 812.09  3105  4255 127073 
 812.14  3110  4329 142079 
 812.2  3115  4404 132169.3 
 812.24  3120  4479 121568 
 812.29  3125  4553 134365.8 
 812.34  3130  4628 134863.8 
 812.4  3135  4703 135066.5 
 812.45  3140  4778 144348 
 812.5  3145  4853 121198.8 
 812.54  3150  4928 145021.8 
 812.6  3155  5003 119406 
 812.65  3160  5078 100994.5 
 812.69  3165  5153 128683 
 812.74  3170  5228 148130.5 
 812.8  3175  5304 143257.3 
 812.84  3180  5379 104560.8 
 812.9  3185  5455 119275.5 
 812.95  3190  5530 120227 
 813  3195  5606 104903.5 
 813.05  3200  5682 117418.5 
 813.1  3205  5758 123251.5 
 813.15  3210  5834 95316.75 
 813.19  3215  5910 88088.25 
 813.24  3220  5986 91655.5 
 813.29  3225  6062 72112 
 813.34  3230  6138 65596.75 
 813.4  3235  6214 67334.5 
 813.45  3240  6291 70907 
 813.5  3245  6367 66041 
 813.55  3250  6444 56407 
end
uaIntegration time is 0.2294 seconds per sampledt  4.1E-08 cy 1dh270619Arenosillo 37.1 6.73 3.72pr1000dark 1 
 840.04  2900  1261 661.75 
 840.1  2905  1333 684.5 
 840.15  2910  1405 677.75 
 840.2  2915  1477 702.5 
 840.24  2920  1549 710.25 
 840.29  2925  1621 721.75 
 840.34  2930  1693 760.25 
 840.4  2935  1765 783.5 
 840.45  2940  1837 843.75 
 840.5  2945  1909 893.75 
 840.55  2950  1981 998.75 
 840.6  2955  2054 1243.5 
 840.65  2960  2126 1542.25 
 840.7  2965  2199 1617 
 840.75  2970  2271 1829.25 
 840.8  2975  2344 3049.75 
 840.84  2980  2416 3458.75 
 840.9  2985  2489 3366.75 
 840.95  2990  2562 5577 
 841  2995  2635 6996.5 
 841.06  3000  2708 6739.75 
 841.09  3005  2781 8447.5 
 841.15  3010  2854 12391.25 
 841.2  3015  2927 15404.25 
 841.24  3020  3000 13178.75 
 841.3  3025  3073 22322.5 
 841.35  3030  3147 33070.75 
 841.4  3035  3220 37137 
 841.45  3040  3294 34697.5 
 841.5  3045  3367 43399 
 841.55  3050  3441 55537.75 
 841.6  3055  3514 53130.75 
 841.65  3060  3588 52302.25 
 841.7  3065  3662 58193 
 841.75  3070  3736 74141 
 841.8  3075  3810 81984.75 
 841.85  3080  3884 83643.5 
 841.9  3085  3958 90009.5 
 841.95  3090  4032 75873.5 
 842  3095  4106 80000.5 
 842.05  3100  4181 77646.25 
 842.1  3105  4255 117647.5 
 842.14  3110  4329 132517 
 842.2  3115  4404 123513 
 842.25  3120  4479 113519.8 
 842.29  3125  4553 125284.3 
 842.35  3130  4628 126259.8 
 842.4  3135  4703 125758.3 
 842.45  3140  4778 135352.5 
 842.5  3145  4853 113491 
 842.55  3150  4928 136317.5 
 842.6  3155  5003 112991.5 
 842.65  3160  5078 94520.75 
 842.69  3165  5153 120349.8 
 842.75  3170  5228 139276 
 842.8  3175  5304 134887.5 
 842.85  3180  5379 98945 
 842.9  3185  5455 112100.5 
 842.95  3190  5530 113883.8 
 843  3195  5606 98620.25 
 843.05  3200  5682 110340 
 843.1  3205  5758 116353 
 843.15  3210  5834 90412.5 
 843.19  3215  5910 83069.25 
 843.23  3220  5986 179367.5 
 843.3  3225  6062 68356.5 
 843.34  3230  6138 61836.75 
 843.4  3235  6214 63752.25 
 843.45  3240  6291 66861.25 
 843.5  3245  6367 62860.5 
 843.55  3250  6444 53275 
end
