ufIntegration time is 0.2294 seconds per sampledt  4E-08 cy 4dh240619El Arenosillo 37.1 6.73 3.03pr1000dark 2.2 
 299.47  2900  1280 2 
 299.5  2905  1350 3 
 299.54  2910  1420 2 
 299.57  2915  1490 5 
 299.61  2920  1561 1 
 299.64  2925  1631 2 
 299.68  2930  1702 2 
 299.71  2935  1773 2 
 299.75  2940  1843 3 
 299.78  2945  1914 3 
 299.82  2950  1985 3 
 299.85  2955  2056 2 
 299.89  2960  2127 4 
 299.92  2965  2198 3 
 299.96  2970  2269 2 
 299.99  2975  2340 2 
 300.03  2980  2411 3 
 300.06  2985  2483 3 
 300.1  2990  2554 4 
 300.13  2995  2626 1 
 300.16  3000  2697 4 
 300.2  3005  2769 2 
 300.23  3010  2841 3 
 300.27  3015  2912 5 
 300.3  3020  2984 3 
 300.34  3025  3056 4 
 300.37  3030  3128 6 
 300.41  3035  3200 4 
 300.44  3040  3273 7 
 300.48  3045  3345 7 
 300.51  3050  3417 12 
 300.55  3055  3490 8 
 300.58  3060  3562 10 
 300.62  3065  3635 14 
 300.65  3070  3707 19 
 300.69  3075  3780 17 
 300.72  3080  3853 24 
 300.76  3085  3926 21 
 300.79  3090  3998 20 
 300.83  3095  4071 23 
 300.86  3100  4145 29 
 300.9  3105  4218 50 
 300.93  3110  4291 51 
 300.97  3115  4364 55 
 301  3120  4438 59 
 301.04  3125  4511 57 
 301.07  3130  4585 65 
 301.11  3135  4658 66 
 301.14  3140  4732 79 
 301.18  3145  4806 76 
 301.21  3150  4880 99 
 301.25  3155  4954 69 
 301.28  3160  5028 71 
 301.32  3165  5102 128 
 301.35  3170  5176 161 
 301.39  3175  5251 168 
 301.42  3180  5325 97 
 301.46  3185  5399 137 
 301.49  3190  5474 160 
 301.53  3195  5549 123 
 301.56  3200  5623 129 
 301.6  3205  5698 161 
 301.63  3210  5773 167 
 301.67  3215  5848 151 
 301.7  3220  5923 130 
 301.74  3225  5998 102 
 301.77  3230  6073 120 
 301.81  3235  6149 173 
 301.84  3240  6224 195 
 301.88  3245  6300 162 
 301.91  3250  6375 162 
end
uaIntegration time is 0.2294 seconds per sampledt  4E-08 cy 1dh240619El Arenosillo 37.1 6.73 3.68pr1000dark 4.75 
 606.07  2900  1280 57.75 
 606.12  2905  1350 56.5 
 606.17  2910  1420 62 
 606.22  2915  1490 65.25 
 606.27  2920  1561 55.25 
 606.32  2925  1631 55.25 
 606.37  2930  1702 57.5 
 606.42  2935  1773 66 
 606.47  2940  1843 73 
 606.52  2945  1914 79 
 606.57  2950  1985 98.5 
 606.62  2955  2056 132.5 
 606.67  2960  2127 161.5 
 606.72  2965  2198 176 
 606.77  2970  2269 250 
 606.82  2975  2340 393.25 
 606.87  2980  2411 437.5 
 606.92  2985  2483 470.5 
 606.97  2990  2554 820.75 
 607.02  2995  2626 1049.5 
 607.07  3000  2697 997.5 
 607.12  3005  2769 1286 
 607.17  3010  2841 1900 
 607.22  3015  2912 2489.75 
 607.27  3020  2984 2215 
 607.32  3025  3056 3962.25 
 607.37  3030  3128 5984.75 
 607.42  3035  3200 7115 
 607.47  3040  3273 6493 
 607.52  3045  3345 8517.75 
 607.57  3050  3417 11422.25 
 607.62  3055  3490 12466.75 
 607.67  3060  3562 11731.75 
 607.72  3065  3635 12855.5 
 607.77  3070  3707 16272.25 
 607.82  3075  3780 18690.75 
 607.87  3080  3853 19407.25 
 607.92  3085  3926 21464.25 
 607.97  3090  3998 19441.25 
 608.02  3095  4071 22605.75 
 608.07  3100  4145 23568.75 
 608.12  3105  4218 35816.75 
 608.17  3110  4291 39740.75 
 608.22  3115  4364 36708 
 608.27  3120  4438 33875.75 
 608.32  3125  4511 39374.75 
 608.37  3130  4585 38416.5 
 608.42  3135  4658 36852.25 
 608.47  3140  4732 40961.75 
 608.52  3145  4806 34243.5 
 608.57  3150  4880 43176.25 
 608.62  3155  4954 37164 
 608.67  3160  5028 30646 
 608.72  3165  5102 40490.25 
 608.77  3170  5176 48603.75 
 608.82  3175  5251 45919.5 
 608.87  3180  5325 33176.75 
 608.92  3185  5399 40042 
 608.97  3190  5474 41728.75 
 609.02  3195  5549 35289.75 
 609.07  3200  5623 40594.75 
 609.12  3205  5698 43887.75 
 609.17  3210  5773 34567.75 
 609.22  3215  5848 34285.75 
 609.27  3220  5923 36191.25 
 609.32  3225  5998 29056.5 
 609.37  3230  6073 24481 
 609.42  3235  6149 26487.5 
 609.47  3240  6224 27957.25 
 609.52  3245  6300 26004.75 
 609.57  3250  6375 22861.5 
end
uaIntegration time is 0.2294 seconds per sampledt  4E-08 cy 1dh240619El Arenosillo 37.1 6.73 3.66pr1000dark 4.25 
 630.02  2900  1280 52.75 
 630.07  2905  1350 49.75 
 630.12  2910  1420 48.75 
 630.17  2915  1490 50.25 
 630.22  2920  1561 52 
 630.27  2925  1631 52.75 
 630.32  2930  1702 61 
 630.37  2935  1773 61 
 630.42  2940  1843 73 
 630.47  2945  1914 77 
 630.52  2950  1985 90 
 630.57  2955  2056 120 
 630.62  2960  2127 170.75 
 630.67  2965  2198 186 
 630.72  2970  2269 223.25 
 630.77  2975  2340 406.75 
 630.82  2980  2411 458.25 
 630.87  2985  2483 462.5 
 630.92  2990  2554 810.75 
 630.97  2995  2626 1056.5 
 631.02  3000  2697 1028.5 
 631.07  3005  2769 1365.5 
 631.12  3010  2841 2046.5 
 631.17  3015  2912 2623.75 
 631.22  3020  2984 2279.75 
 631.27  3025  3056 4017.25 
 631.32  3030  3128 6025 
 631.37  3035  3200 7101 
 631.42  3040  3273 6761.25 
 631.47  3045  3345 8786.5 
 631.52  3050  3417 11332.25 
 631.57  3055  3490 11284.75 
 631.62  3060  3562 11406.5 
 631.67  3065  3635 13093.5 
 631.72  3070  3707 17519.75 
 631.77  3075  3780 19318.25 
 631.82  3080  3853 19930.75 
 631.87  3085  3926 21645.5 
 631.92  3090  3998 18214.25 
 631.97  3095  4071 19653.5 
 632.02  3100  4145 19020 
 632.07  3105  4218 30469.5 
 632.12  3110  4291 35016 
 632.17  3115  4364 33411.75 
 632.22  3120  4438 30714.25 
 632.27  3125  4511 35004 
 632.32  3130  4585 35822.25 
 632.37  3135  4658 36282.5 
 632.42  3140  4732 40453.25 
 632.47  3145  4806 33266.5 
 632.52  3150  4880 41867.75 
 632.57  3155  4954 35376.75 
 632.62  3160  5028 29137.75 
 632.67  3165  5102 38888.5 
 632.72  3170  5176 46795.25 
 632.77  3175  5251 46123.25 
 632.82  3180  5325 32664.75 
 632.87  3185  5399 37481.25 
 632.92  3190  5474 39201.75 
 632.97  3195  5549 33504.75 
 633.02  3200  5623 38426 
 633.07  3205  5698 41930.5 
 633.12  3210  5773 32192 
 633.17  3215  5848 30065.25 
 633.22  3220  5923 31749 
 633.27  3225  5998 25577 
 633.32  3230  6073 22967.25 
 633.37  3235  6149 24645 
 633.42  3240  6224 26493.75 
 633.47  3245  6300 25296.75 
 633.52  3250  6375 21803.5 
end
uaIntegration time is 0.2294 seconds per sampledt  4E-08 cy 1dh240619El Arenosillo 37.1 6.73 3.62pr1000dark 3.65 
 660.02  2900  1280 59 
 660.07  2905  1350 54.25 
 660.12  2910  1420 63.25 
 660.17  2915  1490 66.5 
 660.22  2920  1561 72.25 
 660.27  2925  1631 73.5 
 660.32  2930  1702 80.75 
 660.37  2935  1773 96.25 
 660.42  2940  1843 86.75 
 660.47  2945  1914 105.5 
 660.52  2950  1985 129 
 660.57  2955  2056 175.5 
 660.62  2960  2127 255.25 
 660.67  2965  2198 265.25 
 660.72  2970  2269 363.5 
 660.77  2975  2340 619.25 
 660.82  2980  2411 707.5 
 660.87  2985  2483 703.5 
 660.92  2990  2554 1233.5 
 660.97  2995  2626 1575.75 
 661.02  3000  2697 1621 
 661.07  3005  2769 2293.75 
 661.12  3010  2841 2964 
 661.17  3015  2912 3668.75 
 661.22  3020  2984 3283.5 
 661.27  3025  3056 6522.75 
 661.32  3030  3128 9371 
 661.37  3035  3200 11282.5 
 661.42  3040  3273 10260 
 661.47  3045  3345 12099.25 
 661.52  3050  3417 14853.25 
 661.57  3055  3490 14524.5 
 661.62  3060  3562 14297.25 
 661.67  3065  3635 17634.25 
 661.72  3070  3707 24038.5 
 661.77  3075  3780 28319.5 
 661.82  3080  3853 30666.75 
 661.87  3085  3926 34104.75 
 661.92  3090  3998 29911.5 
 661.97  3095  4071 30610 
 662.02  3100  4145 30589.5 
 662.07  3105  4218 46146.5 
 662.12  3110  4291 57055 
 662.17  3115  4364 56605.5 
 662.22  3120  4438 49670.25 
 662.27  3125  4511 57194 
 662.32  3130  4585 60307 
 662.37  3135  4658 57596 
 662.42  3140  4732 67391.25 
 662.47  3145  4806 57402.25 
 662.52  3150  4880 71135 
 662.57  3155  4954 60088.5 
 662.62  3160  5028 47632.5 
 662.67  3165  5102 62382 
 662.72  3170  5176 70373.75 
 662.77  3175  5251 72334 
 662.82  3180  5325 56970.25 
 662.87  3185  5399 65344 
 662.92  3190  5474 66736.5 
 662.97  3195  5549 55283.75 
 663.02  3200  5623 64301.5 
 663.07  3205  5698 73609 
 663.12  3210  5773 54884.25 
 663.17  3215  5848 51877 
 663.22  3220  5923 54314.25 
 663.27  3225  5998 43885 
 663.32  3230  6073 36230 
 663.37  3235  6149 34066 
 663.42  3240  6224 34078.5 
 663.47  3245  6300 31650.5 
 663.52  3250  6375 27513.75 
end
uaIntegration time is 0.2294 seconds per sampledt  4E-08 cy 1dh240619El Arenosillo 37.1 6.73 3.64pr1000dark 3.7 
 691.02  2900  1280 55.25 
 691.07  2905  1350 57.5 
 691.12  2910  1420 60.5 
 691.17  2915  1490 62.25 
 691.22  2920  1561 63.25 
 691.27  2925  1631 68.75 
 691.32  2930  1702 80 
 691.37  2935  1773 96.5 
 691.42  2940  1843 103.25 
 691.47  2945  1914 120.75 
 691.52  2950  1985 145.25 
 691.57  2955  2056 206.75 
 691.62  2960  2127 297.75 
 691.67  2965  2198 310.5 
 691.72  2970  2269 389 
 691.77  2975  2340 706.75 
 691.82  2980  2411 823.25 
 691.87  2985  2483 764.75 
 691.92  2990  2554 1355.5 
 691.97  2995  2626 1734.5 
 692.02  3000  2697 1632.75 
 692.07  3005  2769 2109 
 692.12  3010  2841 3049.75 
 692.17  3015  2912 3915.25 
 692.22  3020  2984 3276.5 
 692.27  3025  3056 5460.5 
 692.32  3030  3128 8270 
 692.37  3035  3200 9572.75 
 692.42  3040  3273 8901.5 
 692.47  3045  3345 11266.5 
 692.52  3050  3417 14468.25 
 692.57  3055  3490 14334.5 
 692.62  3060  3562 13760.5 
 692.67  3065  3635 16105.75 
 692.72  3070  3707 20796.25 
 692.77  3075  3780 23653 
 692.82  3080  3853 24682 
 692.87  3085  3926 27833.5 
 692.92  3090  3998 23845.25 
 692.97  3095  4071 26003.25 
 693.02  3100  4145 24796.25 
 693.07  3105  4218 38541 
 693.12  3110  4291 43251.25 
 693.17  3115  4364 39855.25 
 693.22  3120  4438 35508.5 
 693.27  3125  4511 39268.75 
 693.32  3130  4585 39885 
 693.37  3135  4658 38882.5 
 693.42  3140  4732 43016.25 
 693.47  3145  4806 34032.25 
 693.52  3150  4880 42373.5 
 693.57  3155  4954 35837.25 
 693.62  3160  5028 28682.5 
 693.67  3165  5102 37313.25 
 693.72  3170  5176 44221.5 
 693.77  3175  5251 44115.75 
 693.82  3180  5325 31728.75 
 693.87  3185  5399 35739.75 
 693.92  3190  5474 38056.75 
 693.97  3195  5549 32754.75 
 694.02  3200  5623 37213.5 
 694.07  3205  5698 39941.25 
 694.12  3210  5773 30745.25 
 694.17  3215  5848 28397 
 694.22  3220  5923 30706.75 
 694.27  3225  5998 24510 
 694.32  3230  6073 22284.75 
 694.37  3235  6149 23247.25 
 694.42  3240  6224 25101.5 
 694.47  3245  6300 23908.25 
 694.52  3250  6375 20634.25 
end
uaIntegration time is 0.2294 seconds per sampledt  4E-08 cy 1dh240619El Arenosillo 37.1 6.73 3.66pr1000dark 3.3 
 720.02  2900  1280 92 
 720.07  2905  1350 90.75 
 720.12  2910  1420 100 
 720.17  2915  1490 96.5 
 720.22  2920  1561 109 
 720.27  2925  1631 113.75 
 720.32  2930  1702 121 
 720.37  2935  1773 141.5 
 720.42  2940  1843 157.25 
 720.47  2945  1914 187.75 
 720.52  2950  1985 250.25 
 720.57  2955  2056 346.5 
 720.62  2960  2127 493 
 720.67  2965  2198 526.75 
 720.72  2970  2269 621.75 
 720.77  2975  2340 1164.25 
 720.82  2980  2411 1328.25 
 720.87  2985  2483 1243.25 
 720.92  2990  2554 2221.25 
 720.97  2995  2626 2854.25 
 721.02  3000  2697 2681.25 
 721.07  3005  2769 3474.25 
 721.12  3010  2841 5109 
 721.17  3015  2912 6448 
 721.22  3020  2984 5328 
 721.27  3025  3056 9028 
 721.32  3030  3128 13763.5 
 721.37  3035  3200 15758 
 721.42  3040  3273 14757 
 721.47  3045  3345 18781 
 721.52  3050  3417 23828.5 
 721.57  3055  3490 23507.75 
 721.62  3060  3562 22667 
 721.67  3065  3635 25640.5 
 721.72  3070  3707 32920.75 
 721.77  3075  3780 36953.5 
 721.82  3080  3853 38212.5 
 721.87  3085  3926 41973.5 
 721.92  3090  3998 35060 
 721.97  3095  4071 37742 
 722.02  3100  4145 36111.75 
 722.07  3105  4218 56541.25 
 722.12  3110  4291 65831.5 
 722.17  3115  4364 62197.5 
 722.22  3120  4438 56767.25 
 722.27  3125  4511 64001.75 
 722.32  3130  4585 65286.5 
 722.37  3135  4658 65282.25 
 722.42  3140  4732 73276.5 
 722.47  3145  4806 59465.75 
 722.52  3150  4880 74363.5 
 722.57  3155  4954 61978 
 722.62  3160  5028 51529.5 
 722.67  3165  5102 67214.25 
 722.72  3170  5176 79474.25 
 722.77  3175  5251 78974.75 
 722.82  3180  5325 57466.75 
 722.87  3185  5399 64977 
 722.92  3190  5474 68074.5 
 722.97  3195  5549 59842.75 
 723.02  3200  5623 68205.5 
 723.07  3205  5698 73113.75 
 723.12  3210  5773 57025.75 
 723.17  3215  5848 52776.5 
 723.22  3220  5923 56554.75 
 723.27  3225  5998 45109.25 
 723.32  3230  6073 41194.75 
 723.37  3235  6149 42662.25 
 723.42  3240  6224 45750 
 723.47  3245  6300 43419.25 
 723.52  3250  6375 37338.5 
end
uaIntegration time is 0.2294 seconds per sampledt  4E-08 cy 1dh240619El Arenosillo 37.1 6.73 3.7pr1000dark 3.8 
 750.02  2900  1280 97 
 750.07  2905  1350 99 
 750.12  2910  1420 103 
 750.17  2915  1490 100.5 
 750.22  2920  1561 108.5 
 750.27  2925  1631 116.25 
 750.32  2930  1702 124 
 750.37  2935  1773 149.75 
 750.42  2940  1843 163.75 
 750.47  2945  1914 189.25 
 750.52  2950  1985 250.5 
 750.57  2955  2056 360.25 
 750.62  2960  2127 505.75 
 750.67  2965  2198 541.5 
 750.72  2970  2269 643.5 
 750.77  2975  2340 1187 
 750.82  2980  2411 1375.25 
 750.87  2985  2483 1298 
 750.92  2990  2554 2298.75 
 750.97  2995  2626 2926.5 
 751.02  3000  2697 2768.5 
 751.07  3005  2769 3565.5 
 751.12  3010  2841 5217 
 751.17  3015  2912 6519.25 
 751.22  3020  2984 5461.5 
 751.27  3025  3056 9365 
 751.32  3030  3128 14047.75 
 751.37  3035  3200 15991.75 
 751.42  3040  3273 14939.75 
 751.47  3045  3345 19043.25 
 751.52  3050  3417 24131.25 
 751.57  3055  3490 23640.25 
 751.62  3060  3562 22963.5 
 751.67  3065  3635 26004.25 
 751.72  3070  3707 33503.5 
 751.77  3075  3780 37408.75 
 751.82  3080  3853 38679 
 751.87  3085  3926 42578.25 
 751.92  3090  3998 35726.25 
 751.97  3095  4071 38170.25 
 752.02  3100  4145 36562.75 
 752.07  3105  4218 57076 
 752.12  3110  4291 66352.5 
 752.17  3115  4364 57190.75 
 752.22  3120  4438 52916.5 
 752.27  3125  4511 64573.75 
 752.32  3130  4585 66183.25 
 752.37  3135  4658 66276 
 752.42  3140  4732 74065.25 
 752.47  3145  4806 60087.75 
 752.52  3150  4880 75187.75 
 752.57  3155  4954 62860.75 
 752.62  3160  5028 51922.75 
 752.67  3165  5102 67966 
 752.72  3170  5176 80567 
 752.77  3175  5251 79979.25 
 752.82  3180  5325 58107 
 752.87  3185  5399 65595 
 752.92  3190  5474 69016.75 
 752.97  3195  5549 60573.5 
 753.02  3200  5623 69029.75 
 753.07  3205  5698 74226.75 
 753.12  3210  5773 57832.25 
 753.17  3215  5848 53528.5 
 753.22  3220  5923 57643.75 
 753.27  3225  5998 44798.75 
 753.32  3230  6073 41220.25 
 753.37  3235  6149 42572.5 
 753.42  3240  6224 45570.25 
 753.47  3245  6300 42715.5 
 753.52  3250  6375 37917.75 
end
uaIntegration time is 0.2294 seconds per sampledt  4E-08 cy 1dh240619El Arenosillo 37.1 6.73 3.7pr1000dark 4.05 
 780.02  2900  1280 97 
 780.07  2905  1350 93.5 
 780.12  2910  1420 97.25 
 780.17  2915  1490 97 
 780.22  2920  1561 96.5 
 780.27  2925  1631 107 
 780.32  2930  1702 120.75 
 780.37  2935  1773 140 
 780.42  2940  1843 164 
 780.47  2945  1914 187 
 780.52  2950  1985 239.5 
 780.57  2955  2056 345 
 780.62  2960  2127 479 
 780.67  2965  2198 488.25 
 780.72  2970  2269 583.75 
 780.77  2975  2340 984.5 
 780.82  2980  2411 1172 
 780.87  2985  2483 1101.75 
 780.92  2990  2554 2221 
 780.97  2995  2626 2746 
 781.02  3000  2697 2492.5 
 781.07  3005  2769 3471 
 781.12  3010  2841 4996.25 
 781.17  3015  2912 6421.25 
 781.22  3020  2984 5331 
 781.27  3025  3056 9206.25 
 781.32  3030  3128 13835.5 
 781.37  3035  3200 15931.5 
 781.42  3040  3273 14430 
 781.47  3045  3345 18968.25 
 781.52  3050  3417 23741.75 
 781.57  3055  3490 22208.75 
 781.62  3060  3562 22225.75 
 781.67  3065  3635 24953.5 
 781.72  3070  3707 31412 
 781.77  3075  3780 36138.25 
 781.82  3080  3853 37575.5 
 781.87  3085  3926 42027 
 781.92  3090  3998 35471 
 781.97  3095  4071 38006 
 782.02  3100  4145 36319 
 782.07  3105  4218 56873.75 
 782.12  3110  4291 65765.5 
 782.17  3115  4364 62122 
 782.22  3120  4438 56882.75 
 782.27  3125  4511 63993.5 
 782.32  3130  4585 65350 
 782.37  3135  4658 65594 
 782.42  3140  4732 72967.75 
 782.47  3145  4806 59117.5 
 782.52  3150  4880 74516.75 
 782.57  3155  4954 62794.75 
 782.62  3160  5028 51758.25 
 782.67  3165  5102 67920 
 782.72  3170  5176 80213 
 782.77  3175  5251 79795.5 
 782.82  3180  5325 57265 
 782.87  3185  5399 66174.25 
 782.92  3190  5474 68660.5 
 782.97  3195  5549 60551 
 783.02  3200  5623 68802 
 783.07  3205  5698 74036.75 
 783.12  3210  5773 57704.25 
 783.17  3215  5848 53425.5 
 783.22  3220  5923 57399.25 
 783.27  3225  5998 46044.25 
 783.32  3230  6073 41896.75 
 783.37  3235  6149 43335.25 
 783.42  3240  6224 46214.25 
 783.47  3245  6300 43937.5 
 783.52  3250  6375 38164.5 
end
uaIntegration time is 0.2294 seconds per sampledt  4E-08 cy 1dh240619El Arenosillo 37.1 6.73 3.7pr1000dark 3.8 
 810.02  2900  1280 62.25 
 810.07  2905  1350 59 
 810.12  2910  1420 69.5 
 810.17  2915  1490 58.5 
 810.22  2920  1561 60 
 810.27  2925  1631 62 
 810.32  2930  1702 69.5 
 810.37  2935  1773 77.25 
 810.42  2940  1843 88.75 
 810.47  2945  1914 112.25 
 810.52  2950  1985 138.5 
 810.57  2955  2056 190.25 
 810.62  2960  2127 285.25 
 810.67  2965  2198 317.75 
 810.72  2970  2269 377.25 
 810.77  2975  2340 683.5 
 810.82  2980  2411 781.75 
 810.87  2985  2483 780 
 810.92  2990  2554 1328.75 
 810.97  2995  2626 1725.5 
 811.02  3000  2697 1665.5 
 811.07  3005  2769 2263 
 811.12  3010  2841 4026 
 811.17  3015  2912 5336.75 
 811.22  3020  2984 4636.75 
 811.27  3025  3056 8647 
 811.32  3030  3128 11978.75 
 811.37  3035  3200 12563 
 811.42  3040  3273 13123 
 811.47  3045  3345 18769.75 
 811.52  3050  3417 24558 
 811.57  3055  3490 24197 
 811.62  3060  3562 23208.75 
 811.67  3065  3635 26350.75 
 811.72  3070  3707 34372.5 
 811.77  3075  3780 38348 
 811.82  3080  3853 38181.25 
 811.87  3085  3926 41057 
 811.92  3090  3998 31143 
 811.97  3095  4071 31449.5 
 812.02  3100  4145 27688.25 
 812.07  3105  4218 40871 
 812.12  3110  4291 47898.75 
 812.17  3115  4364 45859.5 
 812.22  3120  4438 44818.5 
 812.27  3125  4511 48020.75 
 812.32  3130  4585 47199.75 
 812.37  3135  4658 44505 
 812.42  3140  4732 47919.5 
 812.47  3145  4806 39218.5 
 812.52  3150  4880 47713.25 
 812.57  3155  4954 40235 
 812.62  3160  5028 33008.5 
 812.67  3165  5102 44352.5 
 812.72  3170  5176 55307.25 
 812.77  3175  5251 67119.75 
 812.82  3180  5325 53452.25 
 812.87  3185  5399 64644.25 
 812.92  3190  5474 63150.75 
 812.97  3195  5549 54596 
 813.02  3200  5623 64957 
 813.07  3205  5698 81749.25 
 813.12  3210  5773 61239.75 
 813.17  3215  5848 58140 
 813.22  3220  5923 62561.75 
 813.27  3225  5998 49722.25 
 813.32  3230  6073 44248 
 813.37  3235  6149 46251.75 
 813.42  3240  6224 49336.25 
 813.47  3245  6300 47336.5 
 813.52  3250  6375 41128 
end
uaIntegration time is 0.2294 seconds per sampledt  4E-08 cy 1dh240619El Arenosillo 37.1 6.73 3.7pr1000dark 4.35 
 840.02  2900  1280 55.75 
 840.07  2905  1350 61 
 840.12  2910  1420 64.75 
 840.17  2915  1490 62.75 
 840.22  2920  1561 81.5 
 840.27  2925  1631 67 
 840.32  2930  1702 74.25 
 840.37  2935  1773 76.5 
 840.42  2940  1843 87.25 
 840.47  2945  1914 95.5 
 840.52  2950  1985 118.5 
 840.57  2955  2056 162.75 
 840.62  2960  2127 216.25 
 840.67  2965  2198 227.25 
 840.72  2970  2269 272.5 
 840.77  2975  2340 478.25 
 840.82  2980  2411 547.75 
 840.87  2985  2483 548 
 840.92  2990  2554 943.25 
 840.97  2995  2626 1183.5 
 841.02  3000  2697 1146 
 841.07  3005  2769 1506.75 
 841.12  3010  2841 2199 
 841.17  3015  2912 2874.5 
 841.22  3020  2984 2499.25 
 841.27  3025  3056 4404.25 
 841.32  3030  3128 6547.75 
 841.37  3035  3200 7508.75 
 841.42  3040  3273 7133.25 
 841.47  3045  3345 9181.25 
 841.52  3050  3417 11828.75 
 841.57  3055  3490 11649.75 
 841.62  3060  3562 11496.75 
 841.67  3065  3635 13034.5 
 841.72  3070  3707 17138.5 
 841.77  3075  3780 19236.75 
 841.82  3080  3853 20399.5 
 841.87  3085  3926 22386.25 
 841.92  3090  3998 18543.25 
 841.97  3095  4071 19756.25 
 842.02  3100  4145 19116 
 842.07  3105  4218 30512.5 
 842.12  3110  4291 34202.25 
 842.17  3115  4364 31780.5 
 842.22  3120  4438 29235.5 
 842.27  3125  4511 32834.25 
 842.32  3130  4585 33597.5 
 842.37  3135  4658 33805 
 842.42  3140  4732 37545.25 
 842.47  3145  4806 30891.5 
 842.52  3150  4880 38842.25 
 842.57  3155  4954 32647.75 
 842.62  3160  5028 27268 
 842.67  3165  5102 35752.75 
 842.72  3170  5176 42234.5 
 842.77  3175  5251 41646.25 
 842.82  3180  5325 29786.75 
 842.87  3185  5399 34464 
 842.92  3190  5474 35323 
 842.97  3195  5549 31086.5 
 843.02  3200  5623 35106.5 
 843.07  3205  5698 37694.5 
 843.12  3210  5773 28980.5 
 843.17  3215  5848 27078 
 843.22  3220  5923 28750 
 843.27  3225  5998 22864.5 
 843.32  3230  6073 21403.75 
 843.37  3235  6149 22325 
 843.42  3240  6224 24211 
 843.47  3245  6300 23273.5 
 843.52  3250  6375 20203.5 
end
uaIntegration time is 0.2294 seconds per sampledt  4E-08 cy 1dh240619El Arenosillo 37.1 6.73 3.7pr1000dark 4.25 
 871.02  2900  1280 55.5 
 871.07  2905  1350 58.25 
 871.12  2910  1420 62 
 871.17  2915  1490 57 
 871.22  2920  1561 56 
 871.27  2925  1631 74 
 871.32  2930  1702 63.5 
 871.37  2935  1773 65.5 
 871.42  2940  1843 72.75 
 871.47  2945  1914 80 
 871.52  2950  1985 100 
 871.57  2955  2056 135.5 
 871.62  2960  2127 180 
 871.67  2965  2198 195.75 
 871.72  2970  2269 240.75 
 871.77  2975  2340 449 
 871.82  2980  2411 526.5 
 871.87  2985  2483 573.75 
 871.92  2990  2554 996.75 
 871.97  2995  2626 1316.5 
 872.02  3000  2697 1299 
 872.07  3005  2769 1731.75 
 872.12  3010  2841 2531.25 
 872.17  3015  2912 3160.5 
 872.22  3020  2984 2688 
 872.27  3025  3056 4685.75 
 872.32  3030  3128 6840.25 
 872.37  3035  3200 7810 
 872.42  3040  3273 7854.25 
 872.47  3045  3345 10388 
 872.52  3050  3417 13169.75 
 872.57  3055  3490 12993.75 
 872.62  3060  3562 14000.25 
 872.67  3065  3635 15799 
 872.72  3070  3707 21761 
 872.77  3075  3780 27283.25 
 872.82  3080  3853 27751.25 
 872.87  3085  3926 30515.5 
 872.92  3090  3998 26810.5 
 872.97  3095  4071 25076 
 873.02  3100  4145 23526 
 873.07  3105  4218 38536.5 
 873.12  3110  4291 48456.75 
 873.17  3115  4364 53505.5 
 873.22  3120  4438 50938 
 873.27  3125  4511 57253.75 
 873.32  3130  4585 58009 
 873.37  3135  4658 57989.25 
 873.42  3140  4732 63033.25 
 873.47  3145  4806 51797.25 
 873.52  3150  4880 64683.75 
 873.57  3155  4954 53119.25 
 873.62  3160  5028 43647 
 873.67  3165  5102 57578.5 
 873.72  3170  5176 64755.5 
 873.77  3175  5251 62892.75 
 873.82  3180  5325 39094.5 
 873.87  3185  5399 42226.5 
 873.92  3190  5474 41660.75 
 873.97  3195  5549 35042 
 874.02  3200  5623 39121.5 
 874.07  3205  5698 42785.5 
 874.12  3210  5773 33430.75 
 874.17  3215  5848 33326.5 
 874.22  3220  5923 33720.25 
 874.27  3225  5998 26619.5 
 874.32  3230  6073 25004 
 874.37  3235  6149 27345 
 874.42  3240  6224 27767.25 
 874.47  3245  6300 27329.75 
 874.52  3250  6375 23129.75 
end
uaIntegration time is 0.2294 seconds per sampledt  4E-08 cy 1dh240619El Arenosillo 37.1 6.73 3.68pr1000dark 4.1 
 900.02  2900  1280 70.5 
 900.07  2905  1350 68.25 
 900.12  2910  1420 71.25 
 900.17  2915  1490 74.5 
 900.22  2920  1561 74.25 
 900.27  2925  1631 77.75 
 900.32  2930  1702 78 
 900.37  2935  1773 83.5 
 900.42  2940  1843 97.5 
 900.47  2945  1914 103.75 
 900.52  2950  1985 118.25 
 900.57  2955  2056 156.25 
 900.62  2960  2127 207 
 900.67  2965  2198 230.25 
 900.72  2970  2269 266.75 
 900.77  2975  2340 488.5 
 900.82  2980  2411 566.25 
 900.87  2985  2483 581.5 
 900.92  2990  2554 1016.25 
 900.97  2995  2626 1316.25 
 901.02  3000  2697 1295 
 901.07  3005  2769 1731.25 
 901.12  3010  2841 2588 
 901.17  3015  2912 3345.25 
 901.22  3020  2984 2963.25 
 901.27  3025  3056 5286.5 
 901.32  3030  3128 7902.75 
 901.37  3035  3200 9129 
 901.42  3040  3273 8635.75 
 901.47  3045  3345 11266.75 
 901.52  3050  3417 14689.25 
 901.57  3055  3490 14602.5 
 901.62  3060  3562 14660.75 
 901.67  3065  3635 16579.5 
 901.72  3070  3707 22209.75 
 901.77  3075  3780 25186.5 
 901.82  3080  3853 26349 
 901.87  3085  3926 27510.25 
 901.92  3090  3998 22712.5 
 901.97  3095  4071 25597 
 902.02  3100  4145 21905 
 902.07  3105  4218 29737.5 
 902.12  3110  4291 37179.5 
 902.17  3115  4364 38966.75 
 902.22  3120  4438 38384 
 902.27  3125  4511 47825.75 
 902.32  3130  4585 49283.5 
 902.37  3135  4658 51115.75 
 902.42  3140  4732 50572 
 902.47  3145  4806 42129.5 
 902.52  3150  4880 49438 
 902.57  3155  4954 41071.5 
 902.62  3160  5028 36860 
 902.67  3165  5102 48948.25 
 902.72  3170  5176 63059.25 
 902.77  3175  5251 64142.25 
 902.82  3180  5325 45264 
 902.87  3185  5399 54193.75 
 902.92  3190  5474 55481.25 
 902.97  3195  5549 48706 
 903.02  3200  5623 52349.75 
 903.07  3205  5698 58526 
 903.12  3210  5773 44435.5 
 903.17  3215  5848 44177.75 
 903.22  3220  5923 46404 
 903.27  3225  5998 36986.75 
 903.32  3230  6073 34002.5 
 903.37  3235  6149 36008.75 
 903.42  3240  6224 36007.75 
 903.47  3245  6300 33486.75 
 903.52  3250  6375 28711 
end
uaIntegration time is 0.2294 seconds per sampledt  4E-08 cy 1dh240619El Arenosillo 37.1 6.73 3.68pr1000dark 4.35 
 905.02  2900  1280 68.5 
 905.07  2905  1350 67.75 
 905.12  2910  1420 62.5 
 905.17  2915  1490 66 
 905.22  2920  1561 76.5 
 905.27  2925  1631 71.75 
 905.32  2930  1702 76.5 
 905.37  2935  1773 81.25 
 905.42  2940  1843 91.25 
 905.47  2945  1914 84.5 
 905.52  2950  1985 97.25 
 905.57  2955  2056 125 
 905.62  2960  2127 166.25 
 905.67  2965  2198 178.75 
 905.72  2970  2269 219.75 
 905.77  2975  2340 407.25 
 905.82  2980  2411 438.75 
 905.87  2985  2483 479.5 
 905.92  2990  2554 849.25 
 905.97  2995  2626 1130 
 906.02  3000  2697 1189.5 
 906.07  3005  2769 1420.5 
 906.12  3010  2841 2193.25 
 906.17  3015  2912 2924.75 
 906.22  3020  2984 2728.75 
 906.27  3025  3056 4740.5 
 906.32  3030  3128 6957.75 
 906.37  3035  3200 8279 
 906.42  3040  3273 7969.75 
 906.47  3045  3345 10561.25 
 906.52  3050  3417 12927.25 
 906.57  3055  3490 12856.5 
 906.62  3060  3562 14463.25 
 906.67  3065  3635 16154.75 
 906.72  3070  3707 21485.5 
 906.77  3075  3780 23348.5 
 906.82  3080  3853 23487.75 
 906.87  3085  3926 26758.75 
 906.92  3090  3998 21820.5 
 906.97  3095  4071 25325.75 
 907.02  3100  4145 24523.75 
 907.07  3105  4218 40676.5 
 907.12  3110  4291 46160 
 907.17  3115  4364 43766.25 
 907.22  3120  4438 40507.75 
 907.27  3125  4511 46204.75 
 907.32  3130  4585 47414 
 907.37  3135  4658 47880.25 
 907.42  3140  4732 52973 
 907.47  3145  4806 43908.75 
 907.52  3150  4880 54977.5 
 907.57  3155  4954 45897.25 
 907.62  3160  5028 38230 
 907.67  3165  5102 51090.25 
 907.72  3170  5176 60722.25 
 907.77  3175  5251 59306.5 
 907.82  3180  5325 43044 
 907.87  3185  5399 51212.25 
 907.92  3190  5474 53162 
 907.97  3195  5549 46298.5 
 908.02  3200  5623 52749 
 908.07  3205  5698 57448.25 
 908.12  3210  5773 44402.5 
 908.17  3215  5848 42100.5 
 908.22  3220  5923 44326 
 908.27  3225  5998 34793 
 908.32  3230  6073 32921.25 
 908.37  3235  6149 34154.25 
 908.42  3240  6224 36383.75 
 908.47  3245  6300 34236.5 
 908.52  3250  6375 29442.25 
end
uaIntegration time is 0.2294 seconds per sampledt  4E-08 cy 1dh240619El Arenosillo 37.1 6.73 3.7pr1000dark 4.15 
 930.02  2900  1280 60.25 
 930.07  2905  1350 60.5 
 930.12  2910  1420 69 
 930.17  2915  1490 58.25 
 930.22  2920  1561 59.75 
 930.27  2925  1631 60.25 
 930.32  2930  1702 70.25 
 930.37  2935  1773 76.75 
 930.42  2940  1843 75.75 
 930.47  2945  1914 77.75 
 930.52  2950  1985 89.75 
 930.57  2955  2056 109.5 
 930.62  2960  2127 135.5 
 930.67  2965  2198 144.25 
 930.72  2970  2269 175.25 
 930.77  2975  2340 300 
 930.82  2980  2411 343 
 930.87  2985  2483 358.75 
 930.92  2990  2554 614.25 
 930.97  2995  2626 827.75 
 931.02  3000  2697 837.75 
 931.07  3005  2769 1110 
 931.12  3010  2841 1718.25 
 931.17  3015  2912 2260.25 
 931.22  3020  2984 2007 
 931.27  3025  3056 3611.75 
 931.32  3030  3128 5429.5 
 931.37  3035  3200 6470 
 931.42  3040  3273 6140 
 931.47  3045  3345 8103.25 
 931.52  3050  3417 10823 
 931.57  3055  3490 10872 
 931.62  3060  3562 10804 
 931.67  3065  3635 12482.5 
 931.72  3070  3707 16809.25 
 931.77  3075  3780 19117.25 
 931.82  3080  3853 20037 
 931.87  3085  3926 22372 
 931.92  3090  3998 19123.75 
 931.97  3095  4071 21154.75 
 932.02  3100  4145 20736.5 
 932.07  3105  4218 33402.25 
 932.12  3110  4291 38395.75 
 932.17  3115  4364 36580.75 
 932.22  3120  4438 34025.75 
 932.27  3125  4511 39006 
 932.32  3130  4585 40267.75 
 932.37  3135  4658 40587.75 
 932.42  3140  4732 45525.5 
 932.47  3145  4806 37850.75 
 932.52  3150  4880 47720.75 
 932.57  3155  4954 40051.75 
 932.62  3160  5028 32975.25 
 932.67  3165  5102 43932 
 932.72  3170  5176 52459.5 
 932.77  3175  5251 51556 
 932.82  3180  5325 37336.25 
 932.87  3185  5399 43442 
 932.92  3190  5474 46418.75 
 932.97  3195  5549 39325 
 933.02  3200  5623 45099 
 933.07  3205  5698 49433 
 933.12  3210  5773 38575.75 
 933.17  3215  5848 36250.75 
 933.22  3220  5923 38032.5 
 933.27  3225  5998 30238 
 933.32  3230  6073 28045.25 
 933.37  3235  6149 29486.5 
 933.42  3240  6224 31693.25 
 933.47  3245  6300 29789.75 
 933.52  3250  6375 25730.75 
end
uaIntegration time is 0.2294 seconds per sampledt  4E-08 cy 1dh240619El Arenosillo 37.1 6.73 3.68pr1000dark 3.9 
 935.02  2900  1280 52.25 
 935.07  2905  1350 55.25 
 935.12  2910  1420 58.75 
 935.17  2915  1490 62.75 
 935.22  2920  1561 65 
 935.27  2925  1631 66 
 935.32  2930  1702 61.75 
 935.37  2935  1773 73.5 
 935.42  2940  1843 70.25 
 935.47  2945  1914 75 
 935.52  2950  1985 80 
 935.57  2955  2056 98 
 935.62  2960  2127 132.5 
 935.67  2965  2198 136.75 
 935.72  2970  2269 163.25 
 935.77  2975  2340 267.25 
 935.82  2980  2411 317 
 935.87  2985  2483 333 
 935.92  2990  2554 561 
 935.97  2995  2626 757.5 
 936.02  3000  2697 766.5 
 936.07  3005  2769 1048.75 
 936.12  3010  2841 1577.5 
 936.17  3015  2912 2078.5 
 936.22  3020  2984 1861.5 
 936.27  3025  3056 3342.5 
 936.32  3030  3128 5117.25 
 936.37  3035  3200 6079.75 
 936.42  3040  3273 5784.5 
 936.47  3045  3345 7699.5 
 936.52  3050  3417 10377.5 
 936.57  3055  3490 10383 
 936.62  3060  3562 10248.5 
 936.67  3065  3635 11848.25 
 936.72  3070  3707 15856.5 
 936.77  3075  3780 18149.25 
 936.82  3080  3853 19012.25 
 936.87  3085  3926 21259 
 936.92  3090  3998 18207.75 
 936.97  3095  4071 20231.5 
 937.02  3100  4145 19893.5 
 937.07  3105  4218 31915.25 
 937.12  3110  4291 36934 
 937.17  3115  4364 35362 
 937.22  3120  4438 32917 
 937.27  3125  4511 37779 
 937.32  3130  4585 38897.25 
 937.37  3135  4658 39069 
 937.42  3140  4732 44181 
 937.47  3145  4806 36766 
 937.52  3150  4880 46244.75 
 937.57  3155  4954 39232 
 937.62  3160  5028 32350.5 
 937.67  3165  5102 42846.5 
 937.72  3170  5176 50425.75 
 937.77  3175  5251 50408.75 
 937.82  3180  5325 33525.5 
 937.87  3185  5399 40650.5 
 937.92  3190  5474 45139 
 937.97  3195  5549 38949.25 
 938.02  3200  5623 44888.25 
 938.07  3205  5698 49008.5 
 938.12  3210  5773 37965 
 938.17  3215  5848 35249 
 938.22  3220  5923 36753 
 938.27  3225  5998 30217.75 
 938.32  3230  6073 27721.75 
 938.37  3235  6149 29148 
 938.42  3240  6224 31354.5 
 938.47  3245  6300 29234 
 938.52  3250  6375 25284 
end
uaIntegration time is 0.2294 seconds per sampledt  4E-08 cy 1dh240619El Arenosillo 37.1 6.73 3.7pr1000dark 4.1 
 960.02  2900  1280 45.75 
 960.07  2905  1350 46 
 960.12  2910  1420 46 
 960.17  2915  1490 48.5 
 960.22  2920  1561 49.5 
 960.27  2925  1631 49 
 960.32  2930  1702 53.5 
 960.37  2935  1773 56 
 960.42  2940  1843 52.5 
 960.47  2945  1914 59.25 
 960.52  2950  1985 61.5 
 960.57  2955  2056 76.25 
 960.62  2960  2127 87 
 960.67  2965  2198 91 
 960.72  2970  2269 108.75 
 960.77  2975  2340 166.75 
 960.82  2980  2411 203.5 
 960.87  2985  2483 208.5 
 960.92  2990  2554 351.5 
 960.97  2995  2626 483 
 961.02  3000  2697 500.25 
 961.07  3005  2769 670.25 
 961.12  3010  2841 1033.25 
 961.17  3015  2912 1406.5 
 961.22  3020  2984 1253.25 
 961.27  3025  3056 2226 
 961.32  3030  3128 3463.25 
 961.37  3035  3200 4235.5 
 961.42  3040  3273 4121.25 
 961.47  3045  3345 5525.75 
 961.52  3050  3417 7481 
 961.57  3055  3490 7593.75 
 961.62  3060  3562 7573.75 
 961.67  3065  3635 8906 
 961.72  3070  3707 11966 
 961.77  3075  3780 14078.5 
 961.82  3080  3853 14920.25 
 961.87  3085  3926 16929.25 
 961.92  3090  3998 14532.5 
 961.97  3095  4071 16392 
 962.02  3100  4145 16161 
 962.07  3105  4218 25770 
 962.12  3110  4291 30214.75 
 962.17  3115  4364 29076.75 
 962.22  3120  4438 27225.75 
 962.27  3125  4511 31516.5 
 962.32  3130  4585 32520.25 
 962.37  3135  4658 32726.75 
 962.42  3140  4732 37107.5 
 962.47  3145  4806 30787.5 
 962.52  3150  4880 39066 
 962.57  3155  4954 32899.25 
 962.62  3160  5028 27572.5 
 962.67  3165  5102 36738.75 
 962.72  3170  5176 43568.25 
 962.77  3175  5251 43185.25 
 962.82  3180  5325 31445.75 
 962.87  3185  5399 36168.5 
 962.92  3190  5474 38552.25 
 962.97  3195  5549 32958.5 
 963.02  3200  5623 38040 
 963.07  3205  5698 42210.75 
 963.12  3210  5773 33138 
 963.17  3215  5848 30807.5 
 963.22  3220  5923 32514 
 963.27  3225  5998 25800.5 
 963.32  3230  6073 23076.75 
 963.37  3235  6149 23794.25 
 963.42  3240  6224 25824 
 963.47  3245  6300 24568.25 
 963.52  3250  6375 21296.25 
end
uaIntegration time is 0.2294 seconds per sampledt  4E-08 cy 1dh240619El Arenosillo 37.1 6.73 3.68pr1000dark 4.05 
 990.02  2900  1280 38.5 
 990.07  2905  1350 43 
 990.12  2910  1420 35.75 
 990.17  2915  1490 38.25 
 990.22  2920  1561 42.25 
 990.27  2925  1631 38.5 
 990.32  2930  1702 41.5 
 990.37  2935  1773 43 
 990.42  2940  1843 43 
 990.47  2945  1914 41.75 
 990.52  2950  1985 43.25 
 990.57  2955  2056 48.75 
 990.62  2960  2127 54 
 990.67  2965  2198 56.5 
 990.72  2970  2269 65.5 
 990.77  2975  2340 91 
 990.82  2980  2411 108 
 990.87  2985  2483 116 
 990.92  2990  2554 185 
 990.97  2995  2626 259 
 991.02  3000  2697 268.75 
 991.07  3005  2769 373.5 
 991.12  3010  2841 579 
 991.17  3015  2912 794.5 
 991.22  3020  2984 726 
 991.27  3025  3056 1309.5 
 991.32  3030  3128 2129.5 
 991.37  3035  3200 2627 
 991.42  3040  3273 2564 
 991.47  3045  3345 3545.25 
 991.52  3050  3417 4924 
 991.57  3055  3490 5117 
 991.62  3060  3562 5021 
 991.67  3065  3635 6011 
 991.72  3070  3707 8406.5 
 991.77  3075  3780 9985.25 
 991.82  3080  3853 10554.75 
 991.87  3085  3926 11992.25 
 991.92  3090  3998 10436.5 
 991.97  3095  4071 11827 
 992.02  3100  4145 11842 
 992.07  3105  4218 18822.75 
 992.12  3110  4291 22481.75 
 992.17  3115  4364 21713.5 
 992.22  3120  4438 20765.75 
 992.27  3125  4511 24101.25 
 992.32  3130  4585 25152.5 
 992.37  3135  4658 25069.5 
 992.42  3140  4732 28996.25 
 992.47  3145  4806 24295 
 992.52  3150  4880 31083 
 992.57  3155  4954 25784.25 
 992.62  3160  5028 21840.75 
 992.67  3165  5102 29400.5 
 992.72  3170  5176 34887 
 992.77  3175  5251 34977.75 
 992.82  3180  5325 25618 
 992.87  3185  5399 29800 
 992.92  3190  5474 32341.5 
 992.97  3195  5549 27160.75 
 993.02  3200  5623 31083.25 
 993.07  3205  5698 34522.25 
 993.12  3210  5773 27560.25 
 993.17  3215  5848 25337.5 
 993.22  3220  5923 26869.5 
 993.27  3225  5998 21360.5 
 993.32  3230  6073 19737.75 
 993.37  3235  6149 21217.5 
 993.42  3240  6224 22765.5 
 993.47  3245  6300 21405.75 
 993.52  3250  6375 18160.5 
end
uaIntegration time is 0.2294 seconds per sampledt  4E-08 cy 1dh240619El Arenosillo 37.1 6.73 3.64pr1000dark 3.8 
 1020.02  2900  1280 27.25 
 1020.07  2905  1350 32.75 
 1020.12  2910  1420 36.5 
 1020.17  2915  1490 31.75 
 1020.22  2920  1561 33.25 
 1020.27  2925  1631 32.25 
 1020.32  2930  1702 32.5 
 1020.37  2935  1773 38 
 1020.42  2940  1843 32.5 
 1020.47  2945  1914 30.25 
 1020.52  2950  1985 39.25 
 1020.57  2955  2056 34.5 
 1020.62  2960  2127 38.5 
 1020.67  2965  2198 37 
 1020.72  2970  2269 38.75 
 1020.77  2975  2340 48.75 
 1020.82  2980  2411 63.75 
 1020.87  2985  2483 62 
 1020.92  2990  2554 84.75 
 1020.97  2995  2626 113.75 
 1021.02  3000  2697 130.25 
 1021.07  3005  2769 174.5 
 1021.12  3010  2841 269 
 1021.17  3015  2912 367.5 
 1021.22  3020  2984 348.75 
 1021.27  3025  3056 656.25 
 1021.32  3030  3128 1063.75 
 1021.37  3035  3200 1343.75 
 1021.42  3040  3273 1346.5 
 1021.47  3045  3345 1857 
 1021.52  3050  3417 2683.5 
 1021.57  3055  3490 2892.25 
 1021.62  3060  3562 2880 
 1021.67  3065  3635 3526 
 1021.72  3070  3707 5070.5 
 1021.77  3075  3780 6125.75 
 1021.82  3080  3853 6513 
 1021.87  3085  3926 7500 
 1021.92  3090  3998 6615.5 
 1021.97  3095  4071 7673 
 1022.02  3100  4145 7805.25 
 1022.07  3105  4218 12654 
 1022.12  3110  4291 15039.25 
 1022.17  3115  4364 14609 
 1022.22  3120  4438 14324.75 
 1022.27  3125  4511 16833 
 1022.32  3130  4585 17622.5 
 1022.37  3135  4658 17552 
 1022.42  3140  4732 20533.25 
 1022.47  3145  4806 17644.75 
 1022.52  3150  4880 22517.5 
 1022.57  3155  4954 18565.25 
 1022.62  3160  5028 15991.25 
 1022.67  3165  5102 21803.25 
 1022.72  3170  5176 25839.25 
 1022.77  3175  5251 25730.75 
 1022.82  3180  5325 18931 
 1022.87  3185  5399 22494.75 
 1022.92  3190  5474 24287.5 
 1022.97  3195  5549 20520 
 1023.02  3200  5623 23469 
 1023.07  3205  5698 26408 
 1023.12  3210  5773 21055 
 1023.17  3215  5848 19592 
 1023.22  3220  5923 20324.75 
 1023.27  3225  5998 16207.25 
 1023.32  3230  6073 15229.5 
 1023.37  3235  6149 16446.75 
 1023.42  3240  6224 17758 
 1023.47  3245  6300 16661 
 1023.52  3250  6375 13983.25 
end
uaIntegration time is 0.2294 seconds per sampledt  4E-08 cy 1dh240619El Arenosillo 37.1 6.73 3.6pr1000dark 3.8 
 1050.02  2900  1280 19.5 
 1050.07  2905  1350 17.75 
 1050.12  2910  1420 21.25 
 1050.17  2915  1490 21.75 
 1050.22  2920  1561 20.75 
 1050.27  2925  1631 20.25 
 1050.32  2930  1702 21.25 
 1050.37  2935  1773 20.5 
 1050.42  2940  1843 20.75 
 1050.47  2945  1914 21.75 
 1050.52  2950  1985 20.75 
 1050.57  2955  2056 21.75 
 1050.62  2960  2127 21.25 
 1050.67  2965  2198 24.5 
 1050.72  2970  2269 24 
 1050.77  2975  2340 27 
 1050.82  2980  2411 27.75 
 1050.87  2985  2483 35.5 
 1050.92  2990  2554 37 
 1050.97  2995  2626 47 
 1051.02  3000  2697 47.25 
 1051.07  3005  2769 64 
 1051.12  3010  2841 104.75 
 1051.17  3015  2912 140 
 1051.22  3020  2984 139.75 
 1051.27  3025  3056 249.25 
 1051.32  3030  3128 426 
 1051.37  3035  3200 543 
 1051.42  3040  3273 562.75 
 1051.47  3045  3345 797.25 
 1051.52  3050  3417 1203.25 
 1051.57  3055  3490 1341.5 
 1051.62  3060  3562 1379.5 
 1051.67  3065  3635 1690.25 
 1051.72  3070  3707 2527 
 1051.77  3075  3780 3189.75 
 1051.82  3080  3853 3397.75 
 1051.87  3085  3926 3991 
 1051.92  3090  3998 3544 
 1051.97  3095  4071 4351.75 
 1052.02  3100  4145 4472.25 
 1052.07  3105  4218 7447.5 
 1052.12  3110  4291 8839.75 
 1052.17  3115  4364 8635.75 
 1052.22  3120  4438 8689.25 
 1052.27  3125  4511 10486.25 
 1052.32  3130  4585 10993.75 
 1052.37  3135  4658 10893 
 1052.42  3140  4732 12999 
 1052.47  3145  4806 11621.5 
 1052.52  3150  4880 14749.5 
 1052.57  3155  4954 11973.5 
 1052.62  3160  5028 10710.75 
 1052.67  3165  5102 14724.75 
 1052.72  3170  5176 17447.25 
 1052.77  3175  5251 17196 
 1052.82  3180  5325 12896 
 1052.87  3185  5399 15991.5 
 1052.92  3190  5474 16925.75 
 1052.97  3195  5549 14271 
 1053.02  3200  5623 16251.5 
 1053.07  3205  5698 18575.5 
 1053.12  3210  5773 15151.75 
 1053.17  3215  5848 14096 
 1053.22  3220  5923 14219.75 
 1053.27  3225  5998 11285.25 
 1053.32  3230  6073 11044.5 
 1053.37  3235  6149 11975.75 
 1053.42  3240  6224 12915.75 
 1053.47  3245  6300 12044 
 1053.52  3250  6375 10065.75 
end
uaIntegration time is 0.2294 seconds per sampledt  4E-08 cy 1dh240619El Arenosillo 37.1 6.73 3.58pr1000dark 3 
 1080.02  2900  1280 12.25 
 1080.07  2905  1350 13.25 
 1080.12  2910  1420 13.75 
 1080.17  2915  1490 14.5 
 1080.22  2920  1561 12.5 
 1080.27  2925  1631 13 
 1080.32  2930  1702 12 
 1080.37  2935  1773 13.5 
 1080.42  2940  1843 14 
 1080.47  2945  1914 14.25 
 1080.52  2950  1985 13.25 
 1080.57  2955  2056 13 
 1080.62  2960  2127 14.75 
 1080.67  2965  2198 14.25 
 1080.72  2970  2269 15.25 
 1080.77  2975  2340 16.25 
 1080.82  2980  2411 15.5 
 1080.87  2985  2483 16.5 
 1080.92  2990  2554 17.75 
 1080.97  2995  2626 23 
 1081.02  3000  2697 22 
 1081.07  3005  2769 27.25 
 1081.12  3010  2841 37 
 1081.17  3015  2912 44.5 
 1081.22  3020  2984 45.5 
 1081.27  3025  3056 79.5 
 1081.32  3030  3128 131.25 
 1081.37  3035  3200 168 
 1081.42  3040  3273 176.25 
 1081.47  3045  3345 266.75 
 1081.52  3050  3417 401 
 1081.57  3055  3490 464 
 1081.62  3060  3562 494.25 
 1081.67  3065  3635 613.25 
 1081.72  3070  3707 978.25 
 1081.77  3075  3780 1276.75 
 1081.82  3080  3853 1374.5 
 1081.87  3085  3926 1652.25 
 1081.92  3090  3998 1498.75 
 1081.97  3095  4071 1962.25 
 1082.02  3100  4145 2073.5 
 1082.07  3105  4218 3508 
 1082.12  3110  4291 4169.25 
 1082.17  3115  4364 4174 
 1082.22  3120  4438 4396.25 
 1082.27  3125  4511 5403.75 
 1082.32  3130  4585 5771 
 1082.37  3135  4658 5715.5 
 1082.42  3140  4732 6931.25 
 1082.47  3145  4806 6458 
 1082.52  3150  4880 8250.75 
 1082.57  3155  4954 6624.25 
 1082.62  3160  5028 6094 
 1082.67  3165  5102 8639 
 1082.72  3170  5176 10145.5 
 1082.77  3175  5251 9977.75 
 1082.82  3180  5325 7591.5 
 1082.87  3185  5399 9681 
 1082.92  3190  5474 10413 
 1082.97  3195  5549 8667.75 
 1083.02  3200  5623 9842.25 
 1083.07  3205  5698 11506 
 1083.12  3210  5773 9632.25 
 1083.17  3215  5848 9050.5 
 1083.22  3220  5923 8875.5 
 1083.27  3225  5998 7084 
 1083.32  3230  6073 6985.25 
 1083.37  3235  6149 7822.5 
 1083.42  3240  6224 8457.5 
 1083.47  3245  6300 7846.25 
 1083.52  3250  6375 6457.75 
end
uaIntegration time is 0.2294 seconds per sampledt  4E-08 cy 1dh240619El Arenosillo 37.1 6.73 3.52pr1000dark 2.85 
 1110.02  2900  1280 7.5 
 1110.07  2905  1350 7.75 
 1110.12  2910  1420 8.25 
 1110.17  2915  1490 7 
 1110.22  2920  1561 8.5 
 1110.27  2925  1631 8.25 
 1110.32  2930  1702 8 
 1110.37  2935  1773 7.5 
 1110.42  2940  1843 7.25 
 1110.47  2945  1914 6.75 
 1110.52  2950  1985 8 
 1110.57  2955  2056 8 
 1110.62  2960  2127 7.75 
 1110.67  2965  2198 8.5 
 1110.72  2970  2269 8.5 
 1110.77  2975  2340 8.75 
 1110.82  2980  2411 9 
 1110.87  2985  2483 9.25 
 1110.92  2990  2554 10.75 
 1110.97  2995  2626 11.25 
 1111.02  3000  2697 12 
 1111.07  3005  2769 10.25 
 1111.12  3010  2841 17 
 1111.17  3015  2912 18.5 
 1111.22  3020  2984 17.5 
 1111.27  3025  3056 30.5 
 1111.32  3030  3128 38.5 
 1111.37  3035  3200 45.75 
 1111.42  3040  3273 47 
 1111.47  3045  3345 67.75 
 1111.52  3050  3417 108.75 
 1111.57  3055  3490 117 
 1111.62  3060  3562 135.25 
 1111.67  3065  3635 167.25 
 1111.72  3070  3707 275.5 
 1111.77  3075  3780 369 
 1111.82  3080  3853 404 
 1111.87  3085  3926 493.25 
 1111.92  3090  3998 466.75 
 1111.97  3095  4071 658.25 
 1112.02  3100  4145 717.25 
 1112.07  3105  4218 1231 
 1112.12  3110  4291 1464.5 
 1112.17  3115  4364 1506 
 1112.22  3120  4438 1665 
 1112.27  3125  4511 2141.5 
 1112.32  3130  4585 2348.75 
 1112.37  3135  4658 2320 
 1112.42  3140  4732 2899.5 
 1112.47  3145  4806 2892.75 
 1112.52  3150  4880 3653.75 
 1112.57  3155  4954 2930.25 
 1112.62  3160  5028 2798.75 
 1112.67  3165  5102 4116.5 
 1112.72  3170  5176 4834.75 
 1112.77  3175  5251 4618 
 1112.82  3180  5325 3723.75 
 1112.87  3185  5399 4984 
 1112.92  3190  5474 5336.5 
 1112.97  3195  5549 4335.75 
 1113.02  3200  5623 4931 
 1113.07  3205  5698 6031 
 1113.12  3210  5773 5157.5 
 1113.17  3215  5848 4914.5 
 1113.22  3220  5923 4616.5 
 1113.27  3225  5998 3692.5 
 1113.32  3230  6073 3817.25 
 1113.37  3235  6149 4415.5 
 1113.42  3240  6224 4770.5 
 1113.47  3245  6300 4295.5 
 1113.52  3250  6375 3507.75 
end
uaIntegration time is 0.2294 seconds per sampledt  4E-08 cy 1dh240619El Arenosillo 37.1 6.73 3.47pr1000dark 2.85 
 1140.02  2900  1280 4 
 1140.07  2905  1350 4.5 
 1140.12  2910  1420 4.5 
 1140.17  2915  1490 3.75 
 1140.22  2920  1561 4.75 
 1140.27  2925  1631 4.5 
 1140.32  2930  1702 4.75 
 1140.37  2935  1773 4.5 
 1140.42  2940  1843 4.25 
 1140.47  2945  1914 4.75 
 1140.52  2950  1985 4 
 1140.57  2955  2056 4.25 
 1140.62  2960  2127 4.25 
 1140.67  2965  2198 4.5 
 1140.72  2970  2269 5.25 
 1140.77  2975  2340 4.25 
 1140.82  2980  2411 4.5 
 1140.87  2985  2483 5.25 
 1140.92  2990  2554 5.75 
 1140.97  2995  2626 6.75 
 1141.02  3000  2697 6 
 1141.07  3005  2769 7.5 
 1141.12  3010  2841 8 
 1141.17  3015  2912 7.5 
 1141.22  3020  2984 8.5 
 1141.27  3025  3056 12.75 
 1141.32  3030  3128 16.25 
 1141.37  3035  3200 19.75 
 1141.42  3040  3273 19 
 1141.47  3045  3345 21.75 
 1141.52  3050  3417 34.5 
 1141.57  3055  3490 40.25 
 1141.62  3060  3562 37 
 1141.67  3065  3635 45.75 
 1141.72  3070  3707 69 
 1141.77  3075  3780 89.75 
 1141.82  3080  3853 97.75 
 1141.87  3085  3926 122.5 
 1141.92  3090  3998 107.5 
 1141.97  3095  4071 154.75 
 1142.02  3100  4145 166.75 
 1142.07  3105  4218 281.5 
 1142.12  3110  4291 348.75 
 1142.17  3115  4364 365.25 
 1142.22  3120  4438 410 
 1142.27  3125  4511 543.75 
 1142.32  3130  4585 608.5 
 1142.37  3135  4658 595 
 1142.42  3140  4732 795.5 
 1142.47  3145  4806 838.25 
 1142.52  3150  4880 1092.5 
 1142.57  3155  4954 856.25 
 1142.62  3160  5028 869 
 1142.67  3165  5102 1356.5 
 1142.72  3170  5176 1624.75 
 1142.77  3175  5251 1515.5 
 1142.82  3180  5325 1273 
 1142.87  3185  5399 1833 
 1142.92  3190  5474 2062.25 
 1142.97  3195  5549 1587 
 1143.02  3200  5623 1792.25 
 1143.07  3205  5698 2336.25 
 1143.12  3210  5773 2131.5 
 1143.17  3215  5848 2074.75 
 1143.22  3220  5923 1837.75 
 1143.27  3225  5998 1473.25 
 1143.32  3230  6073 1564 
 1143.37  3235  6149 1957.25 
 1143.42  3240  6224 2173.75 
 1143.47  3245  6300 1881 
 1143.52  3250  6375 1476.25 
end
