uxIntegration time is 0.2294 seconds per sampledt  3.3E-08 cy 1dh210619El Arenosillo 37.1 6.73 2.857833pr1000dark .2 
 301.03  2900  777 .5 
 301.06  2905  842 .25 
 301.09  2910  907 .25 
 301.12  2915  972 0 
 301.15  2920  1037 .25 
 301.18  2925  1102 0 
 301.21  2930  1168 .5 
 301.24  2935  1233 .5 
 301.27  2940  1299 .25 
 301.3  2945  1365 .25 
 301.33  2950  1431 .5 
 301.36  2955  1497 .5 
 301.39  2960  1563 .25 
 301.42  2965  1629 .5 
 301.45  2970  1695 .5 
 301.48  2975  1761 .75 
 301.51  2980  1828 .5 
 301.55  2985  1894 .5 
 301.58  2990  1961 .5 
 301.61  2995  2028 .5 
 301.63  3000  2095 0 
 301.65  3005  2162 1 
 301.67  3010  2229 .5 
 301.7  3015  2296 1 
 301.72  3020  2364 1 
 301.74  3025  2431 1 
 301.76  3030  2499 .5 
 301.79  3035  2566 1.5 
 301.81  3040  2634 1 
 301.83  3045  2702 2 
 301.85  3050  2770 2 
 301.88  3055  2838 3.5 
 301.9  3060  2906 3 
 301.92  3065  2975 5.5 
 301.95  3070  3043 5 
 301.97  3075  3112 3.5 
 301.99  3080  3180 6.5 
 302.01  3085  3249 8 
 302.04  3090  3318 6.5 
 302.06  3095  3387 6.5 
 302.08  3100  3456 8 
 302.1  3105  3525 13.5 
 302.13  3110  3594 16 
 302.15  3115  3664 15.5 
 302.17  3120  3733 18.5 
 302.2  3125  3803 18.5 
 302.22  3130  3873 22 
 302.24  3135  3943 18.5 
 302.26  3140  4013 24.5 
 302.29  3145  4083 24.5 
 302.31  3150  4153 32.5 
 302.33  3155  4223 25 
 302.35  3160  4294 25 
 302.38  3165  4364 37.5 
 302.4  3170  4435 35 
 302.42  3175  4506 39.5 
 302.45  3180  4576 30.5 
 302.47  3185  4647 40.5 
 302.49  3190  4718 48.5 
 302.52  3195  4790 39 
 302.54  3200  4861 45.5 
 302.56  3205  4932 53 
 302.58  3210  5004 53 
 302.61  3215  5076 46.5 
 302.63  3220  5147 39 
 302.65  3225  5219 36.5 
 302.68  3230  5291 32 
 302.7  3235  5363 54.5 
 302.72  3240  5436 58.5 
 302.74  3245  5508 49.5 
 302.77  3250  5580 35 
 302.96  3255  3743 42 
 302.98  3260  3817 59.5 
 303  3265  3890 70.5 
 303.03  3270  3963 71 
 303.05  3275  4037 61.5 
 303.07  3280  4110 46 
 303.1  3285  4184 59.5 
 303.12  3290  4258 90.5 
 303.14  3295  4332 114.5 
 303.17  3300  4406 99.5 
 303.19  3305  4481 73.5 
 303.21  3310  4555 72 
 303.24  3315  4630 76.5 
 303.26  3320  4704 102 
 303.28  3325  4779 108 
 303.31  3330  4854 101 
 303.33  3335  4929 83.5 
 303.35  3340  5005 89 
 303.37  3345  5080 109 
 303.4  3350  5155 108.5 
 303.42  3355  5231 131 
 303.45  3360  5307 92 
 303.47  3365  5383 100.5 
 303.49  3370  5459 80.5 
 303.51  3375  5535 102 
 303.54  3380  5611 103.5 
 303.56  3385  5688 126 
 303.58  3390  5764 126.5 
 303.61  3395  5841 125 
 303.63  3400  5918 130 
 303.65  3405  5995 120 
 303.68  3410  6072 128.5 
 303.7  3415  6149 121 
 303.72  3420  6226 138.5 
 303.75  3425  6304 129.5 
 303.77  3430  6381 141 
 303.79  3435  6459 130 
 303.82  3440  6537 90 
 303.84  3445  6615 94 
 303.86  3450  6693 130 
 303.89  3455  6771 134.5 
 303.91  3460  6850 113.5 
 303.94  3465  6928 123 
 303.96  3470  7007 137 
 303.98  3475  7086 110 
 304  3480  7165 120.5 
 304.03  3485  7244 127.5 
 304.05  3490  7323 114.5 
 304.08  3495  7402 113.5 
 304.1  3500  7482 141 
 304.12  3505  7561 148.5 
 304.15  3510  7641 126.5 
 304.17  3515  7721 120.5 
 304.19  3520  7801 133.5 
 304.22  3525  7881 92.5 
 304.24  3530  7961 129 
 304.26  3535  8042 138 
 304.29  3540  8122 141 
 304.31  3545  8203 138 
 304.33  3550  8283 137.5 
 304.36  3555  8364 131 
 304.38  3560  8445 130 
 304.4  3565  8527 109.5 
 304.43  3570  8608 93.5 
 304.45  3575  8689 101.5 
 304.47  3580  8771 76.5 
 304.5  3585  8853 74 
 304.52  3590  8934 105.5 
 304.54  3595  9016 128.5 
 304.57  3600  9099 123 
 304.59  3605  9181 95.5 
 304.62  3610  9263 87.5 
 304.64  3615  9346 110.5 
 304.66  3620  9428 86 
 304.69  3625  9511 122.5 
 304.71  3630  9594 100 
end
uaIntegration time is 0.2294 seconds per sampledt  3.3E-08 cy 1dh210619El Arenosillo 37.1 6.73 2.965129pr1000dark .25 
 480.01  2900  777 19.5 
 480.08  2905  842 19.25 
 480.14  2910  907 18 
 480.17  2915  972 18 
 480.24  2920  1037 19 
 480.27  2925  1102 18.5 
 480.34  2930  1168 22 
 480.37  2935  1233 20.5 
 480.44  2940  1299 20.25 
 480.47  2945  1365 21 
 480.53  2950  1431 20.75 
 480.58  2955  1497 22.5 
 480.64  2960  1563 24 
 480.69  2965  1629 26 
 480.72  2970  1695 27.25 
 480.79  2975  1761 32.5 
 480.84  2980  1828 34.5 
 480.87  2985  1894 39.75 
 480.94  2990  1961 61.25 
 480.97  2995  2028 76.5 
 481.04  3000  2095 81.25 
 481.08  3005  2162 114.5 
 481.14  3010  2229 185.75 
 481.17  3015  2296 253.25 
 481.24  3020  2364 248.75 
 481.27  3025  2431 477.5 
 481.34  3030  2499 799.25 
 481.37  3035  2566 1010.25 
 481.44  3040  2634 1022.5 
 481.47  3045  2702 1448.25 
 481.54  3050  2770 2140.5 
 481.59  3055  2838 2356.5 
 481.62  3060  2906 2357 
 481.69  3065  2975 2912.5 
 481.72  3070  3043 4137.75 
 481.78  3075  3112 5204 
 481.84  3080  3180 5597 
 481.87  3085  3249 6408.5 
 481.94  3090  3318 5848.75 
 481.99  3095  3387 6741.25 
 482.02  3100  3456 6993 
 482.09  3105  3525 10951.75 
 482.12  3110  3594 13583.25 
 482.18  3115  3664 13293.5 
 482.24  3120  3733 12992 
 482.27  3125  3803 15330 
 482.33  3130  3873 16102.5 
 482.39  3135  3943 16058.5 
 482.42  3140  4013 18801 
 482.49  3145  4083 16385.75 
 482.52  3150  4153 20586.25 
 482.59  3155  4223 17500 
 482.62  3160  4294 14691.25 
 482.69  3165  4364 19852.75 
 482.74  3170  4435 23618.75 
 482.77  3175  4506 23520.25 
 482.84  3180  4576 17589.25 
 482.87  3185  4647 20360.25 
 482.94  3190  4718 22308.25 
 482.97  3195  4790 18496.5 
 483.04  3200  4861 20975 
 483.07  3205  4932 23365.75 
 483.14  3210  5004 19115.5 
 483.19  3215  5076 17416 
 483.22  3220  5147 17987.75 
 483.29  3225  5219 14294.5 
 483.33  3230  5291 13093.5 
 483.39  3235  5363 14301.75 
 483.42  3240  5436 15190.5 
 483.49  3245  5508 14225 
 483.52  3250  5580 11867 
 483.75  3255  3743 11724 
 483.85  3260  3817 14041.5 
 483.88  3265  3890 13850 
 483.96  3270  3963 13946.5 
 483.99  3275  4037 13286.5 
 484.06  3280  4110 12229.25 
 484.09  3285  4184 12418 
 484.15  3290  4258 14465.25 
 484.19  3295  4332 16370.5 
 484.26  3300  4406 16584.75 
 484.29  3305  4481 13516.25 
 484.35  3310  4555 13685.5 
 484.39  3315  4630 13703.25 
 484.45  3320  4704 14458 
 484.51  3325  4779 14245 
 484.54  3330  4854 14157.75 
 484.6  3335  4929 12965 
 484.66  3340  5005 13269.25 
 484.69  3345  5080 14873.75 
 484.76  3350  5155 13910.5 
 484.79  3355  5231 15666.25 
 484.85  3360  5307 10753.75 
 484.91  3365  5383 13103.25 
 484.94  3370  5459 10619.25 
 485.01  3375  5535 13281 
 485.04  3380  5611 12524.75 
 485.1  3385  5688 14137.5 
 485.16  3390  5764 13820 
 485.19  3395  5841 13394 
 485.25  3400  5918 15878 
 485.31  3405  5995 14015.25 
 485.34  3410  6072 13466.75 
 485.4  3415  6149 12432.25 
 485.45  3420  6226 14704.25 
 485.49  3425  6304 13597.5 
 485.56  3430  6381 14746 
 485.6  3435  6459 13739.75 
 485.64  3440  6537 9913.5 
 485.7  3445  6615 10301 
 485.76  3450  6693 13377.25 
 485.79  3455  6771 13469.5 
 485.86  3460  6850 11400.25 
 485.89  3465  6928 12847 
 485.96  3470  7007 13580.25 
 485.99  3475  7086 10749 
 486.06  3480  7165 12504.75 
 486.09  3485  7244 12319 
 486.15  3490  7323 11111.5 
 486.21  3495  7402 11130.25 
 486.24  3500  7482 13610.5 
 486.3  3505  7561 14011.5 
 486.35  3510  7641 12400.25 
 486.39  3515  7721 12078 
 486.46  3520  7801 12569.25 
 486.49  3525  7881 9880 
 486.55  3530  7961 12368.5 
 486.6  3535  8042 13075 
 486.65  3540  8122 13324.25 
 486.71  3545  8203 13529 
 486.74  3550  8283 13224.75 
 486.8  3555  8364 11818.25 
 486.86  3560  8445 12281.25 
 486.89  3565  8527 9927.75 
 486.95  3570  8608 8633.75 
 486.99  3575  8689 10384.75 
 487.05  3580  8771 7649.5 
 487.11  3585  8853 6838.75 
 487.14  3590  8934 9792.5 
 487.2  3595  9016 11745.75 
 487.25  3600  9099 11979.75 
 487.3  3605  9181 9262.5 
 487.34  3610  9263 8710.75 
 487.41  3615  9346 9633.75 
 487.44  3620  9428 8309.5 
 487.5  3625  9511 11451 
 487.55  3630  9594 9223.5 
end
uaIntegration time is 0.2294 seconds per sampledt  3.3E-08 cy 1dh210619El Arenosillo 37.1 6.73 3.126073pr1000dark .55 
 540.01  2900  777 31.5 
 540.08  2905  842 33 
 540.13  2910  907 32.75 
 540.18  2915  972 34.75 
 540.23  2920  1037 33.75 
 540.28  2925  1102 34.5 
 540.33  2930  1168 35.75 
 540.38  2935  1233 36.75 
 540.43  2940  1299 36.5 
 540.48  2945  1365 40.75 
 540.53  2950  1431 38.75 
 540.58  2955  1497 48.25 
 540.63  2960  1563 53 
 540.68  2965  1629 60.75 
 540.73  2970  1695 71.75 
 540.78  2975  1761 107.5 
 540.83  2980  1828 131.5 
 540.88  2985  1894 142 
 540.93  2990  1961 235 
 540.98  2995  2028 322.75 
 541.03  3000  2095 342.75 
 541.08  3005  2162 477.75 
 541.13  3010  2229 747.75 
 541.18  3015  2296 1011.5 
 541.23  3020  2364 936.5 
 541.28  3025  2431 1710.5 
 541.33  3030  2499 2721.75 
 541.38  3035  2566 3346 
 541.43  3040  2634 3229.75 
 541.48  3045  2702 4378.75 
 541.53  3050  2770 5999.5 
 541.58  3055  2838 6449.5 
 541.63  3060  2906 6225.5 
 541.68  3065  2975 7513 
 541.73  3070  3043 10107 
 541.78  3075  3112 12206.75 
 541.83  3080  3180 12956.75 
 541.88  3085  3249 14456.75 
 541.93  3090  3318 12940.5 
 541.98  3095  3387 14151.5 
 542.03  3100  3456 14398.5 
 542.08  3105  3525 22255.25 
 542.13  3110  3594 27063.5 
 542.18  3115  3664 26177.5 
 542.23  3120  3733 24590.5 
 542.28  3125  3803 28382.75 
 542.33  3130  3873 29535 
 542.38  3135  3943 29426.25 
 542.43  3140  4013 33796.75 
 542.48  3145  4083 28372.75 
 542.53  3150  4153 35572.75 
 542.58  3155  4223 30495 
 542.63  3160  4294 24800.75 
 542.68  3165  4364 32956 
 542.73  3170  4435 39134.25 
 542.78  3175  4506 39507 
 542.83  3180  4576 28962.5 
 542.88  3185  4647 32672.5 
 542.93  3190  4718 35656.25 
 542.98  3195  4790 29712.75 
 543.03  3200  4861 33798.75 
 543.08  3205  4932 36979.5 
 543.13  3210  5004 29845.5 
 543.18  3215  5076 26863 
 543.23  3220  5147 28270.75 
 543.28  3225  5219 22610 
 543.33  3230  5291 20207.5 
 543.38  3235  5363 21723.75 
 543.43  3240  5436 22961.5 
 543.48  3245  5508 21742.25 
 543.53  3250  5580 18280 
 543.74  3255  3743 17938 
 543.85  3260  3817 21025 
 543.89  3265  3890 20612.5 
 543.95  3270  3963 20827.5 
 544  3275  4037 20012.5 
 544.05  3280  4110 18453.75 
 544.1  3285  4184 18446 
 544.15  3290  4258 21261.5 
 544.2  3295  4332 23998 
 544.25  3300  4406 24304.75 
 544.29  3305  4481 20082.25 
 544.35  3310  4555 20311 
 544.4  3315  4630 20183.25 
 544.45  3320  4704 21168 
 544.5  3325  4779 20698.25 
 544.55  3330  4854 20594 
 544.6  3335  4929 19041 
 544.65  3340  5005 19453.25 
 544.7  3345  5080 21739.5 
 544.75  3350  5155 20264.75 
 544.8  3355  5231 22831.25 
 544.85  3360  5307 15711 
 544.9  3365  5383 19007.75 
 544.95  3370  5459 15450.5 
 545  3375  5535 19331.75 
 545.05  3380  5611 18252.75 
 545.1  3385  5688 20387 
 545.15  3390  5764 20020.5 
 545.2  3395  5841 19329.5 
 545.25  3400  5918 22988.5 
 545.3  3405  5995 20394.5 
 545.35  3410  6072 19509.75 
 545.4  3415  6149 18038.5 
 545.45  3420  6226 21301.5 
 545.5  3425  6304 19621.25 
 545.55  3430  6381 21336.25 
 545.6  3435  6459 19863 
 545.65  3440  6537 14407.75 
 545.7  3445  6615 14828.5 
 545.75  3450  6693 19254.25 
 545.8  3455  6771 19458.5 
 545.85  3460  6850 16437 
 545.9  3465  6928 18476.75 
 545.95  3470  7007 19568.5 
 546  3475  7086 15516.5 
 546.05  3480  7165 17900.25 
 546.1  3485  7244 17610.25 
 546.15  3490  7323 15967 
 546.2  3495  7402 15996.75 
 546.25  3500  7482 19563.25 
 546.3  3505  7561 20123.5 
 546.35  3510  7641 17909 
 546.4  3515  7721 17322.75 
 546.45  3520  7801 18138.75 
 546.5  3525  7881 14089.25 
 546.55  3530  7961 17774 
 546.6  3535  8042 18653.5 
 546.65  3540  8122 19116 
 546.7  3545  8203 19341.75 
 546.75  3550  8283 19000.75 
 546.8  3555  8364 16937.5 
 546.85  3560  8445 17547.75 
 546.9  3565  8527 14321.5 
 546.95  3570  8608 12261.5 
 547  3575  8689 14830.25 
 547.05  3580  8771 11027.75 
 547.1  3585  8853 9710 
 547.15  3590  8934 13886.5 
 547.2  3595  9016 16694.5 
 547.25  3600  9099 17135.25 
 547.3  3605  9181 13348.25 
 547.35  3610  9263 12305.75 
 547.4  3615  9346 13829.75 
 547.45  3620  9428 11814 
 547.5  3625  9511 16265.25 
 547.55  3630  9594 13136 
end
uaIntegration time is 0.2294 seconds per sampledt  3.3E-08 cy 1dh210619El Arenosillo 37.1 6.73 3.287017pr1000dark .8 
 600.01  2900  777 48.75 
 600.08  2905  842 47.25 
 600.13  2910  907 46.25 
 600.18  2915  972 47.5 
 600.23  2920  1037 50.25 
 600.28  2925  1102 48.75 
 600.33  2930  1168 54 
 600.38  2935  1233 56.5 
 600.43  2940  1299 59.5 
 600.48  2945  1365 63.5 
 600.53  2950  1431 72.5 
 600.58  2955  1497 90.25 
 600.63  2960  1563 118.25 
 600.68  2965  1629 126 
 600.73  2970  1695 161.75 
 600.78  2975  1761 287.25 
 600.83  2980  1828 331.5 
 600.88  2985  1894 355 
 600.93  2990  1961 616.75 
 600.98  2995  2028 829.5 
 601.03  3000  2095 833.5 
 601.08  3005  2162 1111.75 
 601.13  3010  2229 1746.75 
 601.18  3015  2296 2290.75 
 601.23  3020  2364 2023 
 601.28  3025  2431 3599.5 
 601.33  3030  2499 5569.25 
 601.38  3035  2566 6604.75 
 601.43  3040  2634 6332.75 
 601.48  3045  2702 8248.5 
 601.53  3050  2770 11025.25 
 601.58  3055  2838 11532.5 
 601.63  3060  2906 10990.5 
 601.68  3065  2975 13043 
 601.73  3070  3043 17136 
 601.78  3075  3112 20027.5 
 601.83  3080  3180 21019 
 601.88  3085  3249 23345.75 
 601.93  3090  3318 20656 
 601.98  3095  3387 21965 
 602.03  3100  3456 22032.25 
 602.08  3105  3525 33871.75 
 602.13  3110  3594 40604.75 
 602.18  3115  3664 39134 
 602.23  3120  3733 36172.25 
 602.28  3125  3803 41057.25 
 602.33  3130  3873 42559.5 
 602.38  3135  3943 42321.5 
 602.43  3140  4013 48018.5 
 602.48  3145  4083 39827.25 
 602.53  3150  4153 49586.75 
 602.58  3155  4223 42655.25 
 602.63  3160  4294 34360.75 
 602.68  3165  4364 45028.5 
 602.73  3170  4435 53456.25 
 602.78  3175  4506 53874.25 
 602.83  3180  4576 39388.5 
 602.88  3185  4647 43858 
 602.93  3190  4718 47464.5 
 602.98  3195  4790 39965 
 603.03  3200  4861 45462 
 603.08  3205  4932 49328.25 
 603.13  3210  5004 39412 
 603.18  3215  5076 35424.75 
 603.23  3220  5147 37611 
 603.28  3225  5219 30060.75 
 603.33  3230  5291 26794.5 
 603.38  3235  5363 28342.5 
 603.43  3240  5436 29904 
 603.48  3245  5508 28495.25 
 603.53  3250  5580 24099.25 
 603.74  3255  3743 23500.5 
 603.85  3260  3817 27321.25 
 603.9  3265  3890 26519.25 
 603.95  3270  3963 26700.25 
 604  3275  4037 25775.75 
 604.05  3280  4110 24090.75 
 604.1  3285  4184 23745.25 
 604.15  3290  4258 27344.75 
 604.2  3295  4332 30745 
 604.25  3300  4406 31163.5 
 604.3  3305  4481 25799.75 
 604.35  3310  4555 26121 
 604.4  3315  4630 25934.75 
 604.45  3320  4704 27063.75 
 604.5  3325  4779 26442 
 604.55  3330  4854 26330 
 604.6  3335  4929 24363 
 604.65  3340  5005 24840.5 
 604.7  3345  5080 27642.75 
 604.75  3350  5155 25713 
 604.8  3355  5231 29063.5 
 604.85  3360  5307 19805.75 
 604.9  3365  5383 24172.25 
 604.95  3370  5459 19683 
 605  3375  5535 24724.25 
 605.05  3380  5611 23206.5 
 605.1  3385  5688 25878 
 605.15  3390  5764 25370.5 
 605.2  3395  5841 24540.5 
 605.25  3400  5918 29164 
 605.3  3405  5995 25926 
 605.35  3410  6072 24762 
 605.4  3415  6149 22717.5 
 605.45  3420  6226 26887.25 
 605.5  3425  6304 24804.5 
 605.55  3430  6381 27026.75 
 605.6  3435  6459 25176.5 
 605.65  3440  6537 18238.5 
 605.7  3445  6615 18734 
 605.75  3450  6693 24344 
 605.8  3455  6771 24479.25 
 605.85  3460  6850 20744.5 
 605.9  3465  6928 23157.5 
 605.95  3470  7007 24657 
 606  3475  7086 19554.75 
 606.05  3480  7165 22496.75 
 606.1  3485  7244 22323.75 
 606.15  3490  7323 20125.5 
 606.2  3495  7402 20103.5 
 606.25  3500  7482 24631.5 
 606.3  3505  7561 25361.75 
 606.35  3510  7641 22436 
 606.4  3515  7721 21735.75 
 606.45  3520  7801 22756.5 
 606.5  3525  7881 17664.75 
 606.55  3530  7961 22310.25 
 606.6  3535  8042 23494.25 
 606.65  3540  8122 23981.75 
 606.7  3545  8203 24198.5 
 606.75  3550  8283 23773.5 
 606.8  3555  8364 21267.5 
 606.85  3560  8445 22005.75 
 606.9  3565  8527 18010 
 606.95  3570  8608 15389.25 
 607  3575  8689 18598.25 
 607.05  3580  8771 13794.5 
 607.1  3585  8853 12169.25 
 607.15  3590  8934 17501.75 
 607.2  3595  9016 21038 
 607.25  3600  9099 21551.75 
 607.3  3605  9181 16606.5 
 607.35  3610  9263 15568.75 
 607.4  3615  9346 17342 
 607.45  3620  9428 14866.5 
 607.5  3625  9511 20396 
 607.55  3630  9594 16555.25 
end
uaIntegration time is 0.2294 seconds per sampledt  3.3E-08 cy 1dh210619El Arenosillo 37.1 6.73 3.394313pr1000dark 1.15 
 660.01  2900  777 57.5 
 660.08  2905  842 64 
 660.13  2910  907 60 
 660.18  2915  972 63.75 
 660.23  2920  1037 64 
 660.28  2925  1102 63.75 
 660.33  2930  1168 71.5 
 660.38  2935  1233 80 
 660.43  2940  1299 80.75 
 660.48  2945  1365 94.75 
 660.53  2950  1431 114.25 
 660.58  2955  1497 153.25 
 660.63  2960  1563 213.25 
 660.68  2965  1629 229 
 660.73  2970  1695 291 
 660.78  2975  1761 534.25 
 660.83  2980  1828 627 
 660.88  2985  1894 626.75 
 660.93  2990  1961 1112.5 
 660.98  2995  2028 1445 
 661.03  3000  2095 1429.25 
 661.08  3005  2162 1898.25 
 661.13  3010  2229 2859.25 
 661.18  3015  2296 3638.75 
 661.23  3020  2364 3184.25 
 661.28  3025  2431 5560.5 
 661.33  3030  2499 8483.25 
 661.38  3035  2566 9830.75 
 661.43  3040  2634 9283.5 
 661.48  3045  2702 12016 
 661.53  3050  2770 15694.25 
 661.58  3055  2838 16129.5 
 661.63  3060  2906 15340.5 
 661.68  3065  2975 17955.75 
 661.73  3070  3043 23238.5 
 661.78  3075  3112 26821.75 
 661.83  3080  3180 27958 
 661.88  3085  3249 30782.75 
 661.93  3090  3318 27013.5 
 661.98  3095  3387 28435.75 
 662.03  3100  3456 28163.25 
 662.08  3105  3525 43087.25 
 662.13  3110  3594 51405.75 
 662.18  3115  3664 49078.75 
 662.23  3120  3733 45124 
 662.28  3125  3803 50952.5 
 662.33  3130  3873 52306.5 
 662.38  3135  3943 52285 
 662.43  3140  4013 58727.5 
 662.48  3145  4083 48487.25 
 662.53  3150  4153 60080.75 
 662.58  3155  4223 51574.75 
 662.63  3160  4294 41549 
 662.68  3165  4364 54155.25 
 662.73  3170  4435 64185.75 
 662.78  3175  4506 64405.5 
 662.83  3180  4576 46963 
 662.88  3185  4647 52018.25 
 662.93  3190  4718 55940.75 
 662.98  3195  4790 47364 
 663.03  3200  4861 53941 
 663.08  3205  4932 58100.5 
 663.13  3210  5004 46062.25 
 663.18  3215  5076 41451.75 
 663.23  3220  5147 44280.75 
 663.28  3225  5219 35343 
 663.33  3230  5291 31499.75 
 663.38  3235  5363 33047.5 
 663.43  3240  5436 35018 
 663.48  3245  5508 33338 
 663.53  3250  5580 28233 
 663.74  3255  3743 27406.25 
 663.85  3260  3817 31729 
 663.9  3265  3890 30842 
 663.95  3270  3963 31151.75 
 663.99  3275  4037 30052.5 
 664.05  3280  4110 28054 
 664.1  3285  4184 27638.25 
 664.14  3290  4258 31764.25 
 664.2  3295  4332 35515.25 
 664.25  3300  4406 36151.5 
 664.3  3305  4481 29851.75 
 664.35  3310  4555 30384.25 
 664.4  3315  4630 30055.75 
 664.45  3320  4704 31280 
 664.5  3325  4779 30627.75 
 664.54  3330  4854 30409.5 
 664.6  3335  4929 28132.25 
 664.65  3340  5005 28847 
 664.7  3345  5080 31921 
 664.75  3350  5155 29781 
 664.8  3355  5231 33430 
 664.85  3360  5307 22814.25 
 664.9  3365  5383 27992.75 
 664.94  3370  5459 22757.75 
 665  3375  5535 28594.25 
 665.05  3380  5611 26665.25 
 665.1  3385  5688 29835 
 665.15  3390  5764 29247 
 665.2  3395  5841 28339 
 665.25  3400  5918 33761.25 
 665.3  3405  5995 29699.75 
 665.35  3410  6072 28526.75 
 665.4  3415  6149 26250 
 665.45  3420  6226 30946 
 665.5  3425  6304 28722.5 
 665.55  3430  6381 31112.5 
 665.6  3435  6459 29014.75 
 665.65  3440  6537 20900.75 
 665.7  3445  6615 21616.5 
 665.75  3450  6693 28179.25 
 665.8  3455  6771 28243.75 
 665.85  3460  6850 23854.25 
 665.9  3465  6928 26841.5 
 665.95  3470  7007 28457.5 
 665.99  3475  7086 22441.5 
 666.05  3480  7165 26030.5 
 666.1  3485  7244 25719.75 
 666.15  3490  7323 23071.5 
 666.2  3495  7402 23104.75 
 666.25  3500  7482 28387.75 
 666.3  3505  7561 29229 
 666.35  3510  7641 25817.5 
 666.4  3515  7721 25081.25 
 666.45  3520  7801 26162.25 
 666.5  3525  7881 20342 
 666.55  3530  7961 25747 
 666.6  3535  8042 27086.25 
 666.65  3540  8122 27585.5 
 666.7  3545  8203 27987.5 
 666.75  3550  8283 27324.5 
 666.8  3555  8364 24457 
 666.85  3560  8445 25375.75 
 666.9  3565  8527 20590.5 
 666.95  3570  8608 17716 
 667  3575  8689 21411.75 
 667.05  3580  8771 15783 
 667.1  3585  8853 14013.25 
 667.15  3590  8934 20088.5 
 667.2  3595  9016 24287.25 
 667.25  3600  9099 24783.5 
 667.3  3605  9181 19123.75 
 667.35  3610  9263 17898 
 667.4  3615  9346 19821 
 667.45  3620  9428 17038.25 
 667.5  3625  9511 23451.25 
 667.55  3630  9594 18832.75 
end
uaIntegration time is 0.2294 seconds per sampledt  3.3E-08 cy 1dh210619El Arenosillo 37.1 6.73 3.394313pr1000dark 6.1 
 720.01  2900  777 69.5 
 720.08  2905  842 65.5 
 720.13  2910  907 71.25 
 720.18  2915  972 67 
 720.23  2920  1037 71 
 720.28  2925  1102 77 
 720.33  2930  1168 80 
 720.38  2935  1233 85.5 
 720.43  2940  1299 104.75 
 720.48  2945  1365 119.25 
 720.53  2950  1431 150.25 
 720.58  2955  1497 204 
 720.63  2960  1563 293.5 
 720.68  2965  1629 309.75 
 720.73  2970  1695 402.75 
 720.78  2975  1761 733.75 
 720.83  2980  1828 838.5 
 720.88  2985  1894 855.75 
 720.93  2990  1961 1478.75 
 720.98  2995  2028 1902.25 
 721.03  3000  2095 1845.75 
 721.08  3005  2162 2420.5 
 721.13  3010  2229 3584.75 
 721.18  3015  2296 4587.75 
 721.23  3020  2364 3956.75 
 721.28  3025  2431 6833.5 
 721.33  3030  2499 10322 
 721.38  3035  2566 11988.75 
 721.43  3040  2634 11238.75 
 721.48  3045  2702 14364.5 
 721.53  3050  2770 18608.75 
 721.58  3055  2838 18973.75 
 721.63  3060  2906 17977.75 
 721.68  3065  2975 20983 
 721.73  3070  3043 27025.75 
 721.78  3075  3112 30859 
 721.83  3080  3180 32092.75 
 721.88  3085  3249 35228.75 
 721.93  3090  3318 30902.5 
 721.98  3095  3387 32133.75 
 722.03  3100  3456 31861 
 722.08  3105  3525 48549.75 
 722.13  3110  3594 57739 
 722.18  3115  3664 55015.5 
 722.23  3120  3733 50406 
 722.28  3125  3803 56564 
 722.33  3130  3873 58137.25 
 722.38  3135  3943 57916.25 
 722.43  3140  4013 65010.5 
 722.48  3145  4083 53326.5 
 722.53  3150  4153 66028.25 
 722.58  3155  4223 56997.25 
 722.63  3160  4294 45469 
 722.68  3165  4364 59239.75 
 722.73  3170  4435 70072.5 
 722.78  3175  4506 70564.75 
 722.83  3180  4576 51334.75 
 722.88  3185  4647 56558.5 
 722.93  3190  4718 60772 
 722.98  3195  4790 51410.5 
 723.03  3200  4861 58705.5 
 723.08  3205  4932 62971 
 723.13  3210  5004 49863.75 
 723.18  3215  5076 44867.25 
 723.23  3220  5147 47991.75 
 723.28  3225  5219 38319.5 
 723.33  3230  5291 33952 
 723.38  3235  5363 35679 
 723.43  3240  5436 37741.25 
 723.48  3245  5508 35967 
 723.53  3250  5580 30558.25 
 723.74  3255  3743 29694.25 
 723.85  3260  3817 34168.75 
 723.9  3265  3890 33073.25 
 723.95  3270  3963 33323.5 
 724  3275  4037 32252.5 
 724.05  3280  4110 30176 
 724.1  3285  4184 29736.75 
 724.15  3290  4258 33841.75 
 724.2  3295  4332 38112.25 
 724.25  3300  4406 38653 
 724.3  3305  4481 31996.5 
 724.35  3310  4555 32521.5 
 724.4  3315  4630 32205 
 724.45  3320  4704 33507.75 
 724.5  3325  4779 32661 
 724.54  3330  4854 32484.25 
 724.6  3335  4929 30045.5 
 724.65  3340  5005 30766.75 
 724.7  3345  5080 34073.25 
 724.75  3350  5155 31771.5 
 724.8  3355  5231 35584 
 724.85  3360  5307 24316.75 
 724.9  3365  5383 29839.75 
 724.95  3370  5459 24266.25 
 725  3375  5535 30488.5 
 725.05  3380  5611 28434 
 725.1  3385  5688 31875.5 
 725.15  3390  5764 31186 
 725.2  3395  5841 30194.25 
 725.25  3400  5918 35986 
 725.3  3405  5995 31757 
 725.35  3410  6072 30315.25 
 725.4  3415  6149 27905.75 
 725.45  3420  6226 32888 
 725.5  3425  6304 30384.25 
 725.55  3430  6381 32893.5 
 725.6  3435  6459 30789.5 
 725.65  3440  6537 22155.25 
 725.7  3445  6615 23023 
 725.75  3450  6693 29809.25 
 725.8  3455  6771 29962.25 
 725.85  3460  6850 25304.25 
 725.9  3465  6928 28391.5 
 725.95  3470  7007 30166.5 
 726  3475  7086 23831.75 
 726.05  3480  7165 27533.25 
 726.1  3485  7244 27230.75 
 726.14  3490  7323 24497.5 
 726.2  3495  7402 24523.25 
 726.25  3500  7482 29994 
 726.3  3505  7561 30876.75 
 726.35  3510  7641 27453 
 726.4  3515  7721 26575.5 
 726.45  3520  7801 27837 
 726.5  3525  7881 21606.75 
 726.55  3530  7961 27231.5 
 726.6  3535  8042 28651.5 
 726.65  3540  8122 29204.25 
 726.7  3545  8203 29652 
 726.75  3550  8283 28999 
 726.8  3555  8364 25861 
 726.85  3560  8445 26921.5 
 726.9  3565  8527 21913.75 
 726.95  3570  8608 18781.5 
 727  3575  8689 22775.5 
 727.04  3580  8771 16795 
 727.1  3585  8853 14895.5 
 727.15  3590  8934 21271.25 
 727.2  3595  9016 25736.75 
 727.25  3600  9099 26239.75 
 727.3  3605  9181 20266.75 
 727.35  3610  9263 18930.25 
 727.4  3615  9346 21059.5 
 727.45  3620  9428 18052.5 
 727.5  3625  9511 24811.25 
 727.55  3630  9594 20001.75 
end
uaIntegration time is 0.2294 seconds per sampledt  3.3E-08 cy 1dh210619El Arenosillo 37.1 6.73 3.394313pr1000dark 1.3 
 780.01  2900  777 65.25 
 780.08  2905  842 66.75 
 780.13  2910  907 66.5 
 780.18  2915  972 69.5 
 780.23  2920  1037 69 
 780.28  2925  1102 73.25 
 780.33  2930  1168 79 
 780.38  2935  1233 90.25 
 780.43  2940  1299 98.25 
 780.48  2945  1365 115.75 
 780.53  2950  1431 150.75 
 780.58  2955  1497 210.5 
 780.63  2960  1563 299 
 780.68  2965  1629 317.25 
 780.73  2970  1695 392.75 
 780.78  2975  1761 748.75 
 780.83  2980  1828 853.25 
 780.88  2985  1894 851 
 780.93  2990  1961 1506 
 780.98  2995  2028 1943 
 781.03  3000  2095 1872 
 781.08  3005  2162 2430.25 
 781.13  3010  2229 3665.75 
 781.18  3015  2296 4653.5 
 781.23  3020  2364 3985.75 
 781.28  3025  2431 6885.75 
 781.33  3030  2499 10337 
 781.38  3035  2566 11964.25 
 781.43  3040  2634 11355.5 
 781.48  3045  2702 14320.25 
 781.53  3050  2770 18627.5 
 781.58  3055  2838 18876.75 
 781.63  3060  2906 18071 
 781.68  3065  2975 20989.75 
 781.73  3070  3043 26852.75 
 781.78  3075  3112 30828.5 
 781.83  3080  3180 32126.25 
 781.88  3085  3249 35261.5 
 781.93  3090  3318 30665 
 781.98  3095  3387 32023.5 
 782.03  3100  3456 31699.25 
 782.08  3105  3525 48395 
 782.13  3110  3594 57661.5 
 782.18  3115  3664 54990.25 
 782.23  3120  3733 50148.5 
 782.28  3125  3803 56212.5 
 782.33  3130  3873 57856 
 782.38  3135  3943 57773 
 782.43  3140  4013 64708.5 
 782.48  3145  4083 53243.75 
 782.53  3150  4153 65742 
 782.58  3155  4223 56579.5 
 782.63  3160  4294 45322 
 782.68  3165  4364 58859.5 
 782.73  3170  4435 69729.5 
 782.78  3175  4506 70246 
 782.83  3180  4576 51066.25 
 782.88  3185  4647 56324 
 782.93  3190  4718 60340.5 
 782.98  3195  4790 51198.5 
 783.03  3200  4861 58273.5 
 783.08  3205  4932 62637.25 
 783.13  3210  5004 49567.75 
 783.18  3215  5076 44464.25 
 783.23  3220  5147 47606.5 
 783.28  3225  5219 38136.75 
 783.33  3230  5291 33818.75 
 783.38  3235  5363 35464.5 
 783.43  3240  5436 37365.25 
 783.48  3245  5508 35719.25 
 783.53  3250  5580 30300.75 
 783.74  3255  3743 29405.5 
 783.85  3260  3817 33887 
 783.9  3265  3890 32977.75 
 783.95  3270  3963 33134 
 784  3275  4037 32012 
 784.05  3280  4110 30077.25 
 784.1  3285  4184 29517.25 
 784.15  3290  4258 33748.75 
 784.2  3295  4332 37780.25 
 784.24  3300  4406 38387 
 784.3  3305  4481 31748.5 
 784.34  3310  4555 32376.75 
 784.4  3315  4630 32081.25 
 784.45  3320  4704 33277.25 
 784.5  3325  4779 32568.25 
 784.55  3330  4854 32385.5 
 784.6  3335  4929 29992 
 784.65  3340  5005 30629 
 784.7  3345  5080 33989.25 
 784.75  3350  5155 31465 
 784.8  3355  5231 35454.75 
 784.85  3360  5307 24190.5 
 784.9  3365  5383 29604.75 
 784.95  3370  5459 24135.5 
 785  3375  5535 30239.5 
 785.05  3380  5611 28309 
 785.1  3385  5688 31644.5 
 785.15  3390  5764 30948.25 
 785.2  3395  5841 29924.75 
 785.25  3400  5918 35632.5 
 785.3  3405  5995 31482 
 785.35  3410  6072 30224.75 
 785.4  3415  6149 27717 
 785.45  3420  6226 32772.25 
 785.5  3425  6304 30232.5 
 785.55  3430  6381 32847.75 
 785.6  3435  6459 30618 
 785.65  3440  6537 22218.5 
 785.7  3445  6615 22914 
 785.75  3450  6693 29670.5 
 785.8  3455  6771 29747.25 
 785.85  3460  6850 25197.25 
 785.9  3465  6928 28227.75 
 785.95  3470  7007 30026 
 786  3475  7086 23737.75 
 786.05  3480  7165 27474.5 
 786.1  3485  7244 27085.75 
 786.15  3490  7323 24371 
 786.2  3495  7402 24376.25 
 786.25  3500  7482 29897.75 
 786.3  3505  7561 30678.75 
 786.35  3510  7641 27276 
 786.4  3515  7721 26426 
 786.45  3520  7801 27584.25 
 786.5  3525  7881 21376.75 
 786.55  3530  7961 27038 
 786.6  3535  8042 28461.75 
 786.65  3540  8122 29027.5 
 786.7  3545  8203 29373 
 786.75  3550  8283 28733 
 786.8  3555  8364 25694 
 786.85  3560  8445 26571 
 786.9  3565  8527 21756.75 
 786.95  3570  8608 18625.75 
 787  3575  8689 22489.5 
 787.05  3580  8771 16645.75 
 787.1  3585  8853 14767.5 
 787.15  3590  8934 21116 
 787.2  3595  9016 25469.5 
 787.25  3600  9099 26045.5 
 787.3  3605  9181 20064 
 787.35  3610  9263 18760.25 
 787.4  3615  9346 20819.5 
 787.45  3620  9428 17941.5 
 787.5  3625  9511 24630.75 
 787.55  3630  9594 19872 
end
uaIntegration time is 0.2294 seconds per sampledt  3.3E-08 cy 1dh210619El Arenosillo 37.1 6.73 3.394313pr1000dark 1 
 840.01  2900  777 58 
 840.08  2905  842 62.25 
 840.13  2910  907 60 
 840.18  2915  972 59.25 
 840.23  2920  1037 61 
 840.28  2925  1102 65.25 
 840.33  2930  1168 68.25 
 840.38  2935  1233 72.75 
 840.43  2940  1299 86.5 
 840.48  2945  1365 93.75 
 840.53  2950  1431 112 
 840.58  2955  1497 155 
 840.63  2960  1563 208.75 
 840.68  2965  1629 232 
 840.73  2970  1695 290.75 
 840.78  2975  1761 543 
 840.83  2980  1828 627 
 840.88  2985  1894 641.75 
 840.93  2990  1961 1115 
 840.98  2995  2028 1448.5 
 841.03  3000  2095 1430.75 
 841.08  3005  2162 1859.25 
 841.13  3010  2229 2840.25 
 841.18  3015  2296 3631 
 841.23  3020  2364 3179 
 841.28  3025  2431 5523 
 841.33  3030  2499 8437 
 841.38  3035  2566 9771 
 841.43  3040  2634 9218.5 
 841.48  3045  2702 11859.5 
 841.53  3050  2770 15523.25 
 841.58  3055  2838 15888.5 
 841.63  3060  2906 15161.5 
 841.68  3065  2975 17764 
 841.73  3070  3043 22924 
 841.78  3075  3112 26452.25 
 841.83  3080  3180 27583.75 
 841.88  3085  3249 30429.75 
 841.93  3090  3318 26605.75 
 841.98  3095  3387 28009 
 842.03  3100  3456 27843 
 842.08  3105  3525 42588.75 
 842.13  3110  3594 50670.25 
 842.18  3115  3664 48354 
 842.23  3120  3733 44419.5 
 842.28  3125  3803 50112.5 
 842.33  3130  3873 51473.75 
 842.38  3135  3943 51516.5 
 842.43  3140  4013 57839 
 842.48  3145  4083 47594 
 842.53  3150  4153 59046.5 
 842.58  3155  4223 50663.25 
 842.63  3160  4294 40784 
 842.68  3165  4364 53070 
 842.73  3170  4435 62906 
 842.78  3175  4506 63278 
 842.83  3180  4576 46074 
 842.88  3185  4647 50972.25 
 842.93  3190  4718 54751.25 
 842.98  3195  4790 46513.25 
 843.03  3200  4861 52879.5 
 843.08  3205  4932 56983.25 
 843.13  3210  5004 45080 
 843.18  3215  5076 40572.25 
 843.23  3220  5147 43375.5 
 843.28  3225  5219 34625 
 843.33  3230  5291 30766.5 
 843.38  3235  5363 32470.5 
 843.43  3240  5436 34221.75 
 843.48  3245  5508 32619.5 
 843.53  3250  5580 27588.5 
 843.74  3255  3743 26894.25 
 843.85  3260  3817 31061.25 
 843.9  3265  3890 30146.5 
 843.95  3270  3963 30367.75 
 844  3275  4037 29356.5 
 844.05  3280  4110 27385.75 
 844.1  3285  4184 27046.5 
 844.15  3290  4258 31008.25 
 844.2  3295  4332 34836.75 
 844.25  3300  4406 35303 
 844.3  3305  4481 29196.25 
 844.35  3310  4555 29634.75 
 844.4  3315  4630 29333.75 
 844.45  3320  4704 30504.5 
 844.5  3325  4779 29798.5 
 844.55  3330  4854 29720.75 
 844.6  3335  4929 27476.25 
 844.65  3340  5005 28147.75 
 844.7  3345  5080 31100 
 844.75  3350  5155 28988.5 
 844.8  3355  5231 32583 
 844.85  3360  5307 22265.5 
 844.9  3365  5383 27192.75 
 844.94  3370  5459 22034 
 845  3375  5535 27791.5 
 845.05  3380  5611 25962.75 
 845.1  3385  5688 29085.5 
 845.15  3390  5764 28338.25 
 845.2  3395  5841 27481 
 845.25  3400  5918 32691.5 
 845.3  3405  5995 28938.5 
 845.35  3410  6072 27643 
 845.4  3415  6149 25498.75 
 845.45  3420  6226 30057.75 
 845.5  3425  6304 27713.25 
 845.55  3430  6381 30117.75 
 845.6  3435  6459 28112.75 
 845.65  3440  6537 20345.5 
 845.7  3445  6615 20956.5 
 845.75  3450  6693 27221 
 845.8  3455  6771 27328.25 
 845.85  3460  6850 23105.5 
 845.9  3465  6928 26002.5 
 845.95  3470  7007 27484.5 
 845.99  3475  7086 21696 
 846.05  3480  7165 25176 
 846.1  3485  7244 24884.25 
 846.15  3490  7323 22408.75 
 846.2  3495  7402 22325.75 
 846.25  3500  7482 27397.75 
 846.3  3505  7561 28217.5 
 846.35  3510  7641 24928.75 
 846.4  3515  7721 24242.75 
 846.45  3520  7801 25283.5 
 846.5  3525  7881 19645.75 
 846.55  3530  7961 24812.25 
 846.6  3535  8042 26080.75 
 846.64  3540  8122 26669 
 846.7  3545  8203 26961 
 846.75  3550  8283 26329.75 
 846.8  3555  8364 23563.75 
 846.85  3560  8445 24420 
 846.9  3565  8527 19879.25 
 846.95  3570  8608 17050.75 
 847  3575  8689 20656.5 
 847.05  3580  8771 15279 
 847.1  3585  8853 13501.5 
 847.15  3590  8934 19337 
 847.2  3595  9016 23325.5 
 847.25  3600  9099 23969.25 
 847.3  3605  9181 18366.75 
 847.35  3610  9263 17224.5 
 847.4  3615  9346 19050.5 
 847.45  3620  9428 16377.25 
 847.5  3625  9511 22589 
 847.55  3630  9594 18255.75 
end
uaIntegration time is 0.2294 seconds per sampledt  3.3E-08 cy 1dh210619El Arenosillo 37.1 6.73 3.340665pr1000dark 1 
 900.01  2900  777 45.5 
 900.08  2905  842 45.5 
 900.13  2910  907 44 
 900.18  2915  972 47.25 
 900.23  2920  1037 48.5 
 900.28  2925  1102 51.75 
 900.33  2930  1168 52 
 900.38  2935  1233 55.75 
 900.43  2940  1299 60.25 
 900.48  2945  1365 63.25 
 900.53  2950  1431 73.5 
 900.58  2955  1497 93.75 
 900.63  2960  1563 125.25 
 900.68  2965  1629 138 
 900.73  2970  1695 167.5 
 900.78  2975  1761 299.25 
 900.83  2980  1828 348.25 
 900.88  2985  1894 371.25 
 900.93  2990  1961 642 
 900.98  2995  2028 854 
 901.03  3000  2095 854.75 
 901.08  3005  2162 1135.25 
 901.13  3010  2229 1757.25 
 901.18  3015  2296 2289.75 
 901.23  3020  2364 2044.5 
 901.28  3025  2431 3579 
 901.33  3030  2499 5574.25 
 901.38  3035  2566 6579.25 
 901.43  3040  2634 6310.5 
 901.48  3045  2702 8253.25 
 901.53  3050  2770 10977.5 
 901.58  3055  2838 11373 
 901.63  3060  2906 10872 
 901.68  3065  2975 12817 
 901.73  3070  3043 16868.25 
 901.78  3075  3112 19685 
 901.83  3080  3180 20710 
 901.88  3085  3249 22955.5 
 901.93  3090  3318 20179.75 
 901.98  3095  3387 21477.75 
 902.03  3100  3456 21542.5 
 902.08  3105  3525 33144.75 
 902.13  3110  3594 39592.25 
 902.18  3115  3664 37993.5 
 902.23  3120  3733 35271.75 
 902.28  3125  3803 39928.25 
 902.33  3130  3873 41309.75 
 902.38  3135  3943 41296.25 
 902.43  3140  4013 46659 
 902.48  3145  4083 38763.25 
 902.53  3150  4153 48155 
 902.58  3155  4223 41270.5 
 902.63  3160  4294 33286 
 902.68  3165  4364 43657.5 
 902.73  3170  4435 51802.75 
 902.78  3175  4506 52050.5 
 902.83  3180  4576 37995.75 
 902.88  3185  4647 42476.25 
 902.93  3190  4718 45819 
 902.98  3195  4790 38537 
 903.03  3200  4861 43923.75 
 903.08  3205  4932 47603.5 
 903.13  3210  5004 37856.25 
 903.18  3215  5076 34107.5 
 903.23  3220  5147 36190.5 
 903.28  3225  5219 28910 
 903.33  3230  5291 25822.75 
 903.38  3235  5363 27354.75 
 903.43  3240  5436 28903.25 
 903.48  3245  5508 27360.25 
 903.53  3250  5580 23201 
 903.74  3255  3743 22648.25 
 903.85  3260  3817 26218 
 903.89  3265  3890 25559.5 
 903.95  3270  3963 25674.25 
 904  3275  4037 24793 
 904.05  3280  4110 23119 
 904.1  3285  4184 22857.25 
 904.14  3290  4258 26287.25 
 904.2  3295  4332 29463 
 904.25  3300  4406 29922 
 904.3  3305  4481 24657.25 
 904.35  3310  4555 25135.5 
 904.4  3315  4630 24880.5 
 904.45  3320  4704 25973 
 904.5  3325  4779 25445.5 
 904.55  3330  4854 25222.25 
 904.6  3335  4929 23322.5 
 904.65  3340  5005 23906 
 904.7  3345  5080 26519.25 
 904.75  3350  5155 24641.75 
 904.8  3355  5231 27754.25 
 904.85  3360  5307 18957.25 
 904.9  3365  5383 23150.25 
 904.95  3370  5459 18794.5 
 905  3375  5535 23619.75 
 905.05  3380  5611 21999 
 905.1  3385  5688 24663 
 905.15  3390  5764 24170 
 905.2  3395  5841 23347 
 905.25  3400  5918 27655.25 
 905.3  3405  5995 24474.75 
 905.35  3410  6072 23409.25 
 905.4  3415  6149 21637 
 905.45  3420  6226 25379.75 
 905.5  3425  6304 23505.75 
 905.55  3430  6381 25470.5 
 905.6  3435  6459 23714.5 
 905.65  3440  6537 17020.75 
 905.7  3445  6615 17714.5 
 905.75  3450  6693 22979.5 
 905.8  3455  6771 23096.5 
 905.85  3460  6850 19653 
 905.89  3465  6928 22034.5 
 905.95  3470  7007 23366.5 
 906  3475  7086 18506.75 
 906.05  3480  7165 21351 
 906.1  3485  7244 21103.5 
 906.15  3490  7323 19028.5 
 906.2  3495  7402 18988.5 
 906.25  3500  7482 23285.5 
 906.3  3505  7561 23906.5 
 906.35  3510  7641 21154 
 906.4  3515  7721 20438 
 906.45  3520  7801 21366 
 906.5  3525  7881 16707 
 906.55  3530  7961 21119 
 906.6  3535  8042 22238.25 
 906.65  3540  8122 22667.75 
 906.7  3545  8203 22903 
 906.75  3550  8283 22421 
 906.8  3555  8364 20104.75 
 906.85  3560  8445 20886.75 
 906.9  3565  8527 16987 
 906.95  3570  8608 14654.25 
 907  3575  8689 17681 
 907.05  3580  8771 13088 
 907.1  3585  8853 11556.25 
 907.15  3590  8934 16417.25 
 907.2  3595  9016 19650.5 
 907.25  3600  9099 19843.5 
 907.3  3605  9181 15412.25 
 907.35  3610  9263 14381.5 
 907.4  3615  9346 15884 
 907.45  3620  9428 13609.75 
 907.5  3625  9511 18632.75 
 907.55  3630  9594 14735.5 
end
uaIntegration time is 0.2294 seconds per sampledt  3.3E-08 cy 1dh210619El Arenosillo 37.1 6.73 3.340665pr1000dark .95 
 960.01  2900  777 31 
 960.08  2905  842 32 
 960.13  2910  907 33.75 
 960.18  2915  972 32.5 
 960.23  2920  1037 30.75 
 960.28  2925  1102 35.5 
 960.33  2930  1168 33.25 
 960.38  2935  1233 35.75 
 960.43  2940  1299 36.25 
 960.48  2945  1365 39.5 
 960.53  2950  1431 39.5 
 960.58  2955  1497 44.25 
 960.63  2960  1563 54.75 
 960.68  2965  1629 55.25 
 960.73  2970  1695 67.75 
 960.78  2975  1761 112 
 960.83  2980  1828 126.5 
 960.88  2985  1894 131.75 
 960.93  2990  1961 229.25 
 960.98  2995  2028 314.25 
 961.03  3000  2095 323.5 
 961.08  3005  2162 451 
 961.13  3010  2229 716.25 
 961.18  3015  2296 965 
 961.23  3020  2364 889.25 
 961.28  3025  2431 1624.5 
 961.33  3030  2499 2580 
 961.38  3035  2566 3151.75 
 961.43  3040  2634 3060.5 
 961.48  3045  2702 4103.5 
 961.53  3050  2770 5711.75 
 961.58  3055  2838 6020.25 
 961.63  3060  2906 5857.5 
 961.68  3065  2975 7024.75 
 961.73  3070  3043 9563.5 
 961.78  3075  3112 11430.75 
 961.83  3080  3180 12174 
 961.88  3085  3249 13596.75 
 961.93  3090  3318 12087.5 
 961.98  3095  3387 13306.5 
 962.03  3100  3456 13425.75 
 962.08  3105  3525 20868 
 962.13  3110  3594 25246.5 
 962.18  3115  3664 24401 
 962.23  3120  3733 23112.75 
 962.28  3125  3803 26620.5 
 962.33  3130  3873 27653.25 
 962.38  3135  3943 27550 
 962.43  3140  4013 31519.25 
 962.48  3145  4083 26653.5 
 962.53  3150  4153 33194 
 962.58  3155  4223 28249.5 
 962.63  3160  4294 23313.75 
 962.68  3165  4364 30866.75 
 962.73  3170  4435 36723.25 
 962.78  3175  4506 36685.5 
 962.83  3180  4576 26979 
 962.88  3185  4647 30655.5 
 962.93  3190  4718 33145.5 
 962.98  3195  4790 27706.5 
 963.03  3200  4861 31618 
 963.08  3205  4932 34495.25 
 963.13  3210  5004 27773.5 
 963.18  3215  5076 25043.25 
 963.23  3220  5147 26359.25 
 963.28  3225  5219 20981.25 
 963.33  3230  5291 18907 
 963.38  3235  5363 20261.25 
 963.43  3240  5436 21457.75 
 963.48  3245  5508 20277.75 
 963.53  3250  5580 17003 
 963.74  3255  3743 16608 
 963.85  3260  3817 19400 
 963.9  3265  3890 19016.25 
 963.95  3270  3963 19053.5 
 964  3275  4037 18257.5 
 964.05  3280  4110 16943.75 
 964.1  3285  4184 16813 
 964.15  3290  4258 19584.25 
 964.2  3295  4332 22010.25 
 964.25  3300  4406 22438.25 
 964.3  3305  4481 18403.25 
 964.35  3310  4555 18627.25 
 964.4  3315  4630 18433.5 
 964.45  3320  4704 19334.5 
 964.5  3325  4779 18987.5 
 964.55  3330  4854 18867 
 964.59  3335  4929 17258 
 964.65  3340  5005 17777 
 964.7  3345  5080 19878.5 
 964.75  3350  5155 18619.5 
 964.8  3355  5231 20932.5 
 964.85  3360  5307 14309 
 964.9  3365  5383 17484.25 
 964.95  3370  5459 14203.5 
 965  3375  5535 17805.25 
 965.05  3380  5611 16736 
 965.1  3385  5688 18729.25 
 965.15  3390  5764 18308.75 
 965.2  3395  5841 17745 
 965.25  3400  5918 21066.5 
 965.3  3405  5995 18657.25 
 965.35  3410  6072 17881.75 
 965.4  3415  6149 16508.5 
 965.45  3420  6226 19373.25 
 965.5  3425  6304 17914.25 
 965.55  3430  6381 19424 
 965.6  3435  6459 18073.25 
 965.65  3440  6537 13036.5 
 965.7  3445  6615 13545.5 
 965.75  3450  6693 17558.5 
 965.8  3455  6771 17638.75 
 965.85  3460  6850 14910.5 
 965.9  3465  6928 16742.25 
 965.95  3470  7007 17737.25 
 966  3475  7086 13996 
 966.05  3480  7165 16256.25 
 966.1  3485  7244 16053.25 
 966.15  3490  7323 14481 
 966.2  3495  7402 14419.25 
 966.25  3500  7482 17786.5 
 966.3  3505  7561 18247.5 
 966.35  3510  7641 16128 
 966.4  3515  7721 15656 
 966.45  3520  7801 16377.5 
 966.5  3525  7881 12727 
 966.55  3530  7961 16070.5 
 966.6  3535  8042 16809.5 
 966.65  3540  8122 17200.25 
 966.7  3545  8203 17428.5 
 966.75  3550  8283 17037 
 966.8  3555  8364 15267.25 
 966.85  3560  8445 15844.5 
 966.9  3565  8527 12859.25 
 966.95  3570  8608 11050.5 
 967  3575  8689 13338.75 
 967.05  3580  8771 9888.25 
 967.1  3585  8853 8695.5 
 967.15  3590  8934 12553.75 
 967.2  3595  9016 15093 
 967.25  3600  9099 15362.5 
 967.3  3605  9181 11887.25 
 967.35  3610  9263 11079.5 
 967.4  3615  9346 12369.25 
 967.45  3620  9428 10640.5 
 967.5  3625  9511 14560.75 
 967.55  3630  9594 11701.5 
end
uaIntegration time is 0.2294 seconds per sampledt  3.3E-08 cy 1dh210619El Arenosillo 37.1 6.73 3.340665pr1000dark 1.1 
 1020.01  2900  777 18 
 1020.08  2905  842 20.25 
 1020.14  2910  907 21.25 
 1020.17  2915  972 19.75 
 1020.24  2920  1037 19 
 1020.27  2925  1102 20.75 
 1020.33  2930  1168 19 
 1020.39  2935  1233 19.25 
 1020.42  2940  1299 21.5 
 1020.49  2945  1365 18.75 
 1020.52  2950  1431 21.25 
 1020.59  2955  1497 22.5 
 1020.62  2960  1563 22.25 
 1020.69  2965  1629 21.75 
 1020.72  2970  1695 24 
 1020.78  2975  1761 28.5 
 1020.84  2980  1828 34.25 
 1020.87  2985  1894 33.25 
 1020.94  2990  1961 52 
 1020.97  2995  2028 70.75 
 1021.04  3000  2095 74.5 
 1021.07  3005  2162 99.5 
 1021.13  3010  2229 162.75 
 1021.19  3015  2296 224 
 1021.22  3020  2364 221.75 
 1021.29  3025  2431 407.75 
 1021.32  3030  2499 689.75 
 1021.39  3035  2566 879.75 
 1021.42  3040  2634 893 
 1021.49  3045  2702 1252.5 
 1021.52  3050  2770 1848.75 
 1021.59  3055  2838 2048.75 
 1021.62  3060  2906 2040.25 
 1021.69  3065  2975 2493.75 
 1021.74  3070  3043 3621.5 
 1021.77  3075  3112 4554.25 
 1021.84  3080  3180 4920 
 1021.87  3085  3249 5625.25 
 1021.93  3090  3318 5143.25 
 1021.99  3095  3387 5953.25 
 1022.03  3100  3456 6207.75 
 1022.09  3105  3525 9709 
 1022.12  3110  3594 11961.75 
 1022.19  3115  3664 11673.75 
 1022.22  3120  3733 11496.25 
 1022.29  3125  3803 13545 
 1022.32  3130  3873 14307 
 1022.39  3135  3943 14174.25 
 1022.42  3140  4013 16665.5 
 1022.49  3145  4083 14607.75 
 1022.54  3150  4153 18289.75 
 1022.57  3155  4223 15464.25 
 1022.63  3160  4294 13064.25 
 1022.69  3165  4364 17652 
 1022.72  3170  4435 20984.75 
 1022.79  3175  4506 20905.25 
 1022.82  3180  4576 15619.25 
 1022.89  3185  4647 18195.75 
 1022.92  3190  4718 19865.5 
 1022.99  3195  4790 16414.75 
 1023.04  3200  4861 18619.75 
 1023.08  3205  4932 20855.25 
 1023.14  3210  5004 17134.5 
 1023.17  3215  5076 15560.5 
 1023.23  3220  5147 15986.25 
 1023.29  3225  5219 12750.75 
 1023.32  3230  5291 11707.75 
 1023.39  3235  5363 12804 
 1023.44  3240  5436 13647 
 1023.48  3245  5508 12681 
 1023.53  3250  5580 10607.25 
 1023.75  3255  3743 10457.5 
 1023.85  3260  3817 12309.75 
 1023.9  3265  3890 12259.75 
 1023.94  3270  3963 12289.75 
 1024  3275  4037 11729.75 
 1024.06  3280  4110 10744.25 
 1024.09  3285  4184 10862.25 
 1024.15  3290  4258 12804 
 1024.21  3295  4332 14346.5 
 1024.24  3300  4406 14558 
 1024.31  3305  4481 11866.75 
 1024.34  3310  4555 11999.25 
 1024.41  3315  4630 12017 
 1024.44  3320  4704 12649.75 
 1024.51  3325  4779 12499.5 
 1024.54  3330  4854 12380 
 1024.61  3335  4929 11439 
 1024.64  3340  5005 11596 
 1024.7  3345  5080 12929 
 1024.74  3350  5155 12229 
 1024.81  3355  5231 13666 
 1024.84  3360  5307 9384.75 
 1024.9  3365  5383 11357.75 
 1024.93  3370  5459 9267 
 1025.01  3375  5535 11549 
 1025.04  3380  5611 10905.75 
 1025.11  3385  5688 12126.25 
 1025.14  3390  5764 12031.75 
 1025.2  3395  5841 11687.75 
 1025.24  3400  5918 13752.5 
 1025.3  3405  5995 12139.25 
 1025.33  3410  6072 11687.25 
 1025.4  3415  6149 10785.25 
 1025.46  3420  6226 12716.75 
 1025.49  3425  6304 11794.25 
 1025.56  3430  6381 12715 
 1025.59  3435  6459 11858.25 
 1025.66  3440  6537 8578.5 
 1025.69  3445  6615 8863.75 
 1025.75  3450  6693 11530.5 
 1025.79  3455  6771 11579.25 
 1025.86  3460  6850 9823 
 1025.89  3465  6928 10934.75 
 1025.96  3470  7007 11619 
 1025.99  3475  7086 9260.25 
 1026.06  3480  7165 10640 
 1026.09  3485  7244 10587.5 
 1026.15  3490  7323 9469.5 
 1026.2  3495  7402 9560.25 
 1026.24  3500  7482 11597.75 
 1026.31  3505  7561 11957 
 1026.34  3510  7641 10625.75 
 1026.4  3515  7721 10269 
 1026.45  3520  7801 10774.25 
 1026.51  3525  7881 8373.5 
 1026.54  3530  7961 10505.25 
 1026.61  3535  8042 11114 
 1026.64  3540  8122 11315 
 1026.7  3545  8203 11458.25 
 1026.76  3550  8283 11233.75 
 1026.79  3555  8364 10036.25 
 1026.86  3560  8445 10393.5 
 1026.89  3565  8527 8416.5 
 1026.95  3570  8608 7287.25 
 1026.99  3575  8689 8750.25 
 1027.06  3580  8771 6461.25 
 1027.09  3585  8853 5753.25 
 1027.15  3590  8934 8182 
 1027.21  3595  9016 9845.25 
 1027.24  3600  9099 10062.25 
 1027.3  3605  9181 7835.5 
 1027.35  3610  9263 7287.25 
 1027.41  3615  9346 8119 
 1027.44  3620  9428 6971.75 
 1027.5  3625  9511 9575.5 
 1027.54  3630  9594 7685.5 
end
uxIntegration time is 0.2294 seconds per sampledt  3.3E-08 cy 1dh210619El Arenosillo 37.1 6.73 3.233369pr1000dark .8 
 1165.38  2900  777 1.75 
 1165.41  2905  842 1.25 
 1165.45  2910  907 1.25 
 1165.48  2915  972 1 
 1165.51  2920  1037 1.25 
 1165.54  2925  1102 1.5 
 1165.57  2930  1168 1.5 
 1165.6  2935  1233 1.75 
 1165.63  2940  1299 2 
 1165.66  2945  1365 1 
 1165.69  2950  1431 1.25 
 1165.72  2955  1497 1.25 
 1165.75  2960  1563 1.25 
 1165.78  2965  1629 1.25 
 1165.83  2970  1695 1 
 1165.86  2975  1761 1.75 
 1165.89  2980  1828 1.5 
 1165.92  2985  1894 1.25 
 1165.95  2990  1961 1.5 
 1165.98  2995  2028 1.75 
 1166.01  3000  2095 2.5 
 1166.03  3005  2162 2.5 
 1166.05  3010  2229 2 
 1166.07  3015  2296 3.5 
 1166.1  3020  2364 2 
 1166.12  3025  2431 3.5 
 1166.14  3030  2499 6.5 
 1166.16  3035  2566 6.5 
 1166.19  3040  2634 8 
 1166.21  3045  2702 11 
 1166.23  3050  2770 12 
 1166.26  3055  2838 16 
 1166.28  3060  2906 14 
 1166.3  3065  2975 14 
 1166.32  3070  3043 23.5 
 1166.35  3075  3112 27 
 1166.37  3080  3180 33.5 
 1166.39  3085  3249 35 
 1166.41  3090  3318 32.5 
 1166.44  3095  3387 42.5 
 1166.46  3100  3456 40 
 1166.48  3105  3525 72 
 1166.5  3110  3594 82 
 1166.53  3115  3664 85 
 1166.55  3120  3733 90 
 1166.57  3125  3803 109.5 
 1166.6  3130  3873 126 
 1166.62  3135  3943 134.5 
 1166.64  3140  4013 164 
 1166.66  3145  4083 161.5 
 1166.69  3150  4153 226.5 
 1166.71  3155  4223 177 
 1166.73  3160  4294 175 
 1166.76  3165  4364 268.5 
 1166.78  3170  4435 333.5 
 1166.8  3175  4506 311 
 1166.82  3180  4576 262 
 1166.85  3185  4647 405 
 1166.87  3190  4718 489.5 
 1166.89  3195  4790 355.5 
 1166.92  3200  4861 380.5 
 1166.94  3205  4932 535.5 
 1166.96  3210  5004 554.5 
 1166.99  3215  5076 526.5 
 1167.01  3220  5147 442 
 1167.03  3225  5219 334.5 
 1167.06  3230  5291 396.5 
 1167.08  3235  5363 536.5 
 1167.1  3240  5436 610.5 
 1167.12  3245  5508 510 
 1167.15  3250  5580 370.5 
 1167.34  3255  3743 407 
 1167.36  3260  3817 559.5 
 1167.38  3265  3890 625.5 
 1167.41  3270  3963 621.5 
 1167.43  3275  4037 536 
 1167.45  3280  4110 445.5 
 1167.48  3285  4184 533.5 
 1167.5  3290  4258 735.5 
 1167.52  3295  4332 855.5 
 1167.55  3300  4406 854 
 1167.57  3305  4481 631.5 
 1167.59  3310  4555 607 
 1167.62  3315  4630 647.5 
 1167.64  3320  4704 778 
 1167.66  3325  4779 808.5 
 1167.69  3330  4854 794.5 
 1167.71  3335  4929 663.5 
 1167.73  3340  5005 650.5 
 1167.76  3345  5080 816.5 
 1167.78  3350  5155 808.5 
 1167.8  3355  5231 944 
 1167.83  3360  5307 644.5 
 1167.85  3365  5383 741 
 1167.87  3370  5459 589 
 1167.89  3375  5535 719 
 1167.92  3380  5611 703 
 1167.94  3385  5688 809.5 
 1167.97  3390  5764 836 
 1167.99  3395  5841 810 
 1168.01  3400  5918 908.5 
 1168.04  3405  5995 804 
 1168.06  3410  6072 805.5 
 1168.08  3415  6149 755.5 
 1168.1  3420  6226 903 
 1168.13  3425  6304 800.5 
 1168.15  3430  6381 888.5 
 1168.18  3435  6459 809.5 
 1168.2  3440  6537 583.5 
 1168.22  3445  6615 598.5 
 1168.25  3450  6693 763 
 1168.27  3455  6771 798 
 1168.29  3460  6850 682 
 1168.32  3465  6928 773 
 1168.34  3470  7007 801 
 1168.36  3475  7086 655.5 
 1168.39  3480  7165 743 
 1168.41  3485  7244 751 
 1168.46  3490  7323 654.5 
 1168.48  3495  7402 640.5 
 1168.5  3500  7482 808 
 1168.53  3505  7561 829.5 
 1168.55  3510  7641 744.5 
 1168.57  3515  7721 708.5 
 1168.6  3520  7801 741.5 
 1168.62  3525  7881 588 
 1168.64  3530  7961 726.5 
 1168.67  3535  8042 781.5 
 1168.69  3540  8122 769 
 1168.72  3545  8203 788 
 1168.74  3550  8283 777.5 
 1168.76  3555  8364 692 
 1168.79  3560  8445 717.5 
 1168.81  3565  8527 600 
 1168.83  3570  8608 502.5 
 1168.86  3575  8689 595.5 
 1168.88  3580  8771 463 
 1168.9  3585  8853 389.5 
 1168.95  3590  8934 551.5 
 1168.97  3595  9016 665 
 1168.99  3600  9099 670 
 1169.02  3605  9181 524.5 
 1169.04  3610  9263 505.5 
 1169.06  3615  9346 548 
 1169.09  3620  9428 468 
 1169.11  3625  9511 647.5 
 1169.13  3630  9594 528 
end
