uxIntegration time is 0.2294 seconds per sampledt  3.4E-08 cy 1dh240619Arenosillo 37.1 6.73 3.03pr1000dark 1.6 
 302.44  2900  736 2.25 
 302.48  2905  803 2.25 
 302.52  2910  870 1.5 
 302.55  2915  937 2 
 302.59  2920  1004 2 
 302.63  2925  1071 2 
 302.66  2930  1138 2 
 302.7  2935  1206 2.75 
 302.74  2940  1273 2.25 
 302.77  2945  1341 2 
 302.81  2950  1408 1.75 
 302.85  2955  1476 1.75 
 302.89  2960  1544 2.25 
 302.92  2965  1611 1.5 
 302.96  2970  1679 2 
 303  2975  1747 2.25 
 303.03  2980  1815 1.75 
 303.07  2985  1883 2.5 
 303.11  2990  1952 1.5 
 303.15  2995  2020 2.25 
 303.17  3000  2088 2 
 303.2  3005  2157 2 
 303.23  3010  2225 3.5 
 303.26  3015  2294 3 
 303.29  3020  2362 2 
 303.32  3025  2431 3.5 
 303.34  3030  2500 2.5 
 303.37  3035  2569 4.5 
 303.4  3040  2638 3.5 
 303.43  3045  2707 5 
 303.46  3050  2776 7.5 
 303.49  3055  2845 8 
 303.52  3060  2915 8 
 303.54  3065  2984 9 
 303.57  3070  3054 10 
 303.6  3075  3123 15 
 303.63  3080  3193 13 
 303.66  3085  3263 16.5 
 303.69  3090  3333 11 
 303.71  3095  3403 17 
 303.74  3100  3473 17 
 303.77  3105  3543 26.5 
 303.8  3110  3613 48 
 303.83  3115  3683 31.5 
 303.86  3120  3754 28 
 303.89  3125  3824 41.5 
 303.92  3130  3895 42.5 
 303.94  3135  3965 37 
 303.97  3140  4036 45.5 
 304  3145  4107 44 
 304.03  3150  4178 55 
 304.06  3155  4249 45 
 304.09  3160  4320 37.5 
 304.11  3165  4391 61.5 
 304.14  3170  4462 68.5 
 304.17  3175  4534 68.5 
 304.2  3180  4605 55.5 
 304.23  3185  4677 77 
 304.26  3190  4748 84.5 
 304.28  3195  4820 60.5 
 304.31  3200  4892 73.5 
 304.34  3205  4964 96.5 
 304.37  3210  5036 82.5 
 304.4  3215  5108 84 
 304.43  3220  5180 75 
 304.46  3225  5253 57.5 
 304.49  3230  5325 58 
 304.51  3235  5397 86.5 
 304.54  3240  5470 93 
 304.57  3245  5543 76.5 
 304.6  3250  5616 52.5 
 304.86  3255  3766 44 
 304.89  3260  3840 74.5 
 304.92  3265  3914 82.5 
 304.94  3270  3988 82.5 
 304.97  3275  4063 66 
 305  3280  4137 53.5 
 305.03  3285  4212 66 
 305.06  3290  4287 106 
 305.09  3295  4361 123 
 305.11  3300  4436 122.5 
 305.14  3305  4511 88 
 305.17  3310  4586 88.5 
 305.2  3315  4662 91.5 
 305.23  3320  4737 122.5 
 305.26  3325  4812 134 
 305.28  3330  4888 121 
 305.31  3335  4964 99.5 
 305.34  3340  5039 95 
 305.37  3345  5115 132.5 
 305.4  3350  5191 137.5 
 305.43  3355  5267 160 
 305.46  3360  5344 112 
 305.49  3365  5420 123.5 
 305.52  3370  5496 86 
 305.54  3375  5573 109.5 
 305.57  3380  5650 130.5 
 305.6  3385  5726 145.5 
 305.63  3390  5803 144 
 305.66  3395  5880 155 
 305.69  3400  5957 155 
 305.72  3405  6035 132 
 305.75  3410  6112 146 
 305.78  3415  6189 132.5 
 305.8  3420  6267 161 
 305.83  3425  6345 153.5 
 305.86  3430  6422 152 
 305.89  3435  6500 151.5 
 305.92  3440  6578 101 
 305.95  3445  6657 120 
 305.98  3450  6735 144.5 
 306.01  3455  6813 144 
 306.04  3460  6892 129.5 
 306.06  3465  6971 145 
 306.09  3470  7049 150 
 306.12  3475  7128 124.5 
 306.15  3480  7207 140.5 
 306.18  3485  7286 137.5 
 306.21  3490  7366 128 
 306.24  3495  7445 133.5 
 306.27  3500  7525 152 
 306.3  3505  7604 168.5 
 306.33  3510  7684 143.5 
 306.36  3515  7764 138 
 306.39  3520  7844 143.5 
 306.42  3525  7924 110 
 306.46  3530  8005 136 
 306.49  3535  8085 158 
 306.52  3540  8166 151.5 
 306.55  3545  8246 150.5 
 306.58  3550  8327 155.5 
 306.61  3555  8408 146 
 306.64  3560  8489 139 
 306.67  3565  8570 123 
 306.7  3570  8652 94.5 
 306.73  3575  8733 119.5 
 306.76  3580  8815 87.5 
 306.79  3585  8897 76.5 
 306.82  3590  8979 112 
 306.85  3595  9061 133.5 
 306.88  3600  9143 138 
 306.91  3605  9225 125.5 
 306.94  3610  9308 105.5 
 306.98  3615  9390 116 
 307.01  3620  9473 98 
 307.03  3625  9556 125.5 
 307.07  3630  9639 108.5 
end
uaIntegration time is 0.2294 seconds per sampledt  3.4E-08 cy 1dh240619Arenosillo 37.1 6.73 3.58pr1000dark 8.899999 
 660.02  2900  736 102.5 
 660.07  2905  803 110 
 660.12  2910  870 114.5 
 660.17  2915  937 124.5 
 660.22  2920  1004 143.25 
 660.27  2925  1071 137.75 
 660.32  2930  1138 158.5 
 660.38  2935  1206 176 
 660.42  2940  1273 185 
 660.48  2945  1341 209.75 
 660.53  2950  1408 271.5 
 660.57  2955  1476 392.5 
 660.62  2960  1544 571 
 660.67  2965  1611 621.75 
 660.72  2970  1679 864 
 660.78  2975  1747 1369.75 
 660.82  2980  1815 1610 
 660.87  2985  1883 1647.5 
 660.93  2990  1952 2834.75 
 660.97  2995  2020 3596 
 661.02  3000  2088 3598 
 661.08  3005  2157 4702.75 
 661.13  3010  2225 6149.75 
 661.18  3015  2294 7819.5 
 661.22  3020  2362 6848.5 
 661.27  3025  2431 13832.75 
 661.32  3030  2500 19679.25 
 661.37  3035  2569 22674.25 
 661.43  3040  2638 20400.25 
 661.48  3045  2707 23496 
 661.53  3050  2776 28405.5 
 661.58  3055  2845 28461 
 661.62  3060  2915 27839.5 
 661.67  3065  2984 34404.25 
 661.72  3070  3054 46566.25 
 661.77  3075  3123 54878.25 
 661.83  3080  3193 57117 
 661.88  3085  3263 62486 
 661.92  3090  3333 55104.75 
 661.97  3095  3403 55788 
 662.02  3100  3473 55806.5 
 662.07  3105  3543 81096.25 
 662.13  3110  3613 101966 
 662.18  3115  3683 98718 
 662.23  3120  3754 87633.75 
 662.27  3125  3824 99654.75 
 662.32  3130  3895 103292.3 
 662.38  3135  3965 97840.25 
 662.42  3140  4036 112362.3 
 662.48  3145  4107 95927 
 662.53  3150  4178 117991.5 
 662.57  3155  4249 98118 
 662.63  3160  4320 78569.75 
 662.68  3165  4391 99179.25 
 662.73  3170  4462 112232.5 
 662.78  3175  4534 114184.5 
 662.82  3180  4605 90888.25 
 662.87  3185  4677 102574 
 662.92  3190  4748 103746.3 
 662.97  3195  4820 80888.25 
 663.02  3200  4892 100695.8 
 663.07  3205  4964 109152 
 663.12  3210  5036 81359.75 
 663.18  3215  5108 76842 
 663.23  3220  5180 76970.5 
 663.28  3225  5253 62702 
 663.32  3230  5325 49450.75 
 663.37  3235  5397 46810.75 
 663.43  3240  5470 46765.5 
 663.47  3245  5543 43930 
 663.53  3250  5616 36619.25 
 663.81  3255  3766 37760.75 
 663.85  3260  3840 42935.75 
 663.89  3265  3914 37346.25 
 663.94  3270  3988 36529 
 663.99  3275  4063 34816 
 664.04  3280  4137 29903 
 664.09  3285  4212 26656.5 
 664.14  3290  4287 31640.75 
 664.19  3295  4361 34322.5 
 664.24  3300  4436 35735 
 664.29  3305  4511 28361.25 
 664.34  3310  4586 29305 
 664.39  3315  4662 30800.5 
 664.44  3320  4737 33795.25 
 664.49  3325  4812 32376.75 
 664.54  3330  4888 29385.25 
 664.59  3335  4964 26902.75 
 664.64  3340  5039 27502.5 
 664.69  3345  5115 30125.5 
 664.74  3350  5191 28536.75 
 664.79  3355  5267 32314 
 664.84  3360  5344 21531.5 
 664.89  3365  5420 27006 
 664.94  3370  5496 22382.25 
 664.99  3375  5573 28635.25 
 665.04  3380  5650 26448 
 665.09  3385  5726 29931 
 665.14  3390  5803 28909.5 
 665.19  3395  5880 28436 
 665.24  3400  5957 35362.25 
 665.29  3405  6035 30690 
 665.34  3410  6112 29561 
 665.39  3415  6189 27589.5 
 665.44  3420  6267 30606.75 
 665.49  3425  6345 28557.75 
 665.54  3430  6422 32239.25 
 665.59  3435  6500 31894 
 665.64  3440  6578 23378.75 
 665.69  3445  6657 22410.75 
 665.74  3450  6735 27720.5 
 665.79  3455  6813 26681.25 
 665.84  3460  6892 23571 
 665.89  3465  6971 30736.25 
 665.94  3470  7049 32121.75 
 665.99  3475  7128 25593 
 666.04  3480  7207 30063.25 
 666.09  3485  7286 28675 
 666.14  3490  7366 27353.25 
 666.19  3495  7445 27244.75 
 666.24  3500  7525 33245.5 
 666.29  3505  7604 36352.5 
 666.34  3510  7684 31228.75 
 666.39  3515  7764 26013.25 
 666.44  3520  7844 27890 
 666.49  3525  7924 22801.75 
 666.54  3530  8005 30257.75 
 666.59  3535  8085 31069.5 
 666.64  3540  8166 31940.25 
 666.69  3545  8246 32256 
 666.74  3550  8327 28414.5 
 666.79  3555  8408 25078.25 
 666.84  3560  8489 26889.25 
 666.89  3565  8570 22942.75 
 666.94  3570  8652 18234.25 
 666.99  3575  8733 20115.25 
 667.04  3580  8815 15491.25 
 667.09  3585  8897 12830.25 
 667.14  3590  8979 17422.25 
 667.19  3595  9061 21384.5 
 667.24  3600  9143 24160 
 667.29  3605  9225 18236.25 
 667.34  3610  9308 15671.5 
 667.39  3615  9390 17575.5 
 667.44  3620  9473 13951.25 
 667.49  3625  9556 18985 
 667.54  3630  9639 17142.75 
end
uaIntegration time is 0.2294 seconds per sampledt  3.4E-08 cy 1dh240619Arenosillo 37.1 6.73 3.62pr1000dark 9.95 
 690.02  2900  736 107.5 
 690.08  2905  803 109 
 690.13  2910  870 103.25 
 690.17  2915  937 110 
 690.22  2920  1004 114 
 690.27  2925  1071 118.5 
 690.32  2930  1138 141 
 690.38  2935  1206 160 
 690.42  2940  1273 186 
 690.48  2945  1341 215 
 690.53  2950  1408 289 
 690.57  2955  1476 421.25 
 690.63  2960  1544 613 
 690.68  2965  1611 664.5 
 690.72  2970  1679 765.75 
 690.77  2975  1747 1430 
 690.82  2980  1815 1705 
 690.87  2985  1883 1604.25 
 690.92  2990  1952 2858 
 690.97  2995  2020 3518.5 
 691.03  3000  2088 3424 
 691.08  3005  2157 4302.5 
 691.13  3010  2225 6265.75 
 691.18  3015  2294 8018.75 
 691.22  3020  2362 6769.25 
 691.27  3025  2431 11652 
 691.33  3030  2500 17134.5 
 691.37  3035  2569 19953.25 
 691.43  3040  2638 18563.75 
 691.48  3045  2707 23382.25 
 691.53  3050  2776 29278.25 
 691.58  3055  2845 29501.25 
 691.63  3060  2915 27627.25 
 691.68  3065  2984 31763 
 691.73  3070  3054 40257.75 
 691.78  3075  3123 45184.5 
 691.82  3080  3193 46829.25 
 691.87  3085  3263 50816.25 
 691.92  3090  3333 43459.75 
 691.98  3095  3403 44474 
 692.02  3100  3473 43135 
 692.08  3105  3543 65727.5 
 692.13  3110  3613 75839.5 
 692.18  3115  3683 71728.75 
 692.23  3120  3754 64810.5 
 692.28  3125  3824 71524.75 
 692.33  3130  3895 72224 
 692.38  3135  3965 71467.5 
 692.42  3140  4036 79022.5 
 692.47  3145  4107 64338 
 692.52  3150  4178 79030.25 
 692.58  3155  4249 67483.75 
 692.63  3160  4320 54809.25 
 692.68  3165  4391 71366.5 
 692.73  3170  4462 84447 
 692.78  3175  4534 84697.5 
 692.82  3180  4605 61852.75 
 692.87  3185  4677 70572.25 
 692.92  3190  4748 74339.5 
 692.98  3195  4820 63319.75 
 693.02  3200  4892 72581.5 
 693.07  3205  4964 74362.75 
 693.13  3210  5036 55763.5 
 693.17  3215  5108 49461.75 
 693.23  3220  5180 51545.5 
 693.28  3225  5253 40164.5 
 693.33  3230  5325 34952.5 
 693.38  3235  5397 35460.5 
 693.43  3240  5470 36680 
 693.47  3245  5543 34319 
 693.53  3250  5616 28716.75 
 693.81  3255  3766 20069.25 
 693.84  3260  3840 23163 
 693.89  3265  3914 22404 
 693.94  3270  3988 22341.5 
 693.99  3275  4063 21610.5 
 694.04  3280  4137 20133.5 
 694.09  3285  4212 19688.75 
 694.14  3290  4287 22794.25 
 694.19  3295  4361 25223 
 694.24  3300  4436 25721.75 
 694.29  3305  4511 21376.5 
 694.34  3310  4586 21885.5 
 694.39  3315  4662 21748.75 
 694.44  3320  4737 22567.25 
 694.49  3325  4812 22168.75 
 694.54  3330  4888 22182.5 
 694.59  3335  4964 20561.25 
 694.64  3340  5039 21385.25 
 694.69  3345  5115 23673.5 
 694.74  3350  5191 22183.5 
 694.79  3355  5267 24717.5 
 694.84  3360  5344 16766.75 
 694.89  3365  5420 20655.5 
 694.94  3370  5496 16711.75 
 694.99  3375  5573 21310 
 695.04  3380  5650 19783.5 
 695.09  3385  5726 22340.25 
 695.14  3390  5803 21793.5 
 695.19  3395  5880 21282.75 
 695.24  3400  5957 25468.5 
 695.29  3405  6035 22335.5 
 695.34  3410  6112 21567.5 
 695.39  3415  6189 19826.5 
 695.44  3420  6267 23536.75 
 695.49  3425  6345 21786.25 
 695.54  3430  6422 23816.75 
 695.59  3435  6500 22317.75 
 695.64  3440  6578 16150.25 
 695.69  3445  6657 16707.25 
 695.74  3450  6735 21618.5 
 695.79  3455  6813 21732.5 
 695.84  3460  6892 18290.75 
 695.89  3465  6971 20456 
 695.94  3470  7049 21831.75 
 695.99  3475  7128 17370.25 
 696.04  3480  7207 20017.75 
 696.09  3485  7286 19999.5 
 696.14  3490  7366 18157.75 
 696.19  3495  7445 18194.25 
 696.24  3500  7525 22103.75 
 696.29  3505  7604 23072.5 
 696.34  3510  7684 20534 
 696.39  3515  7764 19410.25 
 696.44  3520  7844 20966.25 
 696.49  3525  7924 16013.25 
 696.54  3530  8005 20309.25 
 696.59  3535  8085 21400 
 696.64  3540  8166 22007 
 696.69  3545  8246 22212 
 696.74  3550  8327 21947.25 
 696.79  3555  8408 19495.5 
 696.84  3560  8489 20156 
 696.89  3565  8570 17058.75 
 696.94  3570  8652 14130.75 
 696.99  3575  8733 17270.25 
 697.04  3580  8815 13130.25 
 697.09  3585  8897 11060.25 
 697.14  3590  8979 15478.5 
 697.19  3595  9061 19094.5 
 697.24  3600  9143 19952 
 697.29  3605  9225 15410.75 
 697.34  3610  9308 13919.5 
 697.39  3615  9390 15880.5 
 697.44  3620  9473 13041.5 
 697.49  3625  9556 18127.5 
 697.54  3630  9639 15380.75 
end
uaIntegration time is 0.2294 seconds per sampledt  3.4E-08 cy 1dh240619Arenosillo 37.1 6.73 3.68pr1000dark 10.85 
 720.02  2900  736 172 
 720.07  2905  803 173.75 
 720.12  2910  870 178.5 
 720.18  2915  937 190.25 
 720.22  2920  1004 193.25 
 720.27  2925  1071 199 
 720.32  2930  1138 230.75 
 720.38  2935  1206 276.75 
 720.42  2940  1273 322.75 
 720.47  2945  1341 404.5 
 720.52  2950  1408 520.5 
 720.57  2955  1476 776 
 720.62  2960  1544 1127.75 
 720.67  2965  1611 1194.5 
 720.73  2970  1679 1387 
 720.78  2975  1747 2610.75 
 720.83  2980  1815 3054.5 
 720.88  2985  1883 2881.25 
 720.93  2990  1952 5063 
 720.97  2995  2020 6220.5 
 721.02  3000  2088 5924.5 
 721.07  3005  2157 7444.75 
 721.12  3010  2225 10696.5 
 721.17  3015  2294 13465 
 721.23  3020  2362 11191 
 721.27  3025  2431 18899 
 721.32  3030  2500 27483.5 
 721.38  3035  2569 31498.75 
 721.43  3040  2638 29040.75 
 721.47  3045  2707 36403.5 
 721.52  3050  2776 45333.25 
 721.57  3055  2845 45324.75 
 721.62  3060  2915 42748.75 
 721.67  3065  2984 48936.75 
 721.72  3070  3054 61400.5 
 721.78  3075  3123 68588 
 721.83  3080  3193 70673.5 
 721.87  3085  3263 76570.75 
 721.92  3090  3333 65631 
 721.97  3095  3403 67957.5 
 722.03  3100  3473 65783.25 
 722.08  3105  3543 100218.3 
 722.12  3110  3613 115841 
 722.17  3115  3683 109490.8 
 722.22  3120  3754 99190.5 
 722.27  3125  3824 109817 
 722.32  3130  3895 111731 
 722.37  3135  3965 111219 
 722.43  3140  4036 122493 
 722.48  3145  4107 100004 
 722.53  3150  4178 122356.5 
 722.58  3155  4249 104213.5 
 722.63  3160  4320 84172.75 
 722.67  3165  4391 107648.5 
 722.72  3170  4462 125843.3 
 722.77  3175  4534 125509.3 
 722.82  3180  4605 91086.5 
 722.87  3185  4677 100617 
 722.93  3190  4748 105634.3 
 722.98  3195  4820 90287.75 
 723.02  3200  4892 102028.8 
 723.08  3205  4964 108467.8 
 723.13  3210  5036 84409.5 
 723.17  3215  5108 76659.25 
 723.22  3220  5180 81819.5 
 723.28  3225  5253 64933.5 
 723.32  3230  5325 57650.25 
 723.37  3235  5397 59737.5 
 723.42  3240  5470 62742.75 
 723.48  3245  5543 59724 
 723.53  3250  5616 50622.5 
 723.81  3255  3766 36162.5 
 723.84  3260  3840 41832.5 
 723.89  3265  3914 40439.5 
 723.94  3270  3988 40690.5 
 723.99  3275  4063 39508.75 
 724.04  3280  4137 37132.75 
 724.09  3285  4212 36374.75 
 724.14  3290  4287 42104 
 724.19  3295  4361 46536.5 
 724.24  3300  4436 47219.5 
 724.29  3305  4511 39025 
 724.34  3310  4586 40012.75 
 724.39  3315  4662 39499 
 724.44  3320  4737 40773 
 724.49  3325  4812 39963 
 724.54  3330  4888 39671.25 
 724.59  3335  4964 36716.75 
 724.64  3340  5039 37850.5 
 724.69  3345  5115 41716.5 
 724.74  3350  5191 38771 
 724.79  3355  5267 43528 
 724.84  3360  5344 29581.25 
 724.89  3365  5420 36522.5 
 724.94  3370  5496 29597 
 724.99  3375  5573 37463.75 
 725.04  3380  5650 34626.5 
 725.09  3385  5726 38898.5 
 725.14  3390  5803 37954 
 725.19  3395  5880 36877.5 
 725.24  3400  5957 43865.75 
 725.29  3405  6035 38566.75 
 725.34  3410  6112 37035 
 725.39  3415  6189 34070.5 
 725.44  3420  6267 40053.75 
 725.49  3425  6345 36981.25 
 725.54  3430  6422 40227 
 725.59  3435  6500 37546.75 
 725.64  3440  6578 27085.5 
 725.69  3445  6657 27977 
 725.74  3450  6735 36184.25 
 725.79  3455  6813 36451.75 
 725.84  3460  6892 30629 
 725.89  3465  6971 34387.5 
 725.94  3470  7049 36557.25 
 725.99  3475  7128 28859.5 
 726.04  3480  7207 33252 
 726.09  3485  7286 32684 
 726.14  3490  7366 29564 
 726.19  3495  7445 29280.5 
 726.24  3500  7525 35723 
 726.29  3505  7604 37206.5 
 726.34  3510  7684 33168.75 
 726.39  3515  7764 31374.75 
 726.44  3520  7844 33765.25 
 726.49  3525  7924 25571.25 
 726.54  3530  8005 32167.25 
 726.59  3535  8085 33944.5 
 726.64  3540  8166 34883.5 
 726.69  3545  8246 34919 
 726.74  3550  8327 34381.25 
 726.79  3555  8408 30453.75 
 726.84  3560  8489 31491.75 
 726.89  3565  8570 26700.5 
 726.94  3570  8652 21774.5 
 726.99  3575  8733 26474.25 
 727.04  3580  8815 20216.25 
 727.09  3585  8897 17134.5 
 727.14  3590  8979 23916.75 
 727.19  3595  9061 29705.25 
 727.24  3600  9143 30841.5 
 727.29  3605  9225 23923.75 
 727.34  3610  9308 21565 
 727.39  3615  9390 24635.75 
 727.44  3620  9473 20416.25 
 727.49  3625  9556 28006.75 
 727.54  3630  9639 23817.25 
end
uaIntegration time is 0.2294 seconds per sampledt  3.4E-08 cy 1dh240619Arenosillo 37.1 6.73 3.72pr1000dark 36.25 
 750.02  2900  736 177.75 
 750.07  2905  803 185.25 
 750.12  2910  870 190.5 
 750.17  2915  937 194.5 
 750.22  2920  1004 213.25 
 750.27  2925  1071 231.25 
 750.32  2930  1138 248 
 750.38  2935  1206 301.5 
 750.42  2940  1273 344.5 
 750.48  2945  1341 417.75 
 750.53  2950  1408 541.75 
 750.57  2955  1476 804.75 
 750.62  2960  1544 1166.25 
 750.67  2965  1611 1232.5 
 750.72  2970  1679 1438.75 
 750.78  2975  1747 2690.25 
 750.82  2980  1815 3188 
 750.87  2985  1883 2938.25 
 750.92  2990  1952 5132.75 
 750.97  2995  2020 6349 
 751.02  3000  2088 6085.75 
 751.08  3005  2157 7590.75 
 751.13  3010  2225 10849.5 
 751.18  3015  2294 13700.25 
 751.22  3020  2362 11416.25 
 751.27  3025  2431 19222 
 751.33  3030  2500 27752.75 
 751.37  3035  2569 31903.75 
 751.43  3040  2638 29364 
 751.48  3045  2707 36729 
 751.53  3050  2776 45763.75 
 751.58  3055  2845 45979.5 
 751.63  3060  2915 43283.5 
 751.68  3065  2984 49513 
 751.73  3070  3054 62305 
 751.77  3075  3123 69232.5 
 751.82  3080  3193 71565.75 
 751.87  3085  3263 77629.25 
 751.92  3090  3333 66484.25 
 751.97  3095  3403 68671.75 
 752.02  3100  3473 66654.25 
 752.07  3105  3543 101195.5 
 752.13  3110  3613 110290 
 752.18  3115  3683 107904 
 752.23  3120  3754 99627.5 
 752.27  3125  3824 109911 
 752.33  3130  3895 113017.5 
 752.38  3135  3965 112184.8 
 752.42  3140  4036 123746.3 
 752.48  3145  4107 100778.8 
 752.53  3150  4178 123352.8 
 752.58  3155  4249 105238.8 
 752.63  3160  4320 84733.5 
 752.68  3165  4391 108523 
 752.73  3170  4462 126830.5 
 752.78  3175  4534 126662.8 
 752.82  3180  4605 92027.5 
 752.87  3185  4677 101423.5 
 752.92  3190  4748 106613.3 
 752.98  3195  4820 91182 
 753.03  3200  4892 103210 
 753.07  3205  4964 110017 
 753.12  3210  5036 85799.5 
 753.18  3215  5108 77706 
 753.23  3220  5180 82499.75 
 753.28  3225  5253 65538.75 
 753.33  3230  5325 55515 
 753.38  3235  5397 59563.5 
 753.43  3240  5470 62007.25 
 753.47  3245  5543 59290.75 
 753.52  3250  5616 51716 
 753.81  3255  3766 37027.75 
 753.84  3260  3840 42550 
 753.89  3265  3914 41157.5 
 753.94  3270  3988 41234.75 
 753.99  3275  4063 40067 
 754.04  3280  4137 37794.5 
 754.09  3285  4212 35473.5 
 754.14  3290  4287 42086.75 
 754.19  3295  4361 46486.75 
 754.24  3300  4436 48130.25 
 754.29  3305  4511 39759.75 
 754.34  3310  4586 38474.25 
 754.39  3315  4662 40541.25 
 754.44  3320  4737 41933 
 754.49  3325  4812 41409.5 
 754.54  3330  4888 41213.25 
 754.59  3335  4964 25944.25 
 754.64  3340  5039 27027.25 
 754.69  3345  5115 33847.5 
 754.74  3350  5191 32033.5 
 754.79  3355  5267 38947 
 754.84  3360  5344 30876.5 
 754.89  3365  5420 37876.75 
 754.94  3370  5496 30737.5 
 754.99  3375  5573 38540.75 
 755.04  3380  5650 32187 
 755.09  3385  5726 37472.25 
 755.14  3390  5803 38351.25 
 755.19  3395  5880 38448 
 755.24  3400  5957 45808 
 755.29  3405  6035 40440.25 
 755.34  3410  6112 38506.25 
 755.39  3415  6189 35323.25 
 755.44  3420  6267 34144 
 755.49  3425  6345 24884.75 
 755.54  3430  6422 25847.25 
 755.59  3435  6500 27432.25 
 755.64  3440  6578 23397.5 
 755.69  3445  6657 25733.25 
 755.74  3450  6735 31999.25 
 755.79  3455  6813 29457.5 
 755.84  3460  6892 28644.5 
 755.89  3465  6971 33604.75 
 755.94  3470  7049 36104 
 755.99  3475  7128 30364.5 
 756.04  3480  7207 34685.75 
 756.09  3485  7286 34115 
 756.14  3490  7366 30813.75 
 756.19  3495  7445 30538.25 
 756.24  3500  7525 36972.5 
 756.29  3505  7604 38569.75 
 756.34  3510  7684 33931.5 
 756.39  3515  7764 31281.5 
 756.44  3520  7844 34315.75 
 756.49  3525  7924 26240.5 
 756.54  3530  8005 33094 
 756.59  3535  8085 34388 
 756.64  3540  8166 35534.75 
 756.69  3545  8246 35642.5 
 756.74  3550  8327 35177.5 
 756.79  3555  8408 30921 
 756.84  3560  8489 32097 
 756.89  3565  8570 27145.5 
 756.94  3570  8652 22151.25 
 756.99  3575  8733 26807 
 757.04  3580  8815 20531.75 
 757.09  3585  8897 17344.5 
 757.14  3590  8979 24221.25 
 757.19  3595  9061 29888.25 
 757.24  3600  9143 31238 
 757.29  3605  9225 24063.75 
 757.34  3610  9308 21651.25 
 757.39  3615  9390 24843.25 
 757.44  3620  9473 20547 
 757.49  3625  9556 28390 
 757.54  3630  9639 24019.75 
end
uaIntegration time is 0.2294 seconds per sampledt  3.4E-08 cy 1dh240619Arenosillo 37.1 6.73 3.74pr1000dark 22.3 
 780.02  2900  736 172 
 780.08  2905  803 176.75 
 780.13  2910  870 178 
 780.18  2915  937 179.5 
 780.23  2920  1004 191.25 
 780.28  2925  1071 197.75 
 780.32  2930  1138 227 
 780.37  2935  1206 270.5 
 780.42  2940  1273 320.75 
 780.48  2945  1341 399.5 
 780.53  2950  1408 508.75 
 780.58  2955  1476 755.25 
 780.63  2960  1544 1078.25 
 780.68  2965  1611 1154.75 
 780.72  2970  1679 1351 
 780.78  2975  1747 2275.25 
 780.83  2980  1815 2688.25 
 780.88  2985  1883 2555 
 780.93  2990  1952 4875.75 
 780.97  2995  2020 5784.25 
 781.02  3000  2088 5527 
 781.07  3005  2157 7440.25 
 781.13  3010  2225 10549.5 
 781.18  3015  2294 13385.25 
 781.23  3020  2362 11176 
 781.28  3025  2431 18826.25 
 781.33  3030  2500 27453.75 
 781.37  3035  2569 31488.25 
 781.43  3040  2638 28900 
 781.47  3045  2707 36471.75 
 781.53  3050  2776 45781.5 
 781.58  3055  2845 45263 
 781.63  3060  2915 41800.5 
 781.68  3065  2984 47496.5 
 781.73  3070  3054 59152.75 
 781.78  3075  3123 66781.25 
 781.83  3080  3193 69833.25 
 781.87  3085  3263 76827.75 
 781.93  3090  3333 65646.25 
 781.98  3095  3403 68102.75 
 782.03  3100  3473 65865 
 782.08  3105  3543 100151.3 
 782.12  3110  3613 115422 
 782.18  3115  3683 109239.5 
 782.23  3120  3754 98864.5 
 782.27  3125  3824 109717.8 
 782.33  3130  3895 111228.8 
 782.38  3135  3965 110748.8 
 782.43  3140  4036 122010.8 
 782.48  3145  4107 99635.5 
 782.52  3150  4178 121974.3 
 782.57  3155  4249 104326 
 782.62  3160  4320 84141 
 782.67  3165  4391 107862.5 
 782.73  3170  4462 126533.3 
 782.78  3175  4534 126264.3 
 782.83  3180  4605 91465.75 
 782.88  3185  4677 101296.5 
 782.93  3190  4748 106189.5 
 782.98  3195  4820 90701.5 
 783.03  3200  4892 102748 
 783.08  3205  4964 109349.3 
 783.13  3210  5036 85397.75 
 783.18  3215  5108 77223.75 
 783.23  3220  5180 82685.75 
 783.28  3225  5253 65705.25 
 783.33  3230  5325 58512.25 
 783.38  3235  5397 60615.75 
 783.43  3240  5470 63614 
 783.48  3245  5543 60153.5 
 783.53  3250  5616 50772.75 
 783.81  3255  3766 37452 
 783.85  3260  3840 43221 
 783.89  3265  3914 41809.75 
 783.93  3270  3988 89274.75 
 783.99  3275  4063 40658.75 
 784.04  3280  4137 36021.5 
 784.09  3285  4212 35294.75 
 784.14  3290  4287 42916.25 
 784.19  3295  4361 48714.25 
 784.24  3300  4436 49615.75 
 784.29  3305  4511 39946.5 
 784.34  3310  4586 41805.25 
 784.39  3315  4662 40307 
 784.44  3320  4737 41174.75 
 784.49  3325  4812 39035.75 
 784.54  3330  4888 40908.75 
 784.59  3335  4964 37680.75 
 784.64  3340  5039 40907.25 
 784.69  3345  5115 45299.75 
 784.74  3350  5191 42137.25 
 784.79  3355  5267 45506 
 784.84  3360  5344 29022 
 784.89  3365  5420 40078.25 
 784.94  3370  5496 32325.5 
 784.99  3375  5573 39291.5 
 785.04  3380  5650 31183 
 785.09  3385  5726 30329.75 
 785.14  3390  5803 26397.75 
 785.19  3395  5880 25641 
 785.24  3400  5957 31109.25 
 785.29  3405  6035 28470.5 
 785.34  3410  6112 26975.25 
 785.39  3415  6189 23715.25 
 785.44  3420  6267 27383 
 785.49  3425  6345 27092 
 785.54  3430  6422 40172.5 
 785.59  3435  6500 34205 
 785.64  3440  6578 26477.25 
 785.69  3445  6657 26889.75 
 785.74  3450  6735 38743.25 
 785.79  3455  6813 38684.25 
 785.84  3460  6892 32036.75 
 785.89  3465  6971 33607.75 
 785.94  3470  7049 30985 
 785.99  3475  7128 27989 
 786.04  3480  7207 33059.25 
 786.09  3485  7286 33722.25 
 786.14  3490  7366 32689 
 786.19  3495  7445 32677 
 786.24  3500  7525 39029 
 786.29  3505  7604 40098 
 786.34  3510  7684 35889.5 
 786.39  3515  7764 33353 
 786.44  3520  7844 36846.5 
 786.49  3525  7924 26849 
 786.54  3530  8005 37140.75 
 786.59  3535  8085 36572 
 786.64  3540  8166 37611.75 
 786.69  3545  8246 38827.75 
 786.74  3550  8327 36385.25 
 786.79  3555  8408 31804 
 786.84  3560  8489 32012.75 
 786.89  3565  8570 20438.5 
 786.94  3570  8652 20876 
 786.99  3575  8733 25164.75 
 787.04  3580  8815 20998.5 
 787.09  3585  8897 15339.5 
 787.14  3590  8979 20183 
 787.19  3595  9061 23571 
 787.24  3600  9143 28782.75 
 787.29  3605  9225 21039.75 
 787.34  3610  9308 15957.75 
 787.39  3615  9390 17760 
 787.44  3620  9473 16054.75 
 787.49  3625  9556 25783.75 
 787.54  3630  9639 23103.5 
end
uaIntegration time is 0.2294 seconds per sampledt  3.4E-08 cy 1dh240619Arenosillo 37.1 6.73 3.74pr1000dark 14.6 
 810.02  2900  736 109.75 
 810.07  2905  803 107 
 810.12  2910  870 110.25 
 810.18  2915  937 116.5 
 810.23  2920  1004 122.5 
 810.27  2925  1071 122.75 
 810.32  2930  1138 137.5 
 810.37  2935  1206 159 
 810.42  2940  1273 183.25 
 810.47  2945  1341 227.5 
 810.52  2950  1408 292.25 
 810.57  2955  1476 436 
 810.62  2960  1544 640.5 
 810.67  2965  1611 734.25 
 810.73  2970  1679 858.5 
 810.78  2975  1747 1511.75 
 810.82  2980  1815 1782 
 810.87  2985  1883 1716 
 810.92  2990  1952 3002.75 
 810.98  2995  2020 3829.5 
 811.03  3000  2088 3682 
 811.07  3005  2157 5051.25 
 811.12  3010  2225 9069.5 
 811.17  3015  2294 11127.25 
 811.22  3020  2362 9849.25 
 811.27  3025  2431 16550.25 
 811.32  3030  2500 23326.75 
 811.38  3035  2569 25677 
 811.43  3040  2638 28715.25 
 811.47  3045  2707 36709.75 
 811.52  3050  2776 46649.5 
 811.57  3055  2845 46418.75 
 811.62  3060  2915 43529.25 
 811.67  3065  2984 50001.25 
 811.72  3070  3054 63420.25 
 811.78  3075  3123 70704.5 
 811.82  3080  3193 67152.75 
 811.88  3085  3263 66987 
 811.93  3090  3333 52470.25 
 811.97  3095  3403 57508.25 
 812.03  3100  3473 48524.25 
 812.08  3105  3543 71535.5 
 812.12  3110  3613 85233.25 
 812.17  3115  3683 80295 
 812.22  3120  3754 78787 
 812.27  3125  3824 79324 
 812.32  3130  3895 79367.5 
 812.37  3135  3965 74656.5 
 812.43  3140  4036 81564 
 812.48  3145  4107 65770.75 
 812.52  3150  4178 79448.75 
 812.57  3155  4249 67006.5 
 812.62  3160  4320 54921 
 812.67  3165  4391 73711.25 
 812.72  3170  4462 96368 
 812.77  3175  4534 114342.8 
 812.83  3180  4605 86259.25 
 812.88  3185  4677 105981.8 
 812.93  3190  4748 101541 
 812.98  3195  4820 93387 
 813.03  3200  4892 111598.3 
 813.08  3205  4964 118475.8 
 813.13  3210  5036 91897.25 
 813.17  3215  5108 84603 
 813.22  3220  5180 89876.75 
 813.28  3225  5253 71018 
 813.32  3230  5325 62763.5 
 813.37  3235  5397 65477.25 
 813.42  3240  5470 68897.5 
 813.48  3245  5543 65370 
 813.53  3250  5616 53912.25 
 813.81  3255  3766 40894.25 
 813.85  3260  3840 43986.25 
 813.89  3265  3914 34862 
 813.94  3270  3988 36337.25 
 813.99  3275  4063 34593.75 
 814.04  3280  4137 33542 
 814.09  3285  4212 31441 
 814.14  3290  4287 29451.25 
 814.19  3295  4361 28914.75 
 814.24  3300  4436 27821.75 
 814.29  3305  4511 22541.25 
 814.34  3310  4586 22814 
 814.39  3315  4662 22354.5 
 814.44  3320  4737 22953.75 
 814.49  3325  4812 22562 
 814.54  3330  4888 22375 
 814.59  3335  4964 20604.75 
 814.64  3340  5039 21610.5 
 814.69  3345  5115 24256.75 
 814.74  3350  5191 22898.25 
 814.79  3355  5267 25831 
 814.84  3360  5344 17917.75 
 814.89  3365  5420 23296.5 
 814.94  3370  5496 21876.25 
 814.99  3375  5573 32233.25 
 815.04  3380  5650 31467.75 
 815.09  3385  5726 38785.25 
 815.14  3390  5803 39520.5 
 815.19  3395  5880 41679.75 
 815.24  3400  5957 48739 
 815.29  3405  6035 42252.5 
 815.34  3410  6112 40276.75 
 815.39  3415  6189 36898.5 
 815.44  3420  6267 43653 
 815.49  3425  6345 40328.75 
 815.54  3430  6422 43904.75 
 815.59  3435  6500 41186.25 
 815.64  3440  6578 29373.5 
 815.69  3445  6657 30944.25 
 815.74  3450  6735 40543.5 
 815.79  3455  6813 39116.75 
 815.84  3460  6892 28311.25 
 815.89  3465  6971 29893.5 
 815.94  3470  7049 26816.25 
 815.99  3475  7128 19450 
 816.04  3480  7207 21948.25 
 816.09  3485  7286 19417.5 
 816.14  3490  7366 17370 
 816.19  3495  7445 17549 
 816.24  3500  7525 20852.25 
 816.29  3505  7604 21249 
 816.34  3510  7684 18717 
 816.39  3515  7764 17635.75 
 816.44  3520  7844 18598.25 
 816.49  3525  7924 14163.75 
 816.54  3530  8005 17981.5 
 816.59  3535  8085 19189.5 
 816.64  3540  8166 20696.25 
 816.69  3545  8246 23567.75 
 816.74  3550  8327 25570.75 
 816.79  3555  8408 27301.5 
 816.84  3560  8489 32245.75 
 816.89  3565  8570 22504.25 
 816.94  3570  8652 20427.25 
 816.99  3575  8733 19624.5 
 817.04  3580  8815 14141.5 
 817.09  3585  8897 10735.75 
 817.14  3590  8979 14821.75 
 817.19  3595  9061 17319.25 
 817.24  3600  9143 17986.75 
 817.29  3605  9225 14185.75 
 817.34  3610  9308 13594.25 
 817.39  3615  9390 16162.75 
 817.44  3620  9473 13349 
 817.49  3625  9556 19288.75 
 817.54  3630  9639 17241.5 
end
uaIntegration time is 0.2294 seconds per sampledt  3.4E-08 cy 1dh240619Arenosillo 37.1 6.73 3.76pr1000dark 14.25 
 840.02  2900  736 106 
 840.07  2905  803 110.25 
 840.13  2910  870 119.25 
 840.17  2915  937 117.75 
 840.22  2920  1004 127.75 
 840.27  2925  1071 126.75 
 840.32  2930  1138 145.5 
 840.38  2935  1206 157.25 
 840.43  2940  1273 170.25 
 840.48  2945  1341 190.75 
 840.53  2950  1408 237.75 
 840.57  2955  1476 335.5 
 840.62  2960  1544 478.5 
 840.67  2965  1611 516.75 
 840.72  2970  1679 613.25 
 840.78  2975  1747 1098.25 
 840.83  2980  1815 1264.25 
 840.87  2985  1883 1221.25 
 840.92  2990  1952 2113.5 
 840.97  2995  2020 2651.25 
 841.02  3000  2088 2544.25 
 841.08  3005  2157 3248 
 841.13  3010  2225 4769.5 
 841.18  3015  2294 6053.25 
 841.22  3020  2362 5184.25 
 841.27  3025  2431 8881.75 
 841.33  3030  2500 13191.5 
 841.37  3035  2569 15135.75 
 841.43  3040  2638 14274.75 
 841.48  3045  2707 18019.75 
 841.52  3050  2776 22771 
 841.58  3055  2845 22997.5 
 841.63  3060  2915 21901.75 
 841.68  3065  2984 25217.75 
 841.73  3070  3054 32214.75 
 841.77  3075  3123 36411.25 
 841.82  3080  3193 38080.75 
 841.87  3085  3263 41153 
 841.92  3090  3333 34758.25 
 841.97  3095  3403 36121.75 
 842.02  3100  3473 34804.5 
 842.07  3105  3543 53134.5 
 842.13  3110  3613 61163.5 
 842.18  3115  3683 57422.75 
 842.23  3120  3754 51766.5 
 842.27  3125  3824 57519.5 
 842.33  3130  3895 58472 
 842.38  3135  3965 58232.25 
 842.42  3140  4036 64592.75 
 842.48  3145  4107 52904.5 
 842.53  3150  4178 65205.75 
 842.57  3155  4249 55227 
 842.63  3160  4320 44912.5 
 842.68  3165  4391 58416.5 
 842.73  3170  4462 68261.75 
 842.78  3175  4534 67503.25 
 842.82  3180  4605 48287.75 
 842.87  3185  4677 54021.25 
 842.92  3190  4748 56167.25 
 842.97  3195  4820 47518.5 
 843.03  3200  4892 53655.25 
 843.07  3205  4964 57138.25 
 843.12  3210  5036 44056.75 
 843.18  3215  5108 39949 
 843.22  3220  5180 42614.25 
 843.28  3225  5253 33661.5 
 843.33  3230  5325 30376.25 
 843.38  3235  5397 31696.25 
 843.43  3240  5470 33828 
 843.47  3245  5543 32354.25 
 843.52  3250  5616 27760.25 
 843.81  3255  3766 20617 
 843.84  3260  3840 23633.75 
 843.89  3265  3914 22896.75 
 843.94  3270  3988 22760.5 
 843.99  3275  4063 21978.75 
 844.04  3280  4137 20459 
 844.09  3285  4212 20090.75 
 844.14  3290  4287 23131.75 
 844.19  3295  4361 25599.75 
 844.24  3300  4436 25825 
 844.29  3305  4511 21160.25 
 844.34  3310  4586 21551.75 
 844.39  3315  4662 21287.75 
 844.44  3320  4737 21847 
 844.49  3325  4812 21406.25 
 844.54  3330  4888 21154.5 
 844.59  3335  4964 19304.5 
 844.64  3340  5039 19877 
 844.69  3345  5115 21617.75 
 844.74  3350  5191 20025.5 
 844.79  3355  5267 22110.25 
 844.84  3360  5344 14886 
 844.89  3365  5420 18323 
 844.94  3370  5496 14690.75 
 844.99  3375  5573 18574 
 845.04  3380  5650 17084 
 845.09  3385  5726 19312.5 
 845.14  3390  5803 18776.5 
 845.19  3395  5880 18266 
 845.24  3400  5957 21790.75 
 845.29  3405  6035 19157.25 
 845.34  3410  6112 18418.75 
 845.39  3415  6189 16946.25 
 845.44  3420  6267 20017.25 
 845.49  3425  6345 18534 
 845.54  3430  6422 20108.25 
 845.59  3435  6500 18762.25 
 845.64  3440  6578 13693.25 
 845.69  3445  6657 14128.5 
 845.74  3450  6735 18363.25 
 845.79  3455  6813 18580.75 
 845.84  3460  6892 15664.25 
 845.89  3465  6971 17694.75 
 845.94  3470  7049 18835 
 845.99  3475  7128 14833.75 
 846.04  3480  7207 17115.75 
 846.09  3485  7286 16711.5 
 846.14  3490  7366 15066.5 
 846.19  3495  7445 14908 
 846.24  3500  7525 18106 
 846.29  3505  7604 18752 
 846.34  3510  7684 16625.75 
 846.39  3515  7764 15751.75 
 846.44  3520  7844 16723.75 
 846.49  3525  7924 12755.75 
 846.54  3530  8005 15994.75 
 846.59  3535  8085 16848.25 
 846.64  3540  8166 17194.5 
 846.69  3545  8246 17194 
 846.74  3550  8327 16913 
 846.79  3555  8408 14934.25 
 846.84  3560  8489 15349.5 
 846.89  3565  8570 12937.75 
 846.94  3570  8652 10556 
 846.99  3575  8733 12803.5 
 847.04  3580  8815 9810 
 847.09  3585  8897 8349.25 
 847.14  3590  8979 11766.75 
 847.19  3595  9061 14413.5 
 847.24  3600  9143 14746.5 
 847.29  3605  9225 11292.5 
 847.34  3610  9308 10017.25 
 847.39  3615  9390 11160 
 847.44  3620  9473 9152.5 
 847.49  3625  9556 12417.5 
 847.54  3630  9639 10351.25 
end
uaIntegration time is 0.2294 seconds per sampledt  3.4E-08 cy 1dh240619Arenosillo 37.1 6.73 3.74pr1000dark 14.3 
 870.02  2900  736 119.75 
 870.07  2905  803 143.75 
 870.12  2910  870 146.75 
 870.17  2915  937 165.75 
 870.23  2920  1004 164 
 870.28  2925  1071 154 
 870.33  2930  1138 180.75 
 870.38  2935  1206 197.75 
 870.42  2940  1273 215.25 
 870.47  2945  1341 228.75 
 870.52  2950  1408 275.75 
 870.57  2955  1476 362.5 
 870.63  2960  1544 480.5 
 870.67  2965  1611 508.75 
 870.73  2970  1679 614.5 
 870.78  2975  1747 1128.5 
 870.83  2980  1815 1459.25 
 870.88  2985  1883 1349 
 870.93  2990  1952 2233.25 
 870.98  2995  2020 2780 
 871.03  3000  2088 2849.75 
 871.07  3005  2157 3526 
 871.12  3010  2225 5121 
 871.17  3015  2294 6320.5 
 871.22  3020  2362 5094.75 
 871.28  3025  2431 8721.5 
 871.33  3030  2500 12847.75 
 871.38  3035  2569 14286.25 
 871.43  3040  2638 13302.5 
 871.48  3045  2707 16735 
 871.53  3050  2776 21391.75 
 871.58  3055  2845 21859 
 871.62  3060  2915 20559.75 
 871.68  3065  2984 23756.25 
 871.72  3070  3054 30894 
 871.78  3075  3123 35925.75 
 871.83  3080  3193 39493 
 871.88  3085  3263 45200.25 
 871.93  3090  3333 38955.5 
 871.98  3095  3403 41401.5 
 872.03  3100  3473 41337.25 
 872.08  3105  3543 64322.25 
 872.12  3110  3613 76814 
 872.18  3115  3683 67293.75 
 872.23  3120  3754 60072.75 
 872.27  3125  3824 65341.25 
 872.33  3130  3895 66543.75 
 872.38  3135  3965 66091 
 872.42  3140  4036 77655.5 
 872.48  3145  4107 64796.75 
 872.53  3150  4178 78782.5 
 872.58  3155  4249 66682.25 
 872.63  3160  4320 57105.25 
 872.67  3165  4391 73455 
 872.72  3170  4462 92097.5 
 872.77  3175  4534 100147.5 
 872.83  3180  4605 71813.75 
 872.88  3185  4677 77030.25 
 872.93  3190  4748 84839 
 872.98  3195  4820 64856 
 873.03  3200  4892 69802.5 
 873.08  3205  4964 77729 
 873.13  3210  5036 68956.75 
 873.18  3215  5108 70096 
 873.23  3220  5180 76864.75 
 873.28  3225  5253 60509.75 
 873.32  3230  5325 53418.5 
 873.38  3235  5397 55015.25 
 873.42  3240  5470 56981.5 
 873.47  3245  5543 53474.5 
 873.53  3250  5616 44857.5 
 873.81  3255  3766 27657 
 873.84  3260  3840 29002.25 
 873.89  3265  3914 24688 
 873.94  3270  3988 23638.25 
 873.99  3275  4063 22224 
 874.04  3280  4137 20818.75 
 874.09  3285  4212 20954.5 
 874.14  3290  4287 24509 
 874.19  3295  4361 28359.5 
 874.24  3300  4436 27737.5 
 874.29  3305  4511 22668.75 
 874.34  3310  4586 24114.25 
 874.39  3315  4662 23903 
 874.44  3320  4737 24318.75 
 874.49  3325  4812 24795.5 
 874.54  3330  4888 25111.75 
 874.59  3335  4964 24357.25 
 874.64  3340  5039 29362.5 
 874.69  3345  5115 35015.25 
 874.74  3350  5191 32608 
 874.79  3355  5267 37155.5 
 874.84  3360  5344 27883.25 
 874.89  3365  5420 35427.5 
 874.94  3370  5496 28300.75 
 874.99  3375  5573 35506.25 
 875.04  3380  5650 31678 
 875.09  3385  5726 36066.25 
 875.14  3390  5803 33783 
 875.19  3395  5880 33298 
 875.24  3400  5957 40151.75 
 875.29  3405  6035 35615.25 
 875.34  3410  6112 33750 
 875.39  3415  6189 32073.5 
 875.44  3420  6267 37695 
 875.49  3425  6345 34680.25 
 875.54  3430  6422 37381 
 875.59  3435  6500 34861.75 
 875.64  3440  6578 25219.5 
 875.69  3445  6657 25368.5 
 875.74  3450  6735 33227.5 
 875.79  3455  6813 32423.75 
 875.84  3460  6892 26615.25 
 875.89  3465  6971 28633 
 875.94  3470  7049 25559.25 
 875.99  3475  7128 20945 
 876.04  3480  7207 27296.5 
 876.09  3485  7286 26313.5 
 876.14  3490  7366 22440.75 
 876.19  3495  7445 22580.5 
 876.24  3500  7525 29510.25 
 876.29  3505  7604 29381 
 876.34  3510  7684 22809.75 
 876.39  3515  7764 20189.75 
 876.44  3520  7844 19470.25 
 876.49  3525  7924 13899.75 
 876.54  3530  8005 20086 
 876.59  3535  8085 21486.5 
 876.64  3540  8166 19648.75 
 876.69  3545  8246 21946.25 
 876.74  3550  8327 22612.75 
 876.79  3555  8408 18371.5 
 876.84  3560  8489 18955.5 
 876.89  3565  8570 16265 
 876.94  3570  8652 13078.75 
 876.99  3575  8733 14754.75 
 877.04  3580  8815 11343 
 877.09  3585  8897 9944 
 877.14  3590  8979 14221.5 
 877.19  3595  9061 17894 
 877.24  3600  9143 19391.5 
 877.29  3605  9225 16428.75 
 877.34  3610  9308 14385.75 
 877.39  3615  9390 15803.25 
 877.44  3620  9473 12107.25 
 877.49  3625  9556 17671.5 
 877.54  3630  9639 18885.75 
end
uaIntegration time is 0.2294 seconds per sampledt  3.4E-08 cy 1dh240619Arenosillo 37.1 6.73 3.72pr1000dark 13.1 
 900.02  2900  736 128.25 
 900.07  2905  803 133.75 
 900.12  2910  870 130.5 
 900.18  2915  937 143.75 
 900.23  2920  1004 132.5 
 900.28  2925  1071 143.5 
 900.32  2930  1138 146.5 
 900.37  2935  1206 151 
 900.42  2940  1273 168.75 
 900.47  2945  1341 190.25 
 900.52  2950  1408 230.75 
 900.58  2955  1476 327.25 
 900.63  2960  1544 447.5 
 900.67  2965  1611 488.5 
 900.72  2970  1679 570.5 
 900.78  2975  1747 1040 
 900.82  2980  1815 1269 
 900.88  2985  1883 1241 
 900.93  2990  1952 2206.75 
 900.97  2995  2020 2817.25 
 901.02  3000  2088 2785 
 901.07  3005  2157 3634 
 901.12  3010  2225 5343.25 
 901.17  3015  2294 6974.25 
 901.23  3020  2362 5959.5 
 901.28  3025  2431 10286.5 
 901.33  3030  2500 15350.25 
 901.38  3035  2569 17974.75 
 901.43  3040  2638 16780.75 
 901.47  3045  2707 21559.75 
 901.52  3050  2776 27698.75 
 901.57  3055  2845 28311.5 
 901.63  3060  2915 26978.25 
 901.67  3065  2984 31137.25 
 901.72  3070  3054 40376.5 
 901.78  3075  3123 46173.5 
 901.83  3080  3193 48049 
 901.87  3085  3263 48555 
 901.92  3090  3333 42953 
 901.98  3095  3403 43953.25 
 902.02  3100  3473 34890 
 902.07  3105  3543 53329 
 902.12  3110  3613 72620 
 902.17  3115  3683 70257.75 
 902.22  3120  3754 71192 
 902.28  3125  3824 81919.5 
 902.33  3130  3895 86222.5 
 902.37  3135  3965 77745 
 902.43  3140  4036 83196 
 902.48  3145  4107 70277.25 
 902.52  3150  4178 78779 
 902.57  3155  4249 72042.5 
 902.62  3160  4320 61877.25 
 902.67  3165  4391 80263.5 
 902.72  3170  4462 100079 
 902.77  3175  4534 97706.25 
 902.83  3180  4605 72733.5 
 902.88  3185  4677 81099.75 
 902.92  3190  4748 85569.25 
 902.97  3195  4820 71375.75 
 903.02  3200  4892 79267 
 903.08  3205  4964 86884.75 
 903.13  3210  5036 68900.25 
 903.17  3215  5108 62470.5 
 903.22  3220  5180 66750.5 
 903.27  3225  5253 52260.5 
 903.33  3230  5325 46191 
 903.38  3235  5397 49432.25 
 903.42  3240  5470 52915.75 
 903.48  3245  5543 48442.25 
 903.53  3250  5616 37740.5 
 903.81  3255  3766 20118.5 
 903.85  3260  3840 23228.25 
 903.89  3265  3914 23524.25 
 903.94  3270  3988 26902.25 
 903.99  3275  4063 29118 
 904.04  3280  4137 27794.5 
 904.09  3285  4212 31071.75 
 904.14  3290  4287 36398.5 
 904.19  3295  4361 38544.25 
 904.24  3300  4436 39627 
 904.29  3305  4511 33098.25 
 904.34  3310  4586 33777 
 904.39  3315  4662 30999 
 904.44  3320  4737 28146 
 904.49  3325  4812 30385.75 
 904.54  3330  4888 29867.75 
 904.59  3335  4964 28332.75 
 904.64  3340  5039 31657.5 
 904.69  3345  5115 33546.75 
 904.74  3350  5191 28493.75 
 904.79  3355  5267 30382.75 
 904.84  3360  5344 20796 
 904.89  3365  5420 28176.5 
 904.94  3370  5496 22714 
 904.99  3375  5573 26625.25 
 905.04  3380  5650 25102.25 
 905.09  3385  5726 28849.25 
 905.14  3390  5803 28304.5 
 905.19  3395  5880 28594.25 
 905.24  3400  5957 34920.75 
 905.29  3405  6035 30644 
 905.34  3410  6112 28844.5 
 905.39  3415  6189 27447.75 
 905.44  3420  6267 28965.25 
 905.49  3425  6345 25293.75 
 905.54  3430  6422 26320 
 905.59  3435  6500 26138 
 905.64  3440  6578 18823.75 
 905.69  3445  6657 20167.5 
 905.74  3450  6735 27831.5 
 905.79  3455  6813 24718 
 905.84  3460  6892 20526 
 905.89  3465  6971 24759.75 
 905.94  3470  7049 26295.75 
 905.99  3475  7128 22549.25 
 906.04  3480  7207 24087 
 906.09  3485  7286 22484.25 
 906.14  3490  7366 21201.25 
 906.19  3495  7445 23155 
 906.24  3500  7525 28487 
 906.29  3505  7604 28565 
 906.34  3510  7684 26707.75 
 906.39  3515  7764 24765.75 
 906.44  3520  7844 27444 
 906.49  3525  7924 19139 
 906.54  3530  8005 25022.75 
 906.59  3535  8085 28652.25 
 906.64  3540  8166 28874.25 
 906.69  3545  8246 28240.5 
 906.74  3550  8327 27511.5 
 906.79  3555  8408 22646 
 906.84  3560  8489 25111 
 906.89  3565  8570 20260 
 906.94  3570  8652 17041.5 
 906.99  3575  8733 21289.25 
 907.04  3580  8815 16479.5 
 907.09  3585  8897 13950.5 
 907.14  3590  8979 19462.5 
 907.19  3595  9061 24024.75 
 907.24  3600  9143 24820.5 
 907.29  3605  9225 19246.25 
 907.34  3610  9308 17344 
 907.39  3615  9390 19693 
 907.44  3620  9473 16325.75 
 907.49  3625  9556 22298 
 907.54  3630  9639 19046.5 
end
uaIntegration time is 0.2294 seconds per sampledt  3.4E-08 cy 1dh240619Arenosillo 37.1 6.73 3.74pr1000dark 14.05 
 930.02  2900  736 107 
 930.07  2905  803 116.25 
 930.12  2910  870 108.5 
 930.17  2915  937 103 
 930.22  2920  1004 113 
 930.27  2925  1071 115.75 
 930.32  2930  1138 114 
 930.38  2935  1206 120.25 
 930.42  2940  1273 132.25 
 930.48  2945  1341 137.5 
 930.53  2950  1408 159 
 930.57  2955  1476 208.75 
 930.62  2960  1544 277.75 
 930.67  2965  1611 293.5 
 930.72  2970  1679 358 
 930.78  2975  1747 616.75 
 930.83  2980  1815 787.25 
 930.87  2985  1883 767 
 930.93  2990  1952 1335.25 
 930.97  2995  2020 1786 
 931.02  3000  2088 1796.25 
 931.08  3005  2157 2339.5 
 931.13  3010  2225 3526 
 931.18  3015  2294 4654.75 
 931.22  3020  2362 4004.5 
 931.27  3025  2431 7062.75 
 931.32  3030  2500 10740.5 
 931.37  3035  2569 12694 
 931.43  3040  2638 12041.5 
 931.48  3045  2707 15555.75 
 931.53  3050  2776 20287.75 
 931.58  3055  2845 20883.5 
 931.62  3060  2915 20109.25 
 931.67  3065  2984 23440.75 
 931.73  3070  3054 30598 
 931.77  3075  3123 35311 
 931.83  3080  3193 36678.5 
 931.88  3085  3263 40499 
 931.93  3090  3333 35064.25 
 931.97  3095  3403 37586.25 
 932.02  3100  3473 36992.5 
 932.07  3105  3543 57302.25 
 932.13  3110  3613 66894.5 
 932.18  3115  3683 63295.25 
 932.23  3120  3754 59135.5 
 932.27  3125  3824 66780.5 
 932.32  3130  3895 68071.5 
 932.37  3135  3965 67784.25 
 932.42  3140  4036 75905 
 932.48  3145  4107 62897.25 
 932.53  3150  4178 77647.5 
 932.58  3155  4249 65437.75 
 932.63  3160  4320 53458 
 932.68  3165  4391 69703 
 932.73  3170  4462 81936.5 
 932.78  3175  4534 81463.5 
 932.82  3180  4605 59198.5 
 932.88  3185  4677 66474.75 
 932.93  3190  4748 70215.75 
 932.97  3195  4820 59156 
 933.03  3200  4892 66839 
 933.07  3205  4964 72139.5 
 933.12  3210  5036 56727.5 
 933.18  3215  5108 51343.25 
 933.23  3220  5180 54407.25 
 933.28  3225  5253 43037.75 
 933.33  3230  5325 38630.75 
 933.38  3235  5397 40593 
 933.43  3240  5470 42860.5 
 933.47  3245  5543 40435.5 
 933.52  3250  5616 33979 
 933.81  3255  3766 24477.5 
 933.85  3260  3840 28352 
 933.89  3265  3914 27610 
 933.94  3270  3988 27741.5 
 933.99  3275  4063 26746 
 934.04  3280  4137 25041.25 
 934.09  3285  4212 24766 
 934.14  3290  4287 28770.25 
 934.19  3295  4361 31995.25 
 934.24  3300  4436 32318.5 
 934.29  3305  4511 26601 
 934.34  3310  4586 27160 
 934.39  3315  4662 26863.75 
 934.44  3320  4737 27895.75 
 934.49  3325  4812 27440 
 934.54  3330  4888 27124.25 
 934.59  3335  4964 24928.5 
 934.64  3340  5039 25772.75 
 934.69  3345  5115 28549.75 
 934.74  3350  5191 26677.75 
 934.79  3355  5267 30004.75 
 934.84  3360  5344 20323.5 
 934.89  3365  5420 25086.5 
 934.94  3370  5496 20262.25 
 934.99  3375  5573 25624.75 
 935.04  3380  5650 23857.5 
 935.09  3385  5726 26772 
 935.14  3390  5803 26265.5 
 935.19  3395  5880 25501 
 935.24  3400  5957 30213 
 935.29  3405  6035 26560.75 
 935.34  3410  6112 25487.75 
 935.39  3415  6189 23537.25 
 935.44  3420  6267 27813.5 
 935.49  3425  6345 25708.25 
 935.54  3430  6422 27973.5 
 935.59  3435  6500 26083.25 
 935.64  3440  6578 18844.75 
 935.69  3445  6657 19463.75 
 935.74  3450  6735 25112.75 
 935.79  3455  6813 25352.5 
 935.84  3460  6892 21188.25 
 935.89  3465  6971 23847.25 
 935.94  3470  7049 25410.25 
 935.99  3475  7128 20198.75 
 936.04  3480  7207 23119 
 936.09  3485  7286 22711.25 
 936.14  3490  7366 20533.75 
 936.19  3495  7445 20379.5 
 936.24  3500  7525 24740.25 
 936.29  3505  7604 25720.25 
 936.34  3510  7684 22829.5 
 936.39  3515  7764 21878.25 
 936.44  3520  7844 23479.5 
 936.49  3525  7924 17887 
 936.54  3530  8005 22426.25 
 936.59  3535  8085 23589.25 
 936.64  3540  8166 24134.75 
 936.69  3545  8246 24261.25 
 936.74  3550  8327 23868.75 
 936.79  3555  8408 20956.25 
 936.84  3560  8489 21685.75 
 936.89  3565  8570 18405.5 
 936.94  3570  8652 15043.25 
 936.99  3575  8733 18303.25 
 937.04  3580  8815 14008.5 
 937.09  3585  8897 11907.5 
 937.14  3590  8979 16615.25 
 937.19  3595  9061 20621.75 
 937.24  3600  9143 21380.25 
 937.29  3605  9225 16530.5 
 937.34  3610  9308 15015.75 
 937.39  3615  9390 17144 
 937.44  3620  9473 14193 
 937.49  3625  9556 19533.5 
 937.54  3630  9639 16743.75 
end
uaIntegration time is 0.2294 seconds per sampledt  3.4E-08 cy 1dh240619Arenosillo 37.1 6.73 3.74pr1000dark 13.2 
 960.02  2900  736 91.25 
 960.08  2905  803 86.25 
 960.13  2910  870 97 
 960.18  2915  937 87.25 
 960.23  2920  1004 96 
 960.28  2925  1071 90.25 
 960.32  2930  1138 99 
 960.37  2935  1206 98 
 960.42  2940  1273 102.75 
 960.48  2945  1341 105.5 
 960.53  2950  1408 117.75 
 960.58  2955  1476 133 
 960.63  2960  1544 161.75 
 960.68  2965  1611 190.25 
 960.72  2970  1679 216.5 
 960.78  2975  1747 348 
 960.82  2980  1815 432 
 960.88  2985  1883 447 
 960.93  2990  1952 769.75 
 960.97  2995  2020 1027.75 
 961.02  3000  2088 1053.25 
 961.07  3005  2157 1389.5 
 961.13  3010  2225 2113.5 
 961.18  3015  2294 2847 
 961.23  3020  2362 2553.5 
 961.28  3025  2431 4507.75 
 961.33  3030  2500 6960.25 
 961.37  3035  2569 8325 
 961.42  3040  2638 7986.75 
 961.47  3045  2707 10519.75 
 961.53  3050  2776 14157.5 
 961.58  3055  2845 14541.25 
 961.63  3060  2915 14080.25 
 961.68  3065  2984 16582.25 
 961.73  3070  3054 22367.25 
 961.78  3075  3123 25875.75 
 961.83  3080  3193 27333.75 
 961.87  3085  3263 30611 
 961.92  3090  3333 26542 
 961.98  3095  3403 29009.5 
 962.02  3100  3473 28793.5 
 962.07  3105  3543 44921 
 962.12  3110  3613 52850.5 
 962.18  3115  3683 50540.75 
 962.23  3120  3754 47198.75 
 962.28  3125  3824 53799 
 962.33  3130  3895 55240.25 
 962.38  3135  3965 54728 
 962.42  3140  4036 61880 
 962.48  3145  4107 51674.25 
 962.52  3150  4178 63859.75 
 962.58  3155  4249 53948.75 
 962.63  3160  4320 44178 
 962.68  3165  4391 58139.5 
 962.73  3170  4462 68437 
 962.78  3175  4534 67797.25 
 962.83  3180  4605 49410.25 
 962.88  3185  4677 55601 
 962.92  3190  4748 58596.5 
 962.98  3195  4820 49441.75 
 963.02  3200  4892 56275 
 963.08  3205  4964 61498.5 
 963.13  3210  5036 48584.75 
 963.18  3215  5108 43955.75 
 963.23  3220  5180 46157.75 
 963.28  3225  5253 36378.25 
 963.33  3230  5325 31854.5 
 963.38  3235  5397 32632 
 963.43  3240  5470 34802 
 963.48  3245  5543 33154.5 
 963.53  3250  5616 28292 
 963.81  3255  3766 20621.75 
 963.85  3260  3840 24120.75 
 963.89  3265  3914 23178.5 
 963.94  3270  3988 23008.75 
 963.99  3275  4063 22534 
 964.04  3280  4137 21184 
 964.09  3285  4212 21160.75 
 964.14  3290  4287 24749.75 
 964.19  3295  4361 27598.5 
 964.24  3300  4436 27946.25 
 964.29  3305  4511 22877.25 
 964.34  3310  4586 23468.25 
 964.39  3315  4662 23282.5 
 964.44  3320  4737 24224 
 964.49  3325  4812 23764.75 
 964.54  3330  4888 23697 
 964.59  3335  4964 21676.75 
 964.64  3340  5039 22483.25 
 964.69  3345  5115 24619.25 
 964.74  3350  5191 22398.75 
 964.79  3355  5267 24793 
 964.84  3360  5344 16991.75 
 964.89  3365  5420 20594.25 
 964.94  3370  5496 16619.25 
 964.99  3375  5573 20660.25 
 965.04  3380  5650 18882 
 965.09  3385  5726 21686.75 
 965.14  3390  5803 21712.5 
 965.19  3395  5880 20867.25 
 965.24  3400  5957 25271 
 965.29  3405  6035 22333.25 
 965.34  3410  6112 21470.25 
 965.39  3415  6189 20083.5 
 965.44  3420  6267 24104.75 
 965.49  3425  6345 22288 
 965.54  3430  6422 23979.5 
 965.59  3435  6500 22428 
 965.64  3440  6578 16287 
 965.69  3445  6657 16880 
 965.74  3450  6735 21571.75 
 965.79  3455  6813 21150.25 
 965.84  3460  6892 17851.5 
 965.89  3465  6971 20115.5 
 965.94  3470  7049 21076.75 
 965.99  3475  7128 16351.75 
 966.04  3480  7207 18237.5 
 966.09  3485  7286 18738.75 
 966.14  3490  7366 17688.25 
 966.19  3495  7445 17330.5 
 966.24  3500  7525 20326.75 
 966.29  3505  7604 21312.25 
 966.34  3510  7684 19706.5 
 966.39  3515  7764 18817.25 
 966.44  3520  7844 20197.75 
 966.49  3525  7924 15368 
 966.54  3530  8005 19380 
 966.59  3535  8085 20458.25 
 966.64  3540  8166 21006.5 
 966.69  3545  8246 20936.75 
 966.74  3550  8327 20433.75 
 966.79  3555  8408 18053 
 966.84  3560  8489 18486 
 966.89  3565  8570 15469.25 
 966.94  3570  8652 12849.75 
 966.99  3575  8733 15746 
 967.04  3580  8815 11982.25 
 967.09  3585  8897 10139.5 
 967.14  3590  8979 14309.5 
 967.19  3595  9061 17219.5 
 967.24  3600  9143 16389.75 
 967.29  3605  9225 12499.75 
 967.34  3610  9308 12119.25 
 967.39  3615  9390 14099.75 
 967.44  3620  9473 11795.25 
 967.49  3625  9556 16389.5 
 967.54  3630  9639 14017.25 
end
uaIntegration time is 0.2294 seconds per sampledt  3.4E-08 cy 1dh240619Arenosillo 37.1 6.73 3.72pr1000dark 14.3 
 990.02  2900  736 75.75 
 990.07  2905  803 70.75 
 990.12  2910  870 76.75 
 990.17  2915  937 75.75 
 990.22  2920  1004 74.5 
 990.27  2925  1071 73.25 
 990.32  2930  1138 74.75 
 990.37  2935  1206 76.25 
 990.42  2940  1273 79 
 990.47  2945  1341 83 
 990.53  2950  1408 87.75 
 990.57  2955  1476 100.75 
 990.62  2960  1544 107.5 
 990.67  2965  1611 109.25 
 990.72  2970  1679 128.5 
 990.77  2975  1747 189.75 
 990.83  2980  1815 220 
 990.87  2985  1883 240.75 
 990.92  2990  1952 387.75 
 990.98  2995  2020 533.75 
 991.03  3000  2088 567.5 
 991.07  3005  2157 743.25 
 991.12  3010  2225 1188.25 
 991.17  3015  2294 1615.75 
 991.22  3020  2362 1470.75 
 991.27  3025  2431 2682.25 
 991.32  3030  2500 4254 
 991.38  3035  2569 5125.5 
 991.43  3040  2638 5015.75 
 991.47  3045  2707 6733.5 
 991.53  3050  2776 9274.5 
 991.58  3055  2845 9710.5 
 991.62  3060  2915 9511 
 991.67  3065  2984 11322.25 
 991.72  3070  3054 15602.25 
 991.77  3075  3123 18362.25 
 991.82  3080  3193 19393.75 
 991.88  3085  3263 21775.75 
 991.93  3090  3333 18997 
 991.97  3095  3403 21361.75 
 992.03  3100  3473 21248.25 
 992.08  3105  3543 33472.5 
 992.12  3110  3613 39446 
 992.17  3115  3683 37949.25 
 992.23  3120  3754 35901.75 
 992.27  3125  3824 41444.75 
 992.32  3130  3895 42664.75 
 992.37  3135  3965 42262.5 
 992.43  3140  4036 48050.75 
 992.47  3145  4107 40979.25 
 992.53  3150  4178 50718.25 
 992.58  3155  4249 42476.25 
 992.63  3160  4320 35263.75 
 992.67  3165  4391 46929.25 
 992.72  3170  4462 55276.75 
 992.77  3175  4534 54333.75 
 992.82  3180  4605 39845 
 992.87  3185  4677 46192 
 992.93  3190  4748 48649 
 992.98  3195  4820 40860.75 
 993.03  3200  4892 46190.75 
 993.08  3205  4964 50492.75 
 993.13  3210  5036 39965 
 993.17  3215  5108 36536.25 
 993.23  3220  5180 37751 
 993.28  3225  5253 29947.5 
 993.32  3230  5325 27249 
 993.37  3235  5397 28997 
 993.42  3240  5470 30659.75 
 993.47  3245  5543 28857.75 
 993.52  3250  5616 24029 
 993.81  3255  3766 17457 
 993.85  3260  3840 20280.5 
 993.89  3265  3914 19939 
 993.94  3270  3988 19939.5 
 993.99  3275  4063 19247 
 994.04  3280  4137 17810.75 
 994.09  3285  4212 17793.5 
 994.14  3290  4287 20995.25 
 994.19  3295  4361 23268 
 994.24  3300  4436 23533.75 
 994.29  3305  4511 19287.25 
 994.34  3310  4586 19653.75 
 994.39  3315  4662 19673 
 994.44  3320  4737 20432.75 
 994.49  3325  4812 20298.5 
 994.54  3330  4888 20044.75 
 994.59  3335  4964 18273 
 994.64  3340  5039 18928.25 
 994.69  3345  5115 20990.5 
 994.74  3350  5191 19739.75 
 994.79  3355  5267 22044.75 
 994.84  3360  5344 14959 
 994.89  3365  5420 18551.75 
 994.94  3370  5496 14886.5 
 994.99  3375  5573 18915.75 
 995.04  3380  5650 17505.75 
 995.09  3385  5726 19793 
 995.14  3390  5803 19309.5 
 995.19  3395  5880 18880.5 
 995.24  3400  5957 22295 
 995.29  3405  6035 19607.5 
 995.34  3410  6112 18843.5 
 995.39  3415  6189 17411.5 
 995.44  3420  6267 20519.5 
 995.49  3425  6345 18979.5 
 995.54  3430  6422 20486 
 995.59  3435  6500 19122.75 
 995.64  3440  6578 13771.5 
 995.69  3445  6657 14287.25 
 995.74  3450  6735 18521 
 995.79  3455  6813 18560 
 995.84  3460  6892 15788 
 995.89  3465  6971 17658.75 
 995.94  3470  7049 18635.75 
 995.99  3475  7128 14831.5 
 996.04  3480  7207 17062 
 996.09  3485  7286 16809.75 
 996.14  3490  7366 15192.75 
 996.19  3495  7445 15123 
 996.24  3500  7525 18451 
 996.29  3505  7604 19081.75 
 996.34  3510  7684 16957.75 
 996.39  3515  7764 16277.5 
 996.44  3520  7844 17170.75 
 996.49  3525  7924 13148.5 
 996.54  3530  8005 16573.5 
 996.59  3535  8085 17428 
 996.64  3540  8166 17836.75 
 996.69  3545  8246 18023.75 
 996.74  3550  8327 17792.5 
 996.79  3555  8408 15705.75 
 996.84  3560  8489 16321.75 
 996.89  3565  8570 13636.25 
 996.94  3570  8652 11279.25 
 996.99  3575  8733 13525.5 
 997.04  3580  8815 10361 
 997.09  3585  8897 8881.25 
 997.14  3590  8979 12477.75 
 997.19  3595  9061 15216.25 
 997.24  3600  9143 15800 
 997.29  3605  9225 12147.25 
 997.34  3610  9308 11121.5 
 997.39  3615  9390 12621 
 997.44  3620  9473 10538.5 
 997.49  3625  9556 14396.25 
 997.54  3630  9639 12194.5 
end
uaIntegration time is 0.2294 seconds per sampledt  3.4E-08 cy 1dh240619Arenosillo 37.1 6.73 3.68pr1000dark 12.8 
 1020.02  2900  736 54.75 
 1020.07  2905  803 53.75 
 1020.12  2910  870 62 
 1020.17  2915  937 58.25 
 1020.22  2920  1004 63.75 
 1020.27  2925  1071 63.5 
 1020.32  2930  1138 59 
 1020.38  2935  1206 64.5 
 1020.42  2940  1273 63.25 
 1020.48  2945  1341 64 
 1020.53  2950  1408 70.25 
 1020.57  2955  1476 67.5 
 1020.62  2960  1544 69.75 
 1020.67  2965  1611 71.25 
 1020.72  2970  1679 76.75 
 1020.78  2975  1747 94.75 
 1020.83  2980  1815 107.25 
 1020.87  2985  1883 116.75 
 1020.92  2990  1952 170.25 
 1020.97  2995  2020 236.75 
 1021.02  3000  2088 251.5 
 1021.08  3005  2157 348.25 
 1021.13  3010  2225 538.25 
 1021.18  3015  2294 727.5 
 1021.22  3020  2362 701.75 
 1021.27  3025  2431 1296 
 1021.32  3030  2500 2093.25 
 1021.37  3035  2569 2618.5 
 1021.43  3040  2638 2584.5 
 1021.48  3045  2707 3569.5 
 1021.53  3050  2776 5131.5 
 1021.58  3055  2845 5489.25 
 1021.62  3060  2915 5508.25 
 1021.67  3065  2984 6591.5 
 1021.73  3070  3054 9342 
 1021.77  3075  3123 11291 
 1021.83  3080  3193 11957.5 
 1021.88  3085  3263 13626.5 
 1021.92  3090  3333 12087.25 
 1021.97  3095  3403 13962.75 
 1022.02  3100  3473 14087 
 1022.07  3105  3543 22288.25 
 1022.13  3110  3613 26562.5 
 1022.18  3115  3683 25582.5 
 1022.23  3120  3754 24761 
 1022.27  3125  3824 29027 
 1022.32  3130  3895 29985 
 1022.37  3135  3965 29781.25 
 1022.42  3140  4036 34293.25 
 1022.47  3145  4107 29590 
 1022.53  3150  4178 36879 
 1022.58  3155  4249 30602 
 1022.63  3160  4320 25966 
 1022.68  3165  4391 34864 
 1022.73  3170  4462 40955.75 
 1022.78  3175  4534 40315 
 1022.82  3180  4605 29663.5 
 1022.88  3185  4677 34827 
 1022.92  3190  4748 37058.75 
 1022.97  3195  4820 30808.25 
 1023.03  3200  4892 34891 
 1023.07  3205  4964 38492.5 
 1023.12  3210  5036 30806.75 
 1023.18  3215  5108 28136 
 1023.23  3220  5180 28856 
 1023.28  3225  5253 22822.75 
 1023.33  3230  5325 21102.25 
 1023.38  3235  5397 22603.25 
 1023.43  3240  5470 23979.25 
 1023.47  3245  5543 22317.5 
 1023.52  3250  5616 18490 
 1023.81  3255  3766 13435 
 1023.85  3260  3840 15751 
 1023.89  3265  3914 15628.75 
 1023.94  3270  3988 15662.75 
 1023.99  3275  4063 14954.5 
 1024.04  3280  4137 13869 
 1024.09  3285  4212 13945 
 1024.14  3290  4287 16430.75 
 1024.19  3295  4361 18262.5 
 1024.24  3300  4436 18526.25 
 1024.29  3305  4511 15113.25 
 1024.34  3310  4586 15464.25 
 1024.39  3315  4662 15435 
 1024.44  3320  4737 16086.5 
 1024.49  3325  4812 15981.25 
 1024.54  3330  4888 15806.25 
 1024.59  3335  4964 14406.5 
 1024.64  3340  5039 14921.25 
 1024.69  3345  5115 16553.75 
 1024.74  3350  5191 15604.75 
 1024.79  3355  5267 17428.25 
 1024.84  3360  5344 11821 
 1024.89  3365  5420 14611.75 
 1024.94  3370  5496 11772 
 1024.99  3375  5573 14950.25 
 1025.04  3380  5650 13826.25 
 1025.09  3385  5726 15701.75 
 1025.14  3390  5803 15275.25 
 1025.19  3395  5880 14948 
 1025.24  3400  5957 17602.5 
 1025.29  3405  6035 15427.5 
 1025.34  3410  6112 14876.75 
 1025.39  3415  6189 13800.75 
 1025.44  3420  6267 16246.75 
 1025.49  3425  6345 15031 
 1025.54  3430  6422 16289.25 
 1025.59  3435  6500 15138 
 1025.64  3440  6578 10983.75 
 1025.69  3445  6657 11358.75 
 1025.74  3450  6735 14664.25 
 1025.79  3455  6813 14731.5 
 1025.84  3460  6892 12401.5 
 1025.89  3465  6971 13984.25 
 1025.94  3470  7049 14801.5 
 1025.99  3475  7128 11750.5 
 1026.04  3480  7207 13467.25 
 1026.09  3485  7286 13338.5 
 1026.14  3490  7366 12009.75 
 1026.19  3495  7445 12020.25 
 1026.24  3500  7525 14640.75 
 1026.29  3505  7604 15132.5 
 1026.34  3510  7684 13423.75 
 1026.39  3515  7764 12856.5 
 1026.44  3520  7844 13635.75 
 1026.49  3525  7924 10437 
 1026.54  3530  8005 13099.75 
 1026.59  3535  8085 13861.75 
 1026.64  3540  8166 14132.75 
 1026.69  3545  8246 14204 
 1026.74  3550  8327 14058.25 
 1026.79  3555  8408 12452.25 
 1026.84  3560  8489 12840.75 
 1026.89  3565  8570 10801 
 1026.94  3570  8652 8898.25 
 1026.99  3575  8733 10757.25 
 1027.04  3580  8815 8201.5 
 1027.09  3585  8897 7039 
 1027.14  3590  8979 9882.5 
 1027.19  3595  9061 11982.75 
 1027.24  3600  9143 12458.5 
 1027.29  3605  9225 9646 
 1027.34  3610  9308 8778.75 
 1027.39  3615  9390 9945.75 
 1027.44  3620  9473 8271 
 1027.49  3625  9556 11391.5 
 1027.54  3630  9639 9614 
end
uaIntegration time is 0.2294 seconds per sampledt  3.4E-08 cy 1dh240619Arenosillo 37.1 6.73 3.64pr1000dark 11.4 
 1050.02  2900  736 40.75 
 1050.08  2905  803 40.25 
 1050.13  2910  870 41.5 
 1050.18  2915  937 40.75 
 1050.23  2920  1004 42 
 1050.28  2925  1071 44.25 
 1050.32  2930  1138 42.75 
 1050.37  2935  1206 43.75 
 1050.42  2940  1273 43.5 
 1050.48  2945  1341 45.75 
 1050.53  2950  1408 43.5 
 1050.57  2955  1476 43.5 
 1050.63  2960  1544 47.25 
 1050.68  2965  1611 48 
 1050.72  2970  1679 46 
 1050.78  2975  1747 57.75 
 1050.82  2980  1815 68.75 
 1050.88  2985  1883 65.25 
 1050.93  2990  1952 72.75 
 1050.97  2995  2020 94.5 
 1051.02  3000  2088 100 
 1051.07  3005  2157 133.5 
 1051.13  3010  2225 196 
 1051.18  3015  2294 271.25 
 1051.23  3020  2362 266 
 1051.28  3025  2431 507.75 
 1051.33  3030  2500 825 
 1051.37  3035  2569 1075.75 
 1051.42  3040  2638 1063.25 
 1051.47  3045  2707 1522.75 
 1051.53  3050  2776 2283.25 
 1051.58  3055  2845 2553 
 1051.63  3060  2915 2569.75 
 1051.68  3065  2984 3181 
 1051.73  3070  3054 4627 
 1051.78  3075  3123 5825 
 1051.83  3080  3193 6289 
 1051.87  3085  3263 7187.25 
 1051.93  3090  3333 6544.25 
 1051.98  3095  3403 7818.75 
 1052.02  3100  3473 8105 
 1052.08  3105  3543 12921.75 
 1052.13  3110  3613 15612 
 1052.18  3115  3683 15290.5 
 1052.23  3120  3754 15207.5 
 1052.28  3125  3824 18029 
 1052.33  3130  3895 18914.25 
 1052.38  3135  3965 18594 
 1052.43  3140  4036 21936 
 1052.48  3145  4107 19378.5 
 1052.52  3150  4178 24399.25 
 1052.58  3155  4249 20178.25 
 1052.62  3160  4320 17256.25 
 1052.67  3165  4391 23572.75 
 1052.73  3170  4462 27668.5 
 1052.78  3175  4534 27314 
 1052.83  3180  4605 20329 
 1052.88  3185  4677 24219.5 
 1052.92  3190  4748 26177 
 1052.97  3195  4820 21402.75 
 1053.03  3200  4892 24254.25 
 1053.08  3205  4964 27265 
 1053.13  3210  5036 22159 
 1053.18  3215  5108 20238.25 
 1053.23  3220  5180 20591.75 
 1053.28  3225  5253 16290.5 
 1053.32  3230  5325 15069.5 
 1053.38  3235  5397 16503.75 
 1053.43  3240  5470 17528.5 
 1053.48  3245  5543 16178 
 1053.53  3250  5616 13404 
 1053.81  3255  3766 9747.5 
 1053.85  3260  3840 11594.75 
 1053.89  3265  3914 11541.5 
 1053.94  3270  3988 11564 
 1053.99  3275  4063 10996.75 
 1054.04  3280  4137 10077.75 
 1054.09  3285  4212 10271.25 
 1054.14  3290  4287 12293 
 1054.19  3295  4361 13674 
 1054.24  3300  4436 13730.75 
 1054.29  3305  4511 11234.5 
 1054.34  3310  4586 11387.25 
 1054.39  3315  4662 11440.75 
 1054.44  3320  4737 12040.75 
 1054.49  3325  4812 11872.75 
 1054.54  3330  4888 11816.5 
 1054.59  3335  4964 10757 
 1054.64  3340  5039 11037 
 1054.69  3345  5115 12392.75 
 1054.74  3350  5191 11672 
 1054.79  3355  5267 13103 
 1054.84  3360  5344 8922.75 
 1054.89  3365  5420 10886.75 
 1054.94  3370  5496 8821.25 
 1054.99  3375  5573 11052.75 
 1055.04  3380  5650 10389 
 1055.09  3385  5726 11774.75 
 1055.14  3390  5803 11513.25 
 1055.19  3395  5880 11195.25 
 1055.24  3400  5957 13182.25 
 1055.29  3405  6035 11672.5 
 1055.34  3410  6112 11221 
 1055.39  3415  6189 10402 
 1055.44  3420  6267 12233 
 1055.49  3425  6345 11295.75 
 1055.54  3430  6422 12269 
 1055.59  3435  6500 11339 
 1055.64  3440  6578 8264.25 
 1055.69  3445  6657 8458.5 
 1055.74  3450  6735 10975.5 
 1055.79  3455  6813 11087 
 1055.84  3460  6892 9333.5 
 1055.89  3465  6971 10475.75 
 1055.94  3470  7049 11104.5 
 1055.99  3475  7128 8899.25 
 1056.04  3480  7207 10162.5 
 1056.09  3485  7286 9988 
 1056.14  3490  7366 9054.25 
 1056.19  3495  7445 9068 
 1056.24  3500  7525 10897.75 
 1056.29  3505  7604 11382.75 
 1056.34  3510  7684 10098.25 
 1056.39  3515  7764 9596 
 1056.44  3520  7844 10317.25 
 1056.49  3525  7924 7867.5 
 1056.54  3530  8005 9882.75 
 1056.59  3535  8085 10344.5 
 1056.64  3540  8166 10648.5 
 1056.69  3545  8246 10702.75 
 1056.74  3550  8327 10590.5 
 1056.79  3555  8408 9348.5 
 1056.84  3560  8489 9612 
 1056.89  3565  8570 8155.5 
 1056.94  3570  8652 6693 
 1056.99  3575  8733 8039.75 
 1057.04  3580  8815 6228 
 1057.09  3585  8897 5308.75 
 1057.14  3590  8979 7330.75 
 1057.19  3595  9061 9070.75 
 1057.24  3600  9143 9372.25 
 1057.29  3605  9225 7336.25 
 1057.34  3610  9308 6587.5 
 1057.39  3615  9390 7466 
 1057.44  3620  9473 6188.5 
 1057.49  3625  9556 8505 
 1057.54  3630  9639 7272.75 
end
uaIntegration time is 0.2294 seconds per sampledt  3.4E-08 cy 1dh240619Arenosillo 37.1 6.73 3.62pr1000dark 10.9 
 1080.02  2900  736 31.5 
 1080.07  2905  803 32.5 
 1080.12  2910  870 31.5 
 1080.17  2915  937 32.25 
 1080.22  2920  1004 31 
 1080.27  2925  1071 32 
 1080.33  2930  1138 30.5 
 1080.38  2935  1206 26.5 
 1080.42  2940  1273 41.75 
 1080.47  2945  1341 35.75 
 1080.52  2950  1408 35.5 
 1080.57  2955  1476 34 
 1080.62  2960  1544 29.5 
 1080.67  2965  1611 30.5 
 1080.73  2970  1679 33 
 1080.78  2975  1747 36.5 
 1080.82  2980  1815 34.25 
 1080.87  2985  1883 38.25 
 1080.92  2990  1952 41 
 1080.98  2995  2020 43.75 
 1081.03  3000  2088 45.75 
 1081.07  3005  2157 52.5 
 1081.12  3010  2225 67.25 
 1081.18  3015  2294 86.75 
 1081.22  3020  2362 91 
 1081.27  3025  2431 157.25 
 1081.32  3030  2500 249 
 1081.37  3035  2569 332.75 
 1081.42  3040  2638 345.5 
 1081.48  3045  2707 499.25 
 1081.53  3050  2776 789 
 1081.58  3055  2845 890.25 
 1081.62  3060  2915 899 
 1081.67  3065  2984 1167.75 
 1081.72  3070  3054 1808 
 1081.77  3075  3123 2343 
 1081.82  3080  3193 2572 
 1081.88  3085  3263 3024.75 
 1081.93  3090  3333 2814.5 
 1081.97  3095  3403 3535.5 
 1082.03  3100  3473 3762.75 
 1082.08  3105  3543 6128.75 
 1082.13  3110  3613 7481.75 
 1082.18  3115  3683 7434.25 
 1082.23  3120  3754 7638.75 
 1082.27  3125  3824 9404.25 
 1082.32  3130  3895 9942.5 
 1082.37  3135  3965 9810 
 1082.42  3140  4036 11866.5 
 1082.47  3145  4107 10847.25 
 1082.53  3150  4178 13734.75 
 1082.58  3155  4249 11287.75 
 1082.63  3160  4320 9965 
 1082.67  3165  4391 13867.25 
 1082.72  3170  4462 16384 
 1082.77  3175  4534 16005.5 
 1082.82  3180  4605 12142.25 
 1082.87  3185  4677 14930 
 1082.93  3190  4748 16298.25 
 1082.98  3195  4820 13135.75 
 1083.03  3200  4892 14780.75 
 1083.08  3205  4964 17039 
 1083.13  3210  5036 14203.75 
 1083.17  3215  5108 13067.5 
 1083.23  3220  5180 12917.75 
 1083.28  3225  5253 10175 
 1083.32  3230  5325 9681.25 
 1083.37  3235  5397 10816.25 
 1083.42  3240  5470 11566.25 
 1083.47  3245  5543 10623.25 
 1083.52  3250  5616 8621.25 
 1083.81  3255  3766 6349 
 1083.84  3260  3840 7634.25 
 1083.89  3265  3914 7732.25 
 1083.94  3270  3988 7727 
 1083.99  3275  4063 7272 
 1084.04  3280  4137 6619 
 1084.09  3285  4212 6789.75 
 1084.14  3290  4287 8300 
 1084.19  3295  4361 9277.75 
 1084.24  3300  4436 9272.5 
 1084.29  3305  4511 7515.5 
 1084.34  3310  4586 7555.25 
 1084.39  3315  4662 7690.75 
 1084.44  3320  4737 8141.75 
 1084.49  3325  4812 8121.5 
 1084.54  3330  4888 8044.75 
 1084.59  3335  4964 7236.5 
 1084.64  3340  5039 7469.5 
 1084.69  3345  5115 8365.25 
 1084.74  3350  5191 7983.5 
 1084.79  3355  5267 8919.5 
 1084.84  3360  5344 6113.75 
 1084.89  3365  5420 7444.25 
 1084.94  3370  5496 5931.75 
 1084.99  3375  5573 7461.25 
 1085.04  3380  5650 7103.25 
 1085.09  3385  5726 7995 
 1085.14  3390  5803 7853.25 
 1085.19  3395  5880 7621.75 
 1085.24  3400  5957 8967.75 
 1085.29  3405  6035 7882.5 
 1085.34  3410  6112 7683.75 
 1085.39  3415  6189 7073.5 
 1085.44  3420  6267 8295.75 
 1085.49  3425  6345 7660.25 
 1085.54  3430  6422 8282.75 
 1085.59  3435  6500 7705.25 
 1085.64  3440  6578 5614.75 
 1085.69  3445  6657 5786.5 
 1085.74  3450  6735 7471.75 
 1085.79  3455  6813 7496 
 1085.84  3460  6892 6375.75 
 1085.89  3465  6971 7132.5 
 1085.94  3470  7049 7576.75 
 1085.99  3475  7128 6044 
 1086.04  3480  7207 6875.75 
 1086.09  3485  7286 6829.25 
 1086.14  3490  7366 6213.5 
 1086.19  3495  7445 6144.75 
 1086.24  3500  7525 7459.5 
 1086.29  3505  7604 7762.25 
 1086.34  3510  7684 6900.75 
 1086.39  3515  7764 6506.75 
 1086.44  3520  7844 7026.75 
 1086.49  3525  7924 5351.5 
 1086.54  3530  8005 6714.75 
 1086.59  3535  8085 7056.5 
 1086.64  3540  8166 7258 
 1086.69  3545  8246 7230.75 
 1086.74  3550  8327 7173.25 
 1086.79  3555  8408 6316.75 
 1086.84  3560  8489 6560.75 
 1086.89  3565  8570 5506.5 
 1086.94  3570  8652 4547.5 
 1086.99  3575  8733 5443.5 
 1087.04  3580  8815 4218 
 1087.09  3585  8897 3591.25 
 1087.14  3590  8979 4985 
 1087.19  3595  9061 6077.5 
 1087.24  3600  9143 6303.75 
 1087.29  3605  9225 4936.75 
 1087.34  3610  9308 4468 
 1087.39  3615  9390 5039.75 
 1087.44  3620  9473 4234.25 
 1087.49  3625  9556 5762 
 1087.54  3630  9639 4936.5 
end
uaIntegration time is 0.2294 seconds per sampledt  3.4E-08 cy 1dh240619Arenosillo 37.1 6.73 3.56pr1000dark 10.2 
 1110.02  2900  736 18.75 
 1110.07  2905  803 17.25 
 1110.12  2910  870 18 
 1110.17  2915  937 19.25 
 1110.22  2920  1004 18.5 
 1110.28  2925  1071 19 
 1110.32  2930  1138 19.25 
 1110.38  2935  1206 21 
 1110.42  2940  1273 20 
 1110.47  2945  1341 19.25 
 1110.53  2950  1408 17.25 
 1110.57  2955  1476 18.75 
 1110.62  2960  1544 20.5 
 1110.67  2965  1611 18.25 
 1110.72  2970  1679 20.75 
 1110.78  2975  1747 20.5 
 1110.83  2980  1815 20.75 
 1110.87  2985  1883 22.5 
 1110.93  2990  1952 20.75 
 1110.98  2995  2020 29.25 
 1111.03  3000  2088 30 
 1111.07  3005  2157 36.75 
 1111.12  3010  2225 36.75 
 1111.17  3015  2294 41 
 1111.22  3020  2362 37.75 
 1111.27  3025  2431 53 
 1111.33  3030  2500 78.5 
 1111.38  3035  2569 112.25 
 1111.43  3040  2638 98.5 
 1111.47  3045  2707 132.25 
 1111.53  3050  2776 204.5 
 1111.58  3055  2845 240.25 
 1111.62  3060  2915 256.25 
 1111.67  3065  2984 314 
 1111.73  3070  3054 505.25 
 1111.77  3075  3123 688.75 
 1111.83  3080  3193 766 
 1111.88  3085  3263 922.5 
 1111.93  3090  3333 876.5 
 1111.98  3095  3403 1175.25 
 1112.03  3100  3473 1276.75 
 1112.07  3105  3543 2142 
 1112.13  3110  3613 2652.25 
 1112.18  3115  3683 2704 
 1112.23  3120  3754 2970 
 1112.27  3125  3824 3754.25 
 1112.32  3130  3895 4055.75 
 1112.37  3135  3965 3995.25 
 1112.42  3140  4036 4949.5 
 1112.47  3145  4107 4844.5 
 1112.53  3150  4178 6193.5 
 1112.58  3155  4249 5008.75 
 1112.63  3160  4320 4614 
 1112.67  3165  4391 6684.25 
 1112.72  3170  4462 7901 
 1112.78  3175  4534 7667.75 
 1112.82  3180  4605 5989 
 1112.88  3185  4677 7722.25 
 1112.93  3190  4748 8522.5 
 1112.98  3195  4820 6722 
 1113.03  3200  4892 7540.5 
 1113.08  3205  4964 9063.25 
 1113.12  3210  5036 7883.5 
 1113.18  3215  5108 7195.5 
 1113.23  3220  5180 6983.5 
 1113.28  3225  5253 5419.5 
 1113.32  3230  5325 5336 
 1113.37  3235  5397 6210.25 
 1113.42  3240  5470 6630 
 1113.47  3245  5543 6033.5 
 1113.52  3250  5616 4818.75 
 1113.81  3255  3766 3557.75 
 1113.84  3260  3840 4481.5 
 1113.89  3265  3914 4548 
 1113.94  3270  3988 4548.25 
 1113.99  3275  4063 4208.5 
 1114.04  3280  4137 3752.75 
 1114.09  3285  4212 4006 
 1114.14  3290  4287 4981.75 
 1114.19  3295  4361 5582.75 
 1114.24  3300  4436 5575 
 1114.29  3305  4511 4458.75 
 1114.34  3310  4586 4451.25 
 1114.39  3315  4662 4540.5 
 1114.44  3320  4737 4905.25 
 1114.49  3325  4812 4928.75 
 1114.54  3330  4888 4838.75 
 1114.59  3335  4964 4328 
 1114.64  3340  5039 4468.5 
 1114.69  3345  5115 5060.75 
 1114.74  3350  5191 4848.25 
 1114.79  3355  5267 5484.5 
 1114.84  3360  5344 3742.75 
 1114.89  3365  5420 4508.75 
 1114.94  3370  5496 3576.75 
 1114.99  3375  5573 4531.75 
 1115.04  3380  5650 4307.75 
 1115.09  3385  5726 4863.75 
 1115.14  3390  5803 4784.25 
 1115.19  3395  5880 4669.5 
 1115.24  3400  5957 5396.75 
 1115.29  3405  6035 4797.75 
 1115.34  3410  6112 4639.75 
 1115.39  3415  6189 4327 
 1115.44  3420  6267 5092 
 1115.49  3425  6345 4724 
 1115.54  3430  6422 5063.75 
 1115.59  3435  6500 4701 
 1115.64  3440  6578 3414.25 
 1115.69  3445  6657 3547.25 
 1115.74  3450  6735 4531.75 
 1115.79  3455  6813 4629.5 
 1115.84  3460  6892 3904.75 
 1115.89  3465  6971 4344.5 
 1115.94  3470  7049 4608.25 
 1115.99  3475  7128 3689 
 1116.04  3480  7207 4211.25 
 1116.09  3485  7286 4133.75 
 1116.14  3490  7366 3772 
 1116.19  3495  7445 3751.5 
 1116.24  3500  7525 4525.5 
 1116.29  3505  7604 4713.25 
 1116.34  3510  7684 4193.5 
 1116.39  3515  7764 3948.75 
 1116.44  3520  7844 4246.25 
 1116.49  3525  7924 3275.5 
 1116.54  3530  8005 4083 
 1116.59  3535  8085 4316.75 
 1116.64  3540  8166 4387.5 
 1116.69  3545  8246 4428.75 
 1116.74  3550  8327 4355.75 
 1116.79  3555  8408 3846.75 
 1116.84  3560  8489 3975.5 
 1116.89  3565  8570 3381.25 
 1116.94  3570  8652 2762.5 
 1116.99  3575  8733 3284.25 
 1117.04  3580  8815 2537 
 1117.09  3585  8897 2191.25 
 1117.14  3590  8979 2985 
 1117.19  3595  9061 3672.5 
 1117.24  3600  9143 3786.5 
 1117.29  3605  9225 2976 
 1117.34  3610  9308 2694.25 
 1117.39  3615  9390 3080.25 
 1117.44  3620  9473 2572.75 
 1117.49  3625  9556 3465.5 
 1117.54  3630  9639 3007.25 
end
uaIntegration time is 0.2294 seconds per sampledt  3.4E-08 cy 1dh240619Arenosillo 37.1 6.73 3.49pr1000dark 8.350001 
 1140.02  2900  736 11.5 
 1140.08  2905  803 12.5 
 1140.12  2910  870 11.75 
 1140.17  2915  937 12.5 
 1140.23  2920  1004 12.25 
 1140.28  2925  1071 11.25 
 1140.32  2930  1138 9.5 
 1140.38  2935  1206 13 
 1140.42  2940  1273 11 
 1140.47  2945  1341 11.75 
 1140.52  2950  1408 12 
 1140.57  2955  1476 14.5 
 1140.63  2960  1544 11.25 
 1140.68  2965  1611 13.25 
 1140.73  2970  1679 11.75 
 1140.78  2975  1747 13.25 
 1140.83  2980  1815 13.5 
 1140.88  2985  1883 11.5 
 1140.93  2990  1952 13 
 1140.97  2995  2020 18.25 
 1141.02  3000  2088 14 
 1141.07  3005  2157 16.25 
 1141.13  3010  2225 18.25 
 1141.18  3015  2294 20.75 
 1141.22  3020  2362 18.25 
 1141.28  3025  2431 36 
 1141.33  3030  2500 36 
 1141.38  3035  2569 43.75 
 1141.43  3040  2638 39 
 1141.47  3045  2707 55.25 
 1141.52  3050  2776 68.25 
 1141.57  3055  2845 80.75 
 1141.62  3060  2915 74.75 
 1141.68  3065  2984 98.5 
 1141.73  3070  3054 131.25 
 1141.78  3075  3123 163.25 
 1141.83  3080  3193 181.5 
 1141.87  3085  3263 215.75 
 1141.92  3090  3333 202.25 
 1141.98  3095  3403 281 
 1142.03  3100  3473 300.25 
 1142.08  3105  3543 498.25 
 1142.13  3110  3613 635.75 
 1142.17  3115  3683 645.25 
 1142.22  3120  3754 745.25 
 1142.27  3125  3824 985.5 
 1142.33  3130  3895 1080.75 
 1142.38  3135  3965 1049.5 
 1142.43  3140  4036 1380 
 1142.48  3145  4107 1428.75 
 1142.52  3150  4178 1897.25 
 1142.57  3155  4249 1498.75 
 1142.63  3160  4320 1459.25 
 1142.67  3165  4391 2246.75 
 1142.73  3170  4462 2640.25 
 1142.78  3175  4534 2534.25 
 1142.83  3180  4605 2055 
 1142.88  3185  4677 2907.25 
 1142.93  3190  4748 3321.25 
 1142.98  3195  4820 2483 
 1143.03  3200  4892 2742 
 1143.08  3205  4964 3568.25 
 1143.13  3210  5036 3290.25 
 1143.18  3215  5108 3051.75 
 1143.23  3220  5180 2759.75 
 1143.27  3225  5253 2172.75 
 1143.32  3230  5325 2231.75 
 1143.38  3235  5397 2782.75 
 1143.43  3240  5470 3062.25 
 1143.48  3245  5543 2685 
 1143.53  3250  5616 2050 
 1143.81  3255  3766 1558.25 
 1143.85  3260  3840 2028.5 
 1143.89  3265  3914 2205.75 
 1143.94  3270  3988 2140.5 
 1143.99  3275  4063 1976.25 
 1144.04  3280  4137 1684.5 
 1144.09  3285  4212 1868.25 
 1144.14  3290  4287 2428.25 
 1144.19  3295  4361 2747.25 
 1144.24  3300  4436 2743.75 
 1144.29  3305  4511 2102.75 
 1144.34  3310  4586 2105.5 
 1144.39  3315  4662 2197 
 1144.44  3320  4737 2418.25 
 1144.49  3325  4812 2457.75 
 1144.54  3330  4888 2395 
 1144.59  3335  4964 2109 
 1144.64  3340  5039 2139.5 
 1144.69  3345  5115 2499.25 
 1144.74  3350  5191 2425 
 1144.79  3355  5267 2720.25 
 1144.84  3360  5344 1882 
 1144.89  3365  5420 2233.5 
 1144.94  3370  5496 1793.25 
 1144.99  3375  5573 2224 
 1145.04  3380  5650 2147.25 
 1145.09  3385  5726 2468.75 
 1145.14  3390  5803 2433.25 
 1145.19  3395  5880 2329.75 
 1145.24  3400  5957 2704.5 
 1145.29  3405  6035 2396.25 
 1145.34  3410  6112 2377.25 
 1145.39  3415  6189 2212.75 
 1145.44  3420  6267 2560.75 
 1145.49  3425  6345 2385.25 
 1145.54  3430  6422 2557.75 
 1145.59  3435  6500 2367.5 
 1145.64  3440  6578 1712.75 
 1145.69  3445  6657 1774.5 
 1145.74  3450  6735 2279.5 
 1145.79  3455  6813 2287.75 
 1145.84  3460  6892 1948.5 
 1145.89  3465  6971 2177.25 
 1145.94  3470  7049 2326 
 1145.99  3475  7128 1845.5 
 1146.04  3480  7207 2113 
 1146.09  3485  7286 2078 
 1146.14  3490  7366 1897.25 
 1146.19  3495  7445 1892.25 
 1146.24  3500  7525 2275 
 1146.29  3505  7604 2357.75 
 1146.34  3510  7684 2103.75 
 1146.39  3515  7764 1983.5 
 1146.44  3520  7844 2119.75 
 1146.49  3525  7924 1637.25 
 1146.54  3530  8005 2030.75 
 1146.59  3535  8085 2142.25 
 1146.64  3540  8166 2215.5 
 1146.69  3545  8246 2215.5 
 1146.74  3550  8327 2176.5 
 1146.79  3555  8408 1918.75 
 1146.84  3560  8489 1968.25 
 1146.89  3565  8570 1670.5 
 1146.94  3570  8652 1367 
 1146.99  3575  8733 1642.25 
 1147.04  3580  8815 1258.75 
 1147.09  3585  8897 1095 
 1147.14  3590  8979 1481.5 
 1147.19  3595  9061 1823.25 
 1147.24  3600  9143 1894.5 
 1147.29  3605  9225 1469.5 
 1147.34  3610  9308 1331.25 
 1147.39  3615  9390 1510.5 
 1147.44  3620  9473 1279.75 
 1147.49  3625  9556 1726 
 1147.54  3630  9639 1482.25 
end
