uxIntegration time is 0.2294 seconds per sampledt  3.3E-08 cy 1dh220619El Arenosillo 37.1 6.73 2.911481pr1000dark .4 
 302.89  2900  777 .25 
 302.92  2905  842 .75 
 302.95  2910  907 .5 
 302.98  2915  972 .5 
 303.01  2920  1037 .75 
 303.04  2925  1102 .5 
 303.07  2930  1168 .25 
 303.1  2935  1233 .5 
 303.13  2940  1299 .25 
 303.16  2945  1365 .5 
 303.19  2950  1431 .5 
 303.22  2955  1497 .25 
 303.25  2960  1563 .5 
 303.28  2965  1629 .75 
 303.31  2970  1695 .5 
 303.34  2975  1761 1 
 303.37  2980  1828 .5 
 303.4  2985  1894 .5 
 303.43  2990  1961 .5 
 303.49  2995  2028 .5 
 303.51  3000  2095 1 
 303.53  3005  2162 .5 
 303.55  3010  2229 1 
 303.58  3015  2296 .5 
 303.6  3020  2364 1 
 303.62  3025  2431 1.5 
 303.64  3030  2499 1 
 303.67  3035  2566 2 
 303.69  3040  2634 2.5 
 303.71  3045  2702 2.5 
 303.73  3050  2770 3.5 
 303.76  3055  2838 2.5 
 303.78  3060  2906 2 
 303.8  3065  2975 4.5 
 303.82  3070  3043 6.5 
 303.85  3075  3112 7.5 
 303.87  3080  3180 7 
 303.89  3085  3249 9 
 303.92  3090  3318 9 
 303.94  3095  3387 10 
 303.96  3100  3456 10 
 303.98  3105  3525 12.5 
 304.01  3110  3594 20.5 
 304.03  3115  3664 19.5 
 304.05  3120  3733 18.5 
 304.08  3125  3803 24 
 304.1  3130  3873 26.5 
 304.12  3135  3943 24.5 
 304.14  3140  4013 29 
 304.17  3145  4083 27.5 
 304.19  3150  4153 38.5 
 304.21  3155  4223 28 
 304.24  3160  4294 26.5 
 304.26  3165  4364 39.5 
 304.28  3170  4435 44 
 304.3  3175  4506 44.5 
 304.33  3180  4576 38 
 304.35  3185  4647 48 
 304.37  3190  4718 46.5 
 304.4  3195  4790 42.5 
 304.42  3200  4861 52 
 304.44  3205  4932 66 
 304.47  3210  5004 62 
 304.49  3215  5076 55 
 304.51  3220  5147 49.5 
 304.53  3225  5219 45.5 
 304.56  3230  5291 43.5 
 304.58  3235  5363 63.5 
 304.6  3240  5436 75.5 
 304.63  3245  5508 59 
 304.65  3250  5580 43 
 304.84  3255  3743 46.5 
 304.86  3260  3817 69.5 
 304.89  3265  3890 91.5 
 304.91  3270  3963 89 
 304.93  3275  4037 67.5 
 304.95  3280  4110 56 
 304.98  3285  4184 72.5 
 305  3290  4258 107.5 
 305.02  3295  4332 129 
 305.05  3300  4406 122 
 305.07  3305  4481 91.5 
 305.09  3310  4555 76 
 305.12  3315  4630 94.5 
 305.14  3320  4704 124.5 
 305.16  3325  4779 130.5 
 305.19  3330  4854 129 
 305.21  3335  4929 99.5 
 305.23  3340  5005 98 
 305.26  3345  5080 125 
 305.28  3350  5155 129.5 
 305.3  3355  5231 153 
 305.33  3360  5307 104.5 
 305.35  3365  5383 124.5 
 305.37  3370  5459 91 
 305.4  3375  5535 116 
 305.42  3380  5611 121.5 
 305.44  3385  5688 143.5 
 305.47  3390  5764 153 
 305.49  3395  5841 132.5 
 305.51  3400  5918 157.5 
 305.54  3405  5995 146.5 
 305.56  3410  6072 150.5 
 305.58  3415  6149 141 
 305.61  3420  6226 163 
 305.63  3425  6304 149.5 
 305.65  3430  6381 163 
 305.68  3435  6459 151.5 
 305.7  3440  6537 100.5 
 305.72  3445  6615 107 
 305.75  3450  6693 152 
 305.77  3455  6771 152.5 
 305.79  3460  6850 127 
 305.82  3465  6928 149 
 305.84  3470  7007 151 
 305.86  3475  7086 120.5 
 305.89  3480  7165 139 
 305.91  3485  7244 140 
 305.93  3490  7323 131 
 305.96  3495  7402 129 
 305.98  3500  7482 163.5 
 306  3505  7561 168 
 306.03  3510  7641 144 
 306.05  3515  7721 134.5 
 306.07  3520  7801 153.5 
 306.1  3525  7881 122 
 306.12  3530  7961 145.5 
 306.15  3535  8042 159 
 306.17  3540  8122 161 
 306.19  3545  8203 159 
 306.21  3550  8283 162.5 
 306.24  3555  8364 142 
 306.26  3560  8445 146 
 306.29  3565  8527 126.5 
 306.31  3570  8608 107 
 306.33  3575  8689 125.5 
 306.35  3580  8771 96.5 
 306.38  3585  8853 82.5 
 306.4  3590  8934 120 
 306.43  3595  9016 141.5 
 306.45  3600  9099 147 
 306.47  3605  9181 121 
 306.5  3610  9263 109.5 
 306.52  3615  9346 115.5 
 306.56  3620  9428 104.5 
 306.58  3625  9511 139 
 306.6  3630  9594 118.5 
end
uaIntegration time is 0.2294 seconds per sampledt  3.3E-08 cy 1dh220619El Arenosillo 37.1 6.73 3.340665pr1000dark .9 
 600.01  2900  777 46.75 
 600.09  2905  842 48.5 
 600.14  2910  907 50.25 
 600.17  2915  972 48.25 
 600.24  2920  1037 51.25 
 600.28  2925  1102 49.75 
 600.34  2930  1168 55.25 
 600.39  2935  1233 56.25 
 600.42  2940  1299 60 
 600.48  2945  1365 70.25 
 600.54  2950  1431 77.75 
 600.57  2955  1497 102.75 
 600.64  2960  1563 135.5 
 600.69  2965  1629 146 
 600.72  2970  1695 186 
 600.78  2975  1761 342.75 
 600.84  2980  1828 384.75 
 600.87  2985  1894 407.5 
 600.94  2990  1961 715.5 
 600.97  2995  2028 962 
 601.04  3000  2095 969.25 
 601.07  3005  2162 1264 
 601.13  3010  2229 1968 
 601.19  3015  2296 2532 
 601.22  3020  2364 2251.25 
 601.29  3025  2431 3952.5 
 601.32  3030  2499 6106.75 
 601.38  3035  2566 7173.75 
 601.44  3040  2634 6865.75 
 601.47  3045  2702 8853.75 
 601.54  3050  2770 11819.75 
 601.57  3055  2838 12101.5 
 601.64  3060  2906 11663.25 
 601.67  3065  2975 13699.75 
 601.74  3070  3043 17988.75 
 601.77  3075  3112 20925.25 
 601.84  3080  3180 21935 
 601.89  3085  3249 24252 
 601.92  3090  3318 21291.75 
 601.98  3095  3387 22630.75 
 602.04  3100  3456 22585.75 
 602.07  3105  3525 34982.25 
 602.13  3110  3594 41487.5 
 602.19  3115  3664 39688.75 
 602.22  3120  3733 36874.75 
 602.29  3125  3803 41728.5 
 602.32  3130  3873 43000.5 
 602.39  3135  3943 42831 
 602.42  3140  4013 48427 
 602.49  3145  4083 40340.75 
 602.52  3150  4153 49934 
 602.59  3155  4223 42702.25 
 602.62  3160  4294 34585 
 602.68  3165  4364 45224.75 
 602.74  3170  4435 53714.25 
 602.77  3175  4506 53864.25 
 602.84  3180  4576 39312.5 
 602.89  3185  4647 43858.5 
 602.92  3190  4718 47105 
 602.99  3195  4790 39888.5 
 603.02  3200  4861 45425.5 
 603.09  3205  4932 49094.25 
 603.14  3210  5004 38885.25 
 603.17  3215  5076 35216.75 
 603.24  3220  5147 37464.5 
 603.28  3225  5219 29814.5 
 603.34  3230  5291 26706.75 
 603.37  3235  5363 28176.75 
 603.44  3240  5436 29888.25 
 603.47  3245  5508 28264.75 
 603.54  3250  5580 23971.25 
 603.74  3255  3743 23317.75 
 603.85  3260  3817 27033.75 
 603.89  3265  3890 26373.25 
 603.95  3270  3963 26558.75 
 603.99  3275  4037 25595.5 
 604.06  3280  4110 23990.25 
 604.09  3285  4184 23631.5 
 604.15  3290  4258 27235.75 
 604.19  3295  4332 30539 
 604.25  3300  4406 30941 
 604.3  3305  4481 25533.75 
 604.36  3310  4555 26026.75 
 604.39  3315  4630 25849.25 
 604.46  3320  4704 26827.5 
 604.49  3325  4779 26295.75 
 604.55  3330  4854 26139 
 604.61  3335  4929 24119.75 
 604.64  3340  5005 24717.25 
 604.71  3345  5080 27414.75 
 604.74  3350  5155 25561 
 604.81  3355  5231 28695.5 
 604.84  3360  5307 19594.5 
 604.9  3365  5383 23985.75 
 604.95  3370  5459 19530 
 604.99  3375  5535 24608.5 
 605.05  3380  5611 22993 
 605.09  3385  5688 25663 
 605.16  3390  5764 25062.25 
 605.19  3395  5841 24399 
 605.26  3400  5918 28955.25 
 605.29  3405  5995 25708.5 
 605.36  3410  6072 24594.5 
 605.39  3415  6149 22632.5 
 605.45  3420  6226 26563.25 
 605.51  3425  6304 24570.25 
 605.54  3430  6381 26716 
 605.6  3435  6459 24840 
 605.65  3440  6537 17832.75 
 605.69  3445  6615 18537.5 
 605.76  3450  6693 24038.25 
 605.79  3455  6771 24172 
 605.86  3460  6850 20489.5 
 605.89  3465  6928 23069.5 
 605.95  3470  7007 24411.25 
 606  3475  7086 19413.5 
 606.05  3480  7165 22336.75 
 606.09  3485  7244 22195.75 
 606.15  3490  7323 19961.75 
 606.2  3495  7402 19988.5 
 606.26  3500  7482 24464 
 606.29  3505  7561 25148 
 606.35  3510  7641 22333.5 
 606.4  3515  7721 21637.5 
 606.44  3520  7801 22647 
 606.5  3525  7881 17552.5 
 606.55  3530  7961 22136 
 606.61  3535  8042 23332.75 
 606.64  3540  8122 23774 
 606.7  3545  8203 24074 
 606.76  3550  8283 23575.5 
 606.79  3555  8364 21137.25 
 606.85  3560  8445 21907.75 
 606.89  3565  8527 17822 
 606.96  3570  8608 15324.25 
 606.99  3575  8689 18505.75 
 607.06  3580  8771 13662.25 
 607.09  3585  8853 12101 
 607.15  3590  8934 17388.75 
 607.21  3595  9016 20965.5 
 607.24  3600  9099 21436.25 
 607.3  3605  9181 16580.5 
 607.36  3610  9263 15411.75 
 607.39  3615  9346 17135 
 607.45  3620  9428 14740.5 
 607.5  3625  9511 20278 
 607.54  3630  9594 16380.75 
end
uaIntegration time is 0.2294 seconds per sampledt  3.3E-08 cy 1dh220619El Arenosillo 37.1 6.73 3.394313pr1000dark 1.4 
 660.01  2900  777 57 
 660.08  2905  842 55.75 
 660.13  2910  907 60.25 
 660.18  2915  972 62 
 660.23  2920  1037 65.25 
 660.28  2925  1102 67 
 660.33  2930  1168 73 
 660.38  2935  1233 76.5 
 660.43  2940  1299 85.75 
 660.48  2945  1365 96.5 
 660.53  2950  1431 132.75 
 660.58  2955  1497 177.25 
 660.63  2960  1563 247.75 
 660.68  2965  1629 268.75 
 660.73  2970  1695 336 
 660.78  2975  1761 617 
 660.83  2980  1828 705 
 660.88  2985  1894 725.75 
 660.93  2990  1961 1248.25 
 660.98  2995  2028 1627.5 
 661.03  3000  2095 1584.25 
 661.08  3005  2162 2080.75 
 661.13  3010  2229 3156.5 
 661.18  3015  2296 3987 
 661.23  3020  2364 3486 
 661.28  3025  2431 5960.25 
 661.33  3030  2499 9074.75 
 661.38  3035  2566 10496 
 661.43  3040  2634 9984.25 
 661.48  3045  2702 12709.75 
 661.53  3050  2770 16550.5 
 661.58  3055  2838 17020.75 
 661.63  3060  2906 16153 
 661.68  3065  2975 18839 
 661.73  3070  3043 24253.5 
 661.78  3075  3112 27955.5 
 661.83  3080  3180 29100 
 661.88  3085  3249 32040.25 
 661.93  3090  3318 27815.75 
 661.98  3095  3387 29182 
 662.03  3100  3456 28994 
 662.08  3105  3525 44426.5 
 662.13  3110  3594 52719.75 
 662.18  3115  3664 50402.5 
 662.23  3120  3733 46122.25 
 662.28  3125  3803 51689 
 662.33  3130  3873 53129 
 662.38  3135  3943 52846.75 
 662.43  3140  4013 59217.25 
 662.48  3145  4083 48719 
 662.53  3150  4153 60509 
 662.58  3155  4223 52155.75 
 662.63  3160  4294 41770.5 
 662.68  3165  4364 54450 
 662.73  3170  4435 64633.25 
 662.78  3175  4506 65266.25 
 662.83  3180  4576 47501.5 
 662.88  3185  4647 52423.25 
 662.93  3190  4718 56230.75 
 662.98  3195  4790 47787.5 
 663.03  3200  4861 54235.25 
 663.08  3205  4932 58313 
 663.13  3210  5004 46093 
 663.18  3215  5076 41439.25 
 663.23  3220  5147 44335.5 
 663.28  3225  5219 35456 
 663.33  3230  5291 31422 
 663.38  3235  5363 33051.5 
 663.43  3240  5436 34818.75 
 663.48  3245  5508 33189.5 
 663.53  3250  5580 28341.75 
 663.74  3255  3743 27342.75 
 663.85  3260  3817 31423 
 663.9  3265  3890 30542 
 663.95  3270  3963 30759.5 
 664  3275  4037 29806.5 
 664.05  3280  4110 27960.5 
 664.1  3285  4184 27516 
 664.15  3290  4258 31436 
 664.2  3295  4332 35307 
 664.25  3300  4406 35921.75 
 664.3  3305  4481 29736.75 
 664.35  3310  4555 30228 
 664.4  3315  4630 29902.25 
 664.45  3320  4704 31140.75 
 664.5  3325  4779 30347.25 
 664.55  3330  4854 30261.75 
 664.6  3335  4929 27961 
 664.65  3340  5005 28566 
 664.7  3345  5080 31650.5 
 664.75  3350  5155 29531.5 
 664.8  3355  5231 33072 
 664.85  3360  5307 22664.5 
 664.9  3365  5383 27578.75 
 664.95  3370  5459 22482.75 
 665  3375  5535 28248.5 
 665.05  3380  5611 26483.5 
 665.1  3385  5688 29536.75 
 665.15  3390  5764 28873.75 
 665.2  3395  5841 28034.25 
 665.25  3400  5918 33358.5 
 665.3  3405  5995 29505.25 
 665.35  3410  6072 28327.25 
 665.4  3415  6149 26019.75 
 665.45  3420  6226 30582.75 
 665.5  3425  6304 28366.75 
 665.55  3430  6381 30793.25 
 665.6  3435  6459 28734.25 
 665.65  3440  6537 20704.5 
 665.7  3445  6615 21484 
 665.75  3450  6693 27780.25 
 665.8  3455  6771 27921.25 
 665.85  3460  6850 23631.25 
 665.9  3465  6928 26480.25 
 665.95  3470  7007 28251 
 666  3475  7086 22269.5 
 666.05  3480  7165 25738.25 
 666.1  3485  7244 25367.75 
 666.15  3490  7323 22867.25 
 666.2  3495  7402 22866.75 
 666.25  3500  7482 28046 
 666.3  3505  7561 28892.5 
 666.35  3510  7641 25545.25 
 666.4  3515  7721 24835.25 
 666.45  3520  7801 25885 
 666.5  3525  7881 20101.25 
 666.55  3530  7961 25378 
 666.6  3535  8042 26598.5 
 666.65  3540  8122 27183.5 
 666.7  3545  8203 27478.25 
 666.75  3550  8283 26953.75 
 666.8  3555  8364 24112 
 666.85  3560  8445 25040.25 
 666.9  3565  8527 20474.75 
 666.95  3570  8608 17539.5 
 667  3575  8689 21072 
 667.05  3580  8771 15527 
 667.1  3585  8853 13772.75 
 667.15  3590  8934 19741.5 
 667.2  3595  9016 23792.75 
 667.25  3600  9099 24316 
 667.3  3605  9181 18719.25 
 667.35  3610  9263 17377.5 
 667.4  3615  9346 19372.25 
 667.45  3620  9428 16585.75 
 667.5  3625  9511 22851.25 
 667.55  3630  9594 18317.25 
end
uxIntegration time is 0.2294 seconds per sampledt  3.3E-08 cy 1dh220619El Arenosillo 37.1 6.73 3.447962pr1000dark 1.45 
 715.95  2900  777 68.25 
 715.98  2905  842 65.25 
 716.01  2910  907 68.75 
 716.04  2915  972 69.25 
 716.07  2920  1037 69.25 
 716.1  2925  1102 79 
 716.13  2930  1168 86.25 
 716.16  2935  1233 98.25 
 716.19  2940  1299 109.25 
 716.22  2945  1365 127.5 
 716.25  2950  1431 165.75 
 716.28  2955  1497 233 
 716.31  2960  1563 332.5 
 716.34  2965  1629 348 
 716.37  2970  1695 446.5 
 716.4  2975  1761 837.5 
 716.43  2980  1828 953.5 
 716.47  2985  1894 925 
 716.5  2990  1961 1648 
 716.53  2995  2028 2101.25 
 716.55  3000  2095 2035.5 
 716.57  3005  2162 2641 
 716.59  3010  2229 3873 
 716.62  3015  2296 5010 
 716.64  3020  2364 4293.5 
 716.66  3025  2431 7290 
 716.68  3030  2499 10924.5 
 716.71  3035  2566 12839.5 
 716.73  3040  2634 12021.5 
 716.75  3045  2702 14982 
 716.78  3050  2770 19343 
 716.8  3055  2838 20006.5 
 716.82  3060  2906 18769 
 716.85  3065  2975 21845 
 716.87  3070  3043 27756.5 
 716.89  3075  3112 31866.5 
 716.91  3080  3180 33278.5 
 716.94  3085  3249 36306 
 716.96  3090  3318 31946 
 716.98  3095  3387 32968 
 717.01  3100  3456 32582 
 717.03  3105  3525 49404 
 717.05  3110  3594 59028.5 
 717.07  3115  3664 56383.5 
 717.1  3120  3733 51237.5 
 717.12  3125  3803 57518.5 
 717.14  3130  3873 59049 
 717.17  3135  3943 58946.5 
 717.19  3140  4013 66230.5 
 717.21  3145  4083 53914 
 717.24  3150  4153 66727.5 
 717.26  3155  4223 58021.5 
 717.28  3160  4294 46024 
 717.31  3165  4364 59559.5 
 717.33  3170  4435 70547.5 
 717.35  3175  4506 71718 
 717.37  3180  4576 52268 
 717.4  3185  4647 56526 
 717.42  3190  4718 61320.5 
 717.44  3195  4790 51780 
 717.47  3200  4861 59182 
 717.49  3205  4932 63506 
 717.51  3210  5004 50406 
 717.54  3215  5076 44871.5 
 717.56  3220  5147 48363.5 
 717.58  3225  5219 38836 
 717.61  3230  5291 34088 
 717.63  3235  5363 35713 
 717.65  3240  5436 37763 
 717.68  3245  5508 36122.5 
 717.7  3250  5580 30782 
 717.89  3255  3743 29512.5 
 717.91  3260  3817 34260.5 
 717.93  3265  3890 33086 
 717.96  3270  3963 33534 
 717.98  3275  4037 32329 
 718  3280  4110 30291 
 718.03  3285  4184 29720.5 
 718.05  3290  4258 33849.5 
 718.07  3295  4332 38194 
 718.1  3300  4406 38820.5 
 718.12  3305  4481 32134 
 718.14  3310  4555 32610.5 
 718.17  3315  4630 32252 
 718.19  3320  4704 33495.5 
 718.21  3325  4779 32541 
 718.24  3330  4854 32650.5 
 718.26  3335  4929 30324 
 718.28  3340  5005 30797.5 
 718.31  3345  5080 34269.5 
 718.33  3350  5155 31867.5 
 718.36  3355  5231 35793 
 718.38  3360  5307 24684 
 718.4  3365  5383 29808.5 
 718.42  3370  5459 24361 
 718.45  3375  5535 30335 
 718.47  3380  5611 28698 
 718.49  3385  5688 31863 
 718.52  3390  5764 31420 
 718.54  3395  5841 30068.5 
 718.57  3400  5918 35983 
 718.59  3405  5995 31900.5 
 718.61  3410  6072 30500.5 
 718.64  3415  6149 27937.5 
 718.66  3420  6226 32970.5 
 718.68  3425  6304 30364 
 718.71  3430  6381 33174.5 
 718.73  3435  6459 30996 
 718.75  3440  6537 22649 
 718.78  3445  6615 22850 
 718.8  3450  6693 29902 
 718.82  3455  6771 30226.5 
 718.85  3460  6850 25381 
 718.87  3465  6928 28522 
 718.89  3470  7007 30291 
 718.92  3475  7086 24079 
 718.94  3480  7165 27711.5 
 718.97  3485  7244 27227 
 718.99  3490  7323 24590.5 
 719.01  3495  7402 24499.5 
 719.04  3500  7482 30028.5 
 719.06  3505  7561 31185 
 719.08  3510  7641 27706 
 719.11  3515  7721 26587.5 
 719.13  3520  7801 28083.5 
 719.15  3525  7881 21725 
 719.18  3530  7961 27201.5 
 719.2  3535  8042 28835 
 719.22  3540  8122 29483.5 
 719.25  3545  8203 29542.5 
 719.27  3550  8283 29231.5 
 719.3  3555  8364 25981.5 
 719.32  3560  8445 26987 
 719.34  3565  8527 22157.5 
 719.37  3570  8608 18805 
 719.39  3575  8689 22846.5 
 719.41  3580  8771 16897 
 719.44  3585  8853 14885.5 
 719.46  3590  8934 21052.5 
 719.48  3595  9016 25757 
 719.51  3600  9099 26389.5 
 719.53  3605  9181 20507.5 
 719.55  3610  9263 18930 
 719.58  3615  9346 21268.5 
 719.6  3620  9428 18025.5 
 719.62  3625  9511 24825 
 719.65  3630  9594 20308.5 
end
uxIntegration time is 0.2294 seconds per sampledt  3.3E-08 cy 1dh220619El Arenosillo 37.1 6.73 3.394313pr1000dark 1.35 
 720.64  2900  777 69.75 
 720.67  2905  842 69.5 
 720.71  2910  907 71 
 720.74  2915  972 65.75 
 720.77  2920  1037 73.75 
 720.8  2925  1102 75.5 
 720.83  2930  1168 85.25 
 720.86  2935  1233 95.5 
 720.89  2940  1299 104 
 720.92  2945  1365 129 
 720.95  2950  1431 170.75 
 720.98  2955  1497 242.25 
 721.01  2960  1563 334 
 721.04  2965  1629 356 
 721.07  2970  1695 449.75 
 721.1  2975  1761 842.75 
 721.13  2980  1828 966.5 
 721.16  2985  1894 949.75 
 721.19  2990  1961 1665 
 721.22  2995  2028 2121.25 
 721.25  3000  2095 2048.5 
 721.27  3005  2162 2678 
 721.29  3010  2229 3995.5 
 721.32  3015  2296 5030 
 721.34  3020  2364 4316 
 721.36  3025  2431 7425 
 721.38  3030  2499 11067 
 721.41  3035  2566 12867.5 
 721.43  3040  2634 12129.5 
 721.45  3045  2702 15405 
 721.47  3050  2770 19621.5 
 721.5  3055  2838 20177 
 721.52  3060  2906 18949.5 
 721.54  3065  2975 22084 
 721.57  3070  3043 28025.5 
 721.59  3075  3112 32161.5 
 721.61  3080  3180 33426.5 
 721.63  3085  3249 36702 
 721.66  3090  3318 31986 
 721.68  3095  3387 33150.5 
 721.7  3100  3456 32742.5 
 721.73  3105  3525 50102 
 721.75  3110  3594 59457.5 
 721.77  3115  3664 56669 
 721.79  3120  3733 51490.5 
 721.82  3125  3803 57492 
 721.84  3130  3873 59202.5 
 721.86  3135  3943 58844.5 
 721.89  3140  4013 66079 
 721.91  3145  4083 53895.5 
 721.93  3150  4153 66487 
 721.96  3155  4223 57522.5 
 721.98  3160  4294 45793.5 
 722  3165  4364 59403.5 
 722.02  3170  4435 70312 
 722.05  3175  4506 71162 
 722.07  3180  4576 51721 
 722.09  3185  4647 56747.5 
 722.12  3190  4718 61347 
 722.14  3195  4790 51872 
 722.16  3200  4861 58671.5 
 722.18  3205  4932 62915 
 722.21  3210  5004 49725.5 
 722.23  3215  5076 44425.5 
 722.25  3220  5147 47610 
 722.28  3225  5219 37989 
 722.3  3230  5291 33472 
 722.32  3235  5363 35045.5 
 722.35  3240  5436 36897 
 722.37  3245  5508 35389.5 
 722.39  3250  5580 30025.5 
 722.58  3255  3743 28978.5 
 722.61  3260  3817 33455.5 
 722.63  3265  3890 32452.5 
 722.65  3270  3963 32749 
 722.68  3275  4037 31755.5 
 722.7  3280  4110 29796 
 722.72  3285  4184 29224.5 
 722.75  3290  4258 33286 
 722.77  3295  4332 37162.5 
 722.79  3300  4406 37749.5 
 722.82  3305  4481 31228.5 
 722.84  3310  4555 31673.5 
 722.86  3315  4630 31381.5 
 722.89  3320  4704 32564.5 
 722.91  3325  4779 31650 
 722.93  3330  4854 31438.5 
 722.96  3335  4929 29164.5 
 722.98  3340  5005 29887 
 723  3345  5080 33158.5 
 723.03  3350  5155 30850 
 723.05  3355  5231 34707.5 
 723.07  3360  5307 23743.5 
 723.1  3365  5383 28971.5 
 723.12  3370  5459 23710.5 
 723.14  3375  5535 29677.5 
 723.17  3380  5611 27811.5 
 723.19  3385  5688 30950.5 
 723.21  3390  5764 30350 
 723.24  3395  5841 29231 
 723.26  3400  5918 34944.5 
 723.29  3405  5995 30951.5 
 723.31  3410  6072 29655.5 
 723.33  3415  6149 27194 
 723.35  3420  6226 32257.5 
 723.38  3425  6304 29756.5 
 723.4  3430  6381 32277.5 
 723.42  3435  6459 30161.5 
 723.45  3440  6537 21920 
 723.47  3445  6615 22385.5 
 723.5  3450  6693 29229 
 723.52  3455  6771 29456.5 
 723.54  3460  6850 24833 
 723.57  3465  6928 27896 
 723.59  3470  7007 29547 
 723.61  3475  7086 23441 
 723.64  3480  7165 27172.5 
 723.66  3485  7244 26832 
 723.68  3490  7323 24224.5 
 723.71  3495  7402 24158.5 
 723.73  3500  7482 29503 
 723.75  3505  7561 30482 
 723.78  3510  7641 26881.5 
 723.8  3515  7721 26129.5 
 723.83  3520  7801 27422 
 723.85  3525  7881 21201 
 723.87  3530  7961 26872.5 
 723.9  3535  8042 28180.5 
 723.92  3540  8122 28795.5 
 723.94  3545  8203 29150 
 723.97  3550  8283 28698 
 723.99  3555  8364 25492 
 724.01  3560  8445 26505 
 724.04  3565  8527 21770.5 
 724.06  3570  8608 18460.5 
 724.09  3575  8689 22381 
 724.11  3580  8771 16666.5 
 724.13  3585  8853 14741 
 724.16  3590  8934 21000 
 724.18  3595  9016 25363 
 724.2  3600  9099 26055.5 
 724.23  3605  9181 20205 
 724.25  3610  9263 18663.5 
 724.27  3615  9346 20909.5 
 724.3  3620  9428 17922 
 724.32  3625  9511 24663.5 
 724.35  3630  9594 19983 
end
uxIntegration time is 0.2294 seconds per sampledt  3.3E-08 cy 1dh220619El Arenosillo 37.1 6.73 3.447962pr1000dark 1.7 
 778.58  2900  777 63 
 778.61  2905  842 67.5 
 778.64  2910  907 63.25 
 778.67  2915  972 73 
 778.7  2920  1037 70.5 
 778.73  2925  1102 79.75 
 778.76  2930  1168 82.5 
 778.79  2935  1233 91.25 
 778.82  2940  1299 105.5 
 778.85  2945  1365 123.25 
 778.88  2950  1431 160.25 
 778.91  2955  1497 228 
 778.94  2960  1563 324 
 778.97  2965  1629 339.75 
 779  2970  1695 429.25 
 779.03  2975  1761 803.5 
 779.07  2980  1828 920.5 
 779.1  2985  1894 915.5 
 779.13  2990  1961 1586.75 
 779.16  2995  2028 2040.75 
 779.18  3000  2095 1977 
 779.2  3005  2162 2569 
 779.22  3010  2229 3858.5 
 779.25  3015  2296 4887 
 779.27  3020  2364 4178.5 
 779.29  3025  2431 7097 
 779.32  3030  2499 10765 
 779.34  3035  2566 12443.5 
 779.36  3040  2634 11740.5 
 779.39  3045  2702 14881.5 
 779.41  3050  2770 19046 
 779.43  3055  2838 19643.5 
 779.45  3060  2906 18304 
 779.48  3065  2975 21503.5 
 779.5  3070  3043 27387.5 
 779.52  3075  3112 31489 
 779.55  3080  3180 32701 
 779.57  3085  3249 35851.5 
 779.59  3090  3318 31417 
 779.61  3095  3387 32398.5 
 779.64  3100  3456 32070 
 779.66  3105  3525 48746 
 779.68  3110  3594 58209 
 779.71  3115  3664 55551 
 779.73  3120  3733 50605 
 779.75  3125  3803 56503 
 779.78  3130  3873 58269.5 
 779.8  3135  3943 58047.5 
 779.82  3140  4013 65282.5 
 779.85  3145  4083 53264.5 
 779.87  3150  4153 65815 
 779.89  3155  4223 57252 
 779.91  3160  4294 45480 
 779.94  3165  4364 58909.5 
 779.96  3170  4435 69613.5 
 779.98  3175  4506 70655 
 780.01  3180  4576 51365 
 780.03  3185  4647 56145.5 
 780.05  3190  4718 60785 
 780.08  3195  4790 51323.5 
 780.1  3200  4861 58554 
 780.12  3205  4932 62709.5 
 780.14  3210  5004 49976.5 
 780.17  3215  5076 44404 
 780.19  3220  5147 47838 
 780.21  3225  5219 38398.5 
 780.24  3230  5291 33819 
 780.26  3235  5363 35413.5 
 780.28  3240  5436 37313 
 780.31  3245  5508 35679.5 
 780.33  3250  5580 30302 
 780.52  3255  3743 29262 
 780.54  3260  3817 33803.5 
 780.57  3265  3890 32891 
 780.59  3270  3963 33069.5 
 780.61  3275  4037 32000.5 
 780.64  3280  4110 30063.5 
 780.66  3285  4184 29639.5 
 780.68  3290  4258 33471 
 780.71  3295  4332 37674 
 780.73  3300  4406 38275.5 
 780.75  3305  4481 31659 
 780.78  3310  4555 32052 
 780.8  3315  4630 31777.5 
 780.82  3320  4704 32969 
 780.85  3325  4779 32089 
 780.87  3330  4854 32053 
 780.89  3335  4929 29917.5 
 780.92  3340  5005 30294 
 780.94  3345  5080 33675 
 780.96  3350  5155 31428.5 
 780.99  3355  5231 35354.5 
 781.01  3360  5307 24278.5 
 781.03  3365  5383 29453 
 781.06  3370  5459 23915 
 781.08  3375  5535 30045 
 781.1  3380  5611 28176.5 
 781.13  3385  5688 31491.5 
 781.15  3390  5764 30966 
 781.17  3395  5841 29805 
 781.2  3400  5918 35589 
 781.22  3405  5995 31412 
 781.24  3410  6072 30023.5 
 781.27  3415  6149 27588.5 
 781.29  3420  6226 32686 
 781.31  3425  6304 30059.5 
 781.34  3430  6381 32737.5 
 781.36  3435  6459 30529 
 781.38  3440  6537 22218 
 781.41  3445  6615 22589.5 
 781.43  3450  6693 29463.5 
 781.45  3455  6771 29751.5 
 781.48  3460  6850 25070.5 
 781.5  3465  6928 28058.5 
 781.53  3470  7007 29625.5 
 781.55  3475  7086 23550.5 
 781.57  3480  7165 27152 
 781.6  3485  7244 26779 
 781.62  3490  7323 24235 
 781.64  3495  7402 24108 
 781.67  3500  7482 29391 
 781.69  3505  7561 30581.5 
 781.71  3510  7641 27143.5 
 781.74  3515  7721 25950.5 
 781.76  3520  7801 27299.5 
 781.78  3525  7881 21127.5 
 781.81  3530  7961 26577.5 
 781.83  3535  8042 27989.5 
 781.85  3540  8122 28604.5 
 781.88  3545  8203 28814.5 
 781.9  3550  8283 28268 
 781.93  3555  8364 25315 
 781.95  3560  8445 26283.5 
 781.97  3565  8527 21480.5 
 782  3570  8608 18350 
 782.02  3575  8689 22097.5 
 782.04  3580  8771 16476.5 
 782.07  3585  8853 14421.5 
 782.09  3590  8934 20551 
 782.11  3595  9016 24987 
 782.14  3600  9099 25654.5 
 782.16  3605  9181 19886.5 
 782.18  3610  9263 18371 
 782.21  3615  9346 20538.5 
 782.23  3620  9428 17432.5 
 782.26  3625  9511 24102.5 
 782.28  3630  9594 19644.5 
end
uxIntegration time is 0.2294 seconds per sampledt  3.3E-08 cy 1dh220619El Arenosillo 37.1 6.73 3.447962pr1000dark 1.5 
 838.13  2900  777 57 
 838.16  2905  842 63.25 
 838.19  2910  907 59 
 838.22  2915  972 59.25 
 838.25  2920  1037 64.25 
 838.28  2925  1102 66.75 
 838.31  2930  1168 69.75 
 838.34  2935  1233 81.5 
 838.37  2940  1299 92 
 838.4  2945  1365 98.5 
 838.43  2950  1431 123.75 
 838.46  2955  1497 171 
 838.49  2960  1563 243.25 
 838.52  2965  1629 253.5 
 838.55  2970  1695 318.75 
 838.58  2975  1761 608.75 
 838.61  2980  1828 685 
 838.64  2985  1894 713.5 
 838.67  2990  1961 1253.25 
 838.7  2995  2028 1603 
 838.73  3000  2095 1568 
 838.75  3005  2162 2032 
 838.77  3010  2229 3065 
 838.8  3015  2296 3915.5 
 838.82  3020  2364 3389 
 838.84  3025  2431 5910 
 838.86  3030  2499 8950.5 
 838.89  3035  2566 10358.5 
 838.91  3040  2634 9846.5 
 838.93  3045  2702 12570 
 838.96  3050  2770 16222.5 
 838.98  3055  2838 16641.5 
 839  3060  2906 15978 
 839.02  3065  2975 18456.5 
 839.05  3070  3043 23885 
 839.07  3075  3112 27621 
 839.09  3080  3180 28771.5 
 839.11  3085  3249 31592 
 839.14  3090  3318 27532.5 
 839.16  3095  3387 28808.5 
 839.18  3100  3456 28457.5 
 839.21  3105  3525 43755.5 
 839.23  3110  3594 52058.5 
 839.25  3115  3664 49546 
 839.27  3120  3733 45410 
 839.3  3125  3803 51158.5 
 839.32  3130  3873 52648.5 
 839.34  3135  3943 52652 
 839.37  3140  4013 59085.5 
 839.39  3145  4083 48645 
 839.41  3150  4153 60073 
 839.44  3155  4223 51703 
 839.46  3160  4294 41660 
 839.48  3165  4364 53882.5 
 839.5  3170  4435 64116.5 
 839.53  3175  4506 64290.5 
 839.55  3180  4576 46916 
 839.57  3185  4647 51821.5 
 839.6  3190  4718 55697.5 
 839.62  3195  4790 47131 
 839.64  3200  4861 53652.5 
 839.67  3205  4932 57696 
 839.69  3210  5004 45561.5 
 839.71  3215  5076 41138 
 839.73  3220  5147 43952.5 
 839.76  3225  5219 35144 
 839.78  3230  5291 31244 
 839.8  3235  5363 32754 
 839.83  3240  5436 34640 
 839.85  3245  5508 33120.5 
 839.87  3250  5580 27989.5 
 840.06  3255  3743 27309.5 
 840.09  3260  3817 31370.5 
 840.11  3265  3890 30512 
 840.13  3270  3963 30611 
 840.16  3275  4037 29597 
 840.18  3280  4110 27732 
 840.2  3285  4184 27307 
 840.23  3290  4258 31358.5 
 840.25  3295  4332 34947 
 840.27  3300  4406 35460 
 840.3  3305  4481 29303 
 840.32  3310  4555 29964.5 
 840.34  3315  4630 29596 
 840.37  3320  4704 30757.5 
 840.39  3325  4779 30073.5 
 840.41  3330  4854 29941.5 
 840.44  3335  4929 27636.5 
 840.46  3340  5005 28430 
 840.48  3345  5080 31340 
 840.51  3350  5155 29195.5 
 840.53  3355  5231 32876 
 840.55  3360  5307 22337.5 
 840.58  3365  5383 27455.5 
 840.6  3370  5459 22309.5 
 840.62  3375  5535 28057 
 840.65  3380  5611 26234 
 840.67  3385  5688 29348 
 840.69  3390  5764 28710 
 840.72  3395  5841 27787.5 
 840.74  3400  5918 33037 
 840.77  3405  5995 29240.5 
 840.79  3410  6072 27933.5 
 840.81  3415  6149 25729.5 
 840.84  3420  6226 30365 
 840.86  3425  6304 28105.5 
 840.88  3430  6381 30467 
 840.91  3435  6459 28447 
 840.93  3440  6537 20422 
 840.95  3445  6615 21135.5 
 840.98  3450  6693 27472.5 
 841  3455  6771 27559 
 841.02  3460  6850 23395.5 
 841.05  3465  6928 26155 
 841.07  3470  7007 27660 
 841.09  3475  7086 22095 
 841.12  3480  7165 25527.5 
 841.14  3485  7244 25080 
 841.17  3490  7323 22624.5 
 841.19  3495  7402 22568.5 
 841.21  3500  7482 27677.5 
 841.24  3505  7561 28591.5 
 841.26  3510  7641 25231 
 841.28  3515  7721 24461 
 841.31  3520  7801 25541 
 841.33  3525  7881 19895 
 841.35  3530  7961 25062 
 841.38  3535  8042 26376 
 841.4  3540  8122 26837.5 
 841.43  3545  8203 27296.5 
 841.45  3550  8283 26541.5 
 841.47  3555  8364 23880 
 841.5  3560  8445 24671 
 841.52  3565  8527 20118.5 
 841.55  3570  8608 17191 
 841.57  3575  8689 20887 
 841.59  3580  8771 15425 
 841.62  3585  8853 13643 
 841.64  3590  8934 19583.5 
 841.66  3595  9016 23620.5 
 841.69  3600  9099 24136 
 841.71  3605  9181 18664.5 
 841.73  3610  9263 17323 
 841.76  3615  9346 19319.5 
 841.78  3620  9428 16491.5 
 841.8  3625  9511 22753 
 841.83  3630  9594 18419.5 
end
uxIntegration time is 0.2294 seconds per sampledt  3.3E-08 cy 1dh220619El Arenosillo 37.1 6.73 3.447962pr1000dark 1.6 
 898.09  2900  777 47 
 898.12  2905  842 47.25 
 898.15  2910  907 46.25 
 898.18  2915  972 47.75 
 898.21  2920  1037 49 
 898.24  2925  1102 51.75 
 898.27  2930  1168 55.5 
 898.3  2935  1233 58 
 898.33  2940  1299 60.75 
 898.36  2945  1365 63 
 898.39  2950  1431 74.75 
 898.42  2955  1497 95 
 898.46  2960  1563 128.75 
 898.49  2965  1629 137.75 
 898.52  2970  1695 176.25 
 898.55  2975  1761 319.25 
 898.58  2980  1828 354 
 898.61  2985  1894 385.75 
 898.64  2990  1961 658 
 898.67  2995  2028 871 
 898.69  3000  2095 878.5 
 898.71  3005  2162 1188 
 898.74  3010  2229 1824.5 
 898.76  3015  2296 2388.5 
 898.78  3020  2364 2097.5 
 898.8  3025  2431 3718.5 
 898.83  3030  2499 5673 
 898.85  3035  2566 6748.5 
 898.87  3040  2634 6422 
 898.9  3045  2702 8380.5 
 898.92  3050  2770 11100 
 898.94  3055  2838 11471.5 
 898.96  3060  2906 10961.5 
 899.01  3065  2975 13076.5 
 899.03  3070  3043 17119 
 899.06  3075  3112 19977 
 899.08  3080  3180 20840.5 
 899.1  3085  3249 23117.5 
 899.13  3090  3318 20328 
 899.15  3095  3387 21653 
 899.17  3100  3456 21649.5 
 899.19  3105  3525 33340.5 
 899.22  3110  3594 39801.5 
 899.24  3115  3664 38116.5 
 899.26  3120  3733 35303.5 
 899.28  3125  3803 40054.5 
 899.31  3130  3873 41219 
 899.33  3135  3943 41226.5 
 899.35  3140  4013 46572.5 
 899.38  3145  4083 38825.5 
 899.4  3150  4153 48122.5 
 899.42  3155  4223 41372 
 899.45  3160  4294 33364.5 
 899.47  3165  4364 43719.5 
 899.49  3170  4435 51848.5 
 899.51  3175  4506 52045 
 899.54  3180  4576 38011 
 899.56  3185  4647 42460 
 899.58  3190  4718 45659 
 899.61  3195  4790 38529 
 899.63  3200  4861 44002 
 899.65  3205  4932 47502.5 
 899.68  3210  5004 37946.5 
 899.7  3215  5076 34189 
 899.72  3220  5147 36259 
 899.75  3225  5219 28901 
 899.77  3230  5291 25813 
 899.79  3235  5363 27311.5 
 899.82  3240  5436 28825.5 
 899.84  3245  5508 27462.5 
 899.86  3250  5580 23244 
 900.05  3255  3743 22598.5 
 900.07  3260  3817 26114 
 900.1  3265  3890 25505.5 
 900.12  3270  3963 25655 
 900.14  3275  4037 24768 
 900.17  3280  4110 22978.5 
 900.19  3285  4184 22768.5 
 900.22  3290  4258 26230.5 
 900.24  3295  4332 29482 
 900.26  3300  4406 29906 
 900.28  3305  4481 24600 
 900.31  3310  4555 25056.5 
 900.35  3315  4630 24832.5 
 900.38  3320  4704 25807 
 900.4  3325  4779 25218 
 900.43  3330  4854 25233 
 900.45  3335  4929 23225.5 
 900.47  3340  5005 23769 
 900.49  3345  5080 26307.5 
 900.52  3350  5155 24618.5 
 900.54  3355  5231 27662.5 
 900.57  3360  5307 18952 
 900.59  3365  5383 23032.5 
 900.61  3370  5459 18748 
 900.66  3375  5535 23562 
 900.68  3380  5611 21974 
 900.71  3385  5688 24582.5 
 900.73  3390  5764 24086 
 900.75  3395  5841 23325 
 900.78  3400  5918 27687 
 900.8  3405  5995 24576 
 900.82  3410  6072 23414 
 900.85  3415  6149 21671 
 900.87  3420  6226 25612 
 900.89  3425  6304 23671.5 
 900.92  3430  6381 25690 
 900.94  3435  6459 23840.5 
 900.96  3440  6537 17241 
 900.99  3445  6615 17866.5 
 901.01  3450  6693 23160 
 901.03  3455  6771 23313.5 
 901.06  3460  6850 19566 
 901.08  3465  6928 22021 
 901.11  3470  7007 23321 
 901.13  3475  7086 18451 
 901.15  3480  7165 21380.5 
 901.18  3485  7244 21215.5 
 901.2  3490  7323 19058 
 901.22  3495  7402 19067.5 
 901.25  3500  7482 23343 
 901.27  3505  7561 24012 
 901.29  3510  7641 21339.5 
 901.32  3515  7721 20652.5 
 901.34  3520  7801 21576.5 
 901.37  3525  7881 16815.5 
 901.39  3530  7961 21200 
 901.41  3535  8042 22229 
 901.44  3540  8122 22671 
 901.46  3545  8203 22875 
 901.48  3550  8283 22538.5 
 901.51  3555  8364 20100 
 901.53  3560  8445 20848 
 901.55  3565  8527 16990 
 901.58  3570  8608 14565 
 901.6  3575  8689 17558.5 
 901.62  3580  8771 13025 
 901.65  3585  8853 11497.5 
 901.67  3590  8934 16505.5 
 901.69  3595  9016 19838 
 901.72  3600  9099 20340.5 
 901.74  3605  9181 15701.5 
 901.77  3610  9263 14587 
 901.79  3615  9346 16264 
 901.81  3620  9428 13967 
 901.84  3625  9511 19144 
 901.86  3630  9594 15545 
end
uxIntegration time is 0.2294 seconds per sampledt  3.3E-08 cy 1dh220619El Arenosillo 37.1 6.73 3.126073pr1000dark .6 
 1160.87  2900  777 .5 
 1160.9  2905  842 1.25 
 1160.93  2910  907 1.25 
 1160.96  2915  972 1.75 
 1160.99  2920  1037 1.25 
 1161.02  2925  1102 .75 
 1161.05  2930  1168 1 
 1161.09  2935  1233 1.75 
 1161.12  2940  1299 1.75 
 1161.15  2945  1365 1.25 
 1161.18  2950  1431 1.25 
 1161.21  2955  1497 1.75 
 1161.24  2960  1563 1.5 
 1161.27  2965  1629 1.75 
 1161.3  2970  1695 1.5 
 1161.33  2975  1761 1.25 
 1161.36  2980  1828 2 
 1161.39  2985  1894 1.5 
 1161.42  2990  1961 2.25 
 1161.45  2995  2028 1.75 
 1161.47  3000  2095 2 
 1161.49  3005  2162 1.5 
 1161.52  3010  2229 3.5 
 1161.54  3015  2296 4 
 1161.56  3020  2364 3.5 
 1161.58  3025  2431 6 
 1161.61  3030  2499 8 
 1161.63  3035  2566 7.5 
 1161.65  3040  2634 10 
 1161.67  3045  2702 12 
 1161.7  3050  2770 15 
 1161.72  3055  2838 15 
 1161.74  3060  2906 14.5 
 1161.77  3065  2975 18.5 
 1161.79  3070  3043 28 
 1161.81  3075  3112 37 
 1161.83  3080  3180 36 
 1161.86  3085  3249 43.5 
 1161.88  3090  3318 41 
 1161.92  3095  3387 50 
 1161.94  3100  3456 51.5 
 1161.96  3105  3525 85 
 1161.99  3110  3594 108 
 1162.01  3115  3664 109.5 
 1162.03  3120  3733 115.5 
 1162.06  3125  3803 157.5 
 1162.08  3130  3873 171.5 
 1162.1  3135  3943 161.5 
 1162.12  3140  4013 216.5 
 1162.15  3145  4083 241 
 1162.17  3150  4153 311 
 1162.19  3155  4223 241 
 1162.21  3160  4294 219 
 1162.24  3165  4364 381.5 
 1162.26  3170  4435 448 
 1162.28  3175  4506 436.5 
 1162.31  3180  4576 365 
 1162.33  3185  4647 539 
 1162.35  3190  4718 658 
 1162.37  3195  4790 464.5 
 1162.4  3200  4861 528.5 
 1162.42  3205  4932 723.5 
 1162.44  3210  5004 722.5 
 1162.47  3215  5076 681 
 1162.49  3220  5147 586.5 
 1162.51  3225  5219 451 
 1162.54  3230  5291 511 
 1162.56  3235  5363 704 
 1162.58  3240  5436 782 
 1162.61  3245  5508 655.5 
 1162.63  3250  5580 490 
 1162.82  3255  3743 514.5 
 1162.84  3260  3817 701.5 
 1162.86  3265  3890 806 
 1162.88  3270  3963 807.5 
 1162.91  3275  4037 714 
 1162.93  3280  4110 586 
 1162.96  3285  4184 665.5 
 1162.98  3290  4258 902 
 1163  3295  4332 1054.5 
 1163.02  3300  4406 1041.5 
 1163.05  3305  4481 777.5 
 1163.07  3310  4555 767.5 
 1163.09  3315  4630 832.5 
 1163.12  3320  4704 935.5 
 1163.14  3325  4779 978 
 1163.16  3330  4854 936.5 
 1163.19  3335  4929 821.5 
 1163.21  3340  5005 827.5 
 1163.23  3345  5080 988.5 
 1163.26  3350  5155 980 
 1163.28  3355  5231 1105.5 
 1163.3  3360  5307 762.5 
 1163.33  3365  5383 881 
 1163.35  3370  5459 716.5 
 1163.37  3375  5535 880.5 
 1163.4  3380  5611 857.5 
 1163.42  3385  5688 1010 
 1163.44  3390  5764 979 
 1163.47  3395  5841 970.5 
 1163.49  3400  5918 1107 
 1163.51  3405  5995 961.5 
 1163.54  3410  6072 974.5 
 1163.56  3415  6149 931.5 
 1163.58  3420  6226 1055 
 1163.61  3425  6304 994 
 1163.63  3430  6381 1049.5 
 1163.65  3435  6459 976 
 1163.68  3440  6537 690 
 1163.7  3445  6615 733 
 1163.72  3450  6693 930.5 
 1163.75  3455  6771 968 
 1163.77  3460  6850 833 
 1163.79  3465  6928 922 
 1163.82  3470  7007 983.5 
 1163.84  3475  7086 756 
 1163.86  3480  7165 882 
 1163.89  3485  7244 882 
 1163.91  3490  7323 801 
 1163.93  3495  7402 797 
 1163.96  3500  7482 963.5 
 1163.98  3505  7561 1000 
 1164  3510  7641 874.5 
 1164.03  3515  7721 835 
 1164.05  3520  7801 881 
 1164.07  3525  7881 699 
 1164.1  3530  7961 868 
 1164.12  3535  8042 923.5 
 1164.15  3540  8122 936 
 1164.17  3545  8203 947 
 1164.19  3550  8283 922.5 
 1164.22  3555  8364 839.5 
 1164.24  3560  8445 845 
 1164.26  3565  8527 710 
 1164.29  3570  8608 610 
 1164.31  3575  8689 709.5 
 1164.33  3580  8771 535.5 
 1164.37  3585  8853 467 
 1164.4  3590  8934 669.5 
 1164.42  3595  9016 801.5 
 1164.44  3600  9099 816 
 1164.47  3605  9181 629.5 
 1164.49  3610  9263 619 
 1164.51  3615  9346 680.5 
 1164.54  3620  9428 556.5 
 1164.56  3625  9511 782 
 1164.58  3630  9594 616 
end
