uxIntegration time is 0.2294 seconds per sampledt  3.4E-08 cy 1dh190619Arenosillo 37.1 6.73 3.03pr1000dark 1.8 
 301.47  2900  736 1.25 
 301.5  2905  803 1.75 
 301.54  2910  870 1.75 
 301.58  2915  937 2 
 301.61  2920  1004 1.5 
 301.65  2925  1071 1.75 
 301.69  2930  1138 2 
 301.72  2935  1206 2.25 
 301.76  2940  1273 2 
 301.8  2945  1341 1.75 
 301.84  2950  1408 1.75 
 301.87  2955  1476 1.75 
 301.91  2960  1544 1.75 
 301.95  2965  1611 2 
 301.98  2970  1679 1.5 
 302.02  2975  1747 1.75 
 302.06  2980  1815 2.75 
 302.1  2985  1883 1.75 
 302.13  2990  1952 2.25 
 302.17  2995  2020 1.75 
 302.2  3000  2088 2 
 302.23  3005  2157 2 
 302.26  3010  2225 1.5 
 302.28  3015  2294 4 
 302.31  3020  2362 2.5 
 302.34  3025  2431 3.5 
 302.37  3030  2500 3 
 302.4  3035  2569 3.5 
 302.43  3040  2638 3 
 302.45  3045  2707 6 
 302.48  3050  2776 8.5 
 302.51  3055  2845 9.5 
 302.54  3060  2915 8 
 302.57  3065  2984 9.5 
 302.6  3070  3054 8 
 302.62  3075  3123 11 
 302.65  3080  3193 12 
 302.68  3085  3263 14 
 302.71  3090  3333 10 
 302.74  3095  3403 16.5 
 302.77  3100  3473 16 
 302.8  3105  3543 22 
 302.82  3110  3613 40 
 302.85  3115  3683 45 
 302.88  3120  3754 33.5 
 302.91  3125  3824 36 
 302.94  3130  3895 38 
 302.97  3135  3965 33 
 303  3140  4036 45 
 303.02  3145  4107 44.5 
 303.05  3150  4178 51 
 303.08  3155  4249 41.5 
 303.11  3160  4320 37.5 
 303.14  3165  4391 52.5 
 303.17  3170  4462 64 
 303.19  3175  4534 70 
 303.22  3180  4605 52.5 
 303.25  3185  4677 70 
 303.28  3190  4748 74.5 
 303.31  3195  4820 56.5 
 303.34  3200  4892 60.5 
 303.36  3205  4964 81 
 303.39  3210  5036 79 
 303.42  3215  5108 73 
 303.45  3220  5180 68.5 
 303.48  3225  5253 51 
 303.51  3230  5325 57 
 303.54  3235  5397 72 
 303.57  3240  5470 92 
 303.59  3245  5543 74 
 303.62  3250  5616 53 
 303.88  3255  3766 43 
 303.91  3260  3840 61.5 
 303.94  3265  3914 79 
 303.97  3270  3988 76.5 
 304  3275  4063 72.5 
 304.03  3280  4137 48.5 
 304.06  3285  4212 63 
 304.09  3290  4287 107 
 304.11  3295  4361 108.5 
 304.14  3300  4436 110 
 304.17  3305  4511 71 
 304.2  3310  4586 80.5 
 304.23  3315  4662 82 
 304.26  3320  4737 98 
 304.29  3325  4812 109.5 
 304.32  3330  4888 112.5 
 304.35  3335  4964 89 
 304.37  3340  5039 89.5 
 304.4  3345  5115 125.5 
 304.43  3350  5191 109 
 304.46  3355  5267 135.5 
 304.49  3360  5344 102 
 304.52  3365  5420 104.5 
 304.55  3370  5496 81 
 304.58  3375  5573 98.5 
 304.61  3380  5650 112.5 
 304.63  3385  5726 132.5 
 304.66  3390  5803 130.5 
 304.69  3395  5880 120.5 
 304.72  3400  5957 142.5 
 304.75  3405  6035 119 
 304.78  3410  6112 141.5 
 304.81  3415  6189 120 
 304.84  3420  6267 145.5 
 304.87  3425  6345 136.5 
 304.9  3430  6422 137.5 
 304.93  3435  6500 144.5 
 304.96  3440  6578 87.5 
 304.99  3445  6657 103.5 
 305.02  3450  6735 127 
 305.05  3455  6813 136 
 305.07  3460  6892 119.5 
 305.1  3465  6971 136.5 
 305.13  3470  7049 139 
 305.16  3475  7128 104.5 
 305.19  3480  7207 130 
 305.22  3485  7286 130 
 305.25  3490  7366 121 
 305.29  3495  7445 113.5 
 305.32  3500  7525 135.5 
 305.35  3505  7604 143.5 
 305.38  3510  7684 126.5 
 305.41  3515  7764 121 
 305.44  3520  7844 126 
 305.47  3525  7924 103.5 
 305.5  3530  8005 131.5 
 305.53  3535  8085 137.5 
 305.56  3540  8166 148 
 305.59  3545  8246 141 
 305.62  3550  8327 148.5 
 305.65  3555  8408 121.5 
 305.68  3560  8489 129 
 305.71  3565  8570 117.5 
 305.74  3570  8652 94.5 
 305.77  3575  8733 127.5 
 305.8  3580  8815 87.5 
 305.83  3585  8897 75 
 305.86  3590  8979 103 
 305.89  3595  9061 121.5 
 305.93  3600  9143 128 
 305.96  3605  9225 108 
 305.99  3610  9308 87 
 306.02  3615  9390 106 
 306.05  3620  9473 84.5 
 306.08  3625  9556 115.5 
 306.11  3630  9639 104 
end
uaIntegration time is 0.2294 seconds per sampledt  3.4E-08 cy 1dh190619Arenosillo 37.1 6.73 3.33pr1000dark 2.6 
 480.02  2900  736 45.5 
 480.07  2905  803 46.25 
 480.13  2910  870 43.5 
 480.18  2915  937 44.75 
 480.23  2920  1004 45 
 480.28  2925  1071 48.75 
 480.33  2930  1138 48.5 
 480.38  2935  1206 49.75 
 480.42  2940  1273 49.5 
 480.47  2945  1341 49 
 480.52  2950  1408 48.5 
 480.57  2955  1476 54 
 480.62  2960  1544 62.75 
 480.68  2965  1611 67.25 
 480.73  2970  1679 64.5 
 480.78  2975  1747 80 
 480.82  2980  1815 96.25 
 480.88  2985  1883 102.75 
 480.93  2990  1952 151.75 
 480.97  2995  2020 206.75 
 481.02  3000  2088 223.75 
 481.07  3005  2157 297.75 
 481.12  3010  2225 483 
 481.18  3015  2294 666 
 481.23  3020  2362 640.25 
 481.28  3025  2431 1201.5 
 481.33  3030  2500 1962.25 
 481.37  3035  2569 2465.5 
 481.43  3040  2638 2451.5 
 481.47  3045  2707 3439 
 481.52  3050  2776 4943.25 
 481.58  3055  2845 5322.25 
 481.62  3060  2915 5298.75 
 481.67  3065  2984 6434.5 
 481.73  3070  3054 9130.25 
 481.77  3075  3123 11187.25 
 481.83  3080  3193 11908.25 
 481.88  3085  3263 13552.5 
 481.93  3090  3333 12137.25 
 481.98  3095  3403 13918.75 
 482.02  3100  3473 14253 
 482.07  3105  3543 22465.25 
 482.12  3110  3613 26970.25 
 482.17  3115  3683 26180.5 
 482.23  3120  3754 25378 
 482.28  3125  3824 29682.25 
 482.33  3130  3895 30812.75 
 482.38  3135  3965 30645.25 
 482.42  3140  4036 35391 
 482.48  3145  4107 30725.25 
 482.53  3150  4178 38275.5 
 482.58  3155  4249 31829 
 482.63  3160  4320 26931 
 482.67  3165  4391 36351.5 
 482.72  3170  4462 42678.25 
 482.77  3175  4534 42053.75 
 482.82  3180  4605 31172 
 482.88  3185  4677 36604.5 
 482.93  3190  4748 38961.5 
 482.98  3195  4820 32507 
 483.03  3200  4892 36667 
 483.08  3205  4964 40542.25 
 483.13  3210  5036 32717 
 483.17  3215  5108 29842.5 
 483.22  3220  5180 30662.25 
 483.28  3225  5253 24195 
 483.33  3230  5325 22298.5 
 483.37  3235  5397 23914 
 483.43  3240  5470 25357 
 483.48  3245  5543 23683.5 
 483.53  3250  5616 19569 
 483.81  3255  3766 14491.25 
 483.84  3260  3840 16942 
 483.89  3265  3914 16799.75 
 483.94  3270  3988 16847.5 
 483.99  3275  4063 16136 
 484.04  3280  4137 14859.25 
 484.09  3285  4212 14901 
 484.14  3290  4287 17796.75 
 484.19  3295  4361 19728 
 484.24  3300  4436 19882.5 
 484.29  3305  4511 16300.75 
 484.34  3310  4586 16591.75 
 484.39  3315  4662 16589.25 
 484.44  3320  4737 17400.5 
 484.49  3325  4812 17226 
 484.54  3330  4888 17057.25 
 484.59  3335  4964 15566 
 484.64  3340  5039 16111 
 484.69  3345  5115 17930.5 
 484.74  3350  5191 16844.75 
 484.79  3355  5267 18909.75 
 484.84  3360  5344 12899.75 
 484.89  3365  5420 15752.5 
 484.94  3370  5496 12744 
 484.99  3375  5573 16173.25 
 485.04  3380  5650 15009.5 
 485.09  3385  5726 17003.5 
 485.14  3390  5803 16589.5 
 485.19  3395  5880 16218.25 
 485.24  3400  5957 19181.5 
 485.29  3405  6035 16903.5 
 485.34  3410  6112 16337.75 
 485.39  3415  6189 15004.25 
 485.44  3420  6267 17679.5 
 485.49  3425  6345 16385.75 
 485.54  3430  6422 17760 
 485.59  3435  6500 16478.25 
 485.64  3440  6578 12029 
 485.69  3445  6657 12384.75 
 485.74  3450  6735 15975.75 
 485.79  3455  6813 16159.75 
 485.84  3460  6892 13652.75 
 485.89  3465  6971 15389 
 485.94  3470  7049 16217.5 
 485.99  3475  7128 12912.75 
 486.04  3480  7207 14797 
 486.09  3485  7286 14549.25 
 486.14  3490  7366 13194.75 
 486.19  3495  7445 13167.5 
 486.24  3500  7525 16017.25 
 486.29  3505  7604 16631.5 
 486.34  3510  7684 14787.25 
 486.39  3515  7764 14114 
 486.44  3520  7844 15022.5 
 486.49  3525  7924 11514.25 
 486.54  3530  8005 14421.75 
 486.59  3535  8085 15190.5 
 486.64  3540  8166 15662.75 
 486.69  3545  8246 15750.25 
 486.74  3550  8327 15538.25 
 486.79  3555  8408 13719 
 486.84  3560  8489 14195.25 
 486.89  3565  8570 11910 
 486.94  3570  8652 9898.5 
 486.99  3575  8733 11959.5 
 487.04  3580  8815 9134.25 
 487.09  3585  8897 7817.25 
 487.14  3590  8979 10984 
 487.19  3595  9061 13332.5 
 487.24  3600  9143 13837 
 487.29  3605  9225 10767 
 487.34  3610  9308 9787.75 
 487.39  3615  9390 11066.75 
 487.44  3620  9473 9269.5 
 487.49  3625  9556 12700.5 
 487.54  3630  9639 10797.75 
end
uaIntegration time is 0.2294 seconds per sampledt  3.4E-08 cy 1dh190619Arenosillo 37.1 6.73 3.52pr1000dark 5.6 
 540.02  2900  736 78.75 
 540.07  2905  803 76.75 
 540.12  2910  870 78 
 540.17  2915  937 85.25 
 540.22  2920  1004 84 
 540.27  2925  1071 79.5 
 540.32  2930  1138 89.5 
 540.37  2935  1206 90 
 540.43  2940  1273 93.75 
 540.48  2945  1341 99.25 
 540.52  2950  1408 101.75 
 540.57  2955  1476 117.5 
 540.62  2960  1544 145 
 540.67  2965  1611 154.5 
 540.72  2970  1679 184.5 
 540.77  2975  1747 296.5 
 540.82  2980  1815 359.75 
 540.87  2985  1883 380.75 
 540.92  2990  1952 651.5 
 540.98  2995  2020 881.5 
 541.03  3000  2088 926.25 
 541.07  3005  2157 1227.5 
 541.12  3010  2225 1905.75 
 541.17  3015  2294 2594.5 
 541.22  3020  2362 2300.5 
 541.27  3025  2431 4136 
 541.32  3030  2500 6501 
 541.37  3035  2569 7850 
 541.42  3040  2638 7479.5 
 541.47  3045  2707 10040.5 
 541.52  3050  2776 13423.75 
 541.57  3055  2845 14116.75 
 541.63  3060  2915 13635.5 
 541.68  3065  2984 16218.25 
 541.72  3070  3054 21683 
 541.77  3075  3123 25435 
 541.82  3080  3193 26824 
 541.87  3085  3263 29822.75 
 541.92  3090  3333 26078.75 
 541.97  3095  3403 28696.25 
 542.03  3100  3473 28493.25 
 542.08  3105  3543 44337.5 
 542.13  3110  3613 52431.25 
 542.18  3115  3683 50273.25 
 542.23  3120  3754 47316.25 
 542.27  3125  3824 53892 
 542.32  3130  3895 55441.75 
 542.37  3135  3965 55140.5 
 542.42  3140  4036 62327.25 
 542.47  3145  4107 52557.5 
 542.52  3150  4178 64912.75 
 542.57  3155  4249 54528.75 
 542.62  3160  4320 45069.75 
 542.68  3165  4391 59442.5 
 542.73  3170  4462 69885.75 
 542.77  3175  4534 69108.25 
 542.82  3180  4605 50396.75 
 542.88  3185  4677 57897.5 
 542.92  3190  4748 61180.75 
 542.97  3195  4820 51566.5 
 543.02  3200  4892 58235.75 
 543.08  3205  4964 63232.25 
 543.13  3210  5036 50060.75 
 543.18  3215  5108 45616.25 
 543.23  3220  5180 47617.5 
 543.28  3225  5253 37614.5 
 543.32  3230  5325 34035.25 
 543.37  3235  5397 36133.25 
 543.42  3240  5470 37942.75 
 543.47  3245  5543 35785.75 
 543.52  3250  5616 29929.25 
 543.81  3255  3766 21888.75 
 543.84  3260  3840 25290.75 
 543.89  3265  3914 24865.25 
 543.94  3270  3988 24977.25 
 543.99  3275  4063 23981.75 
 544.04  3280  4137 22255.75 
 544.09  3285  4212 22224.5 
 544.14  3290  4287 26024.75 
 544.19  3295  4361 28767.75 
 544.24  3300  4436 29160 
 544.29  3305  4511 23977.75 
 544.34  3310  4586 24591 
 544.39  3315  4662 24456.5 
 544.44  3320  4737 25352.25 
 544.49  3325  4812 24912.25 
 544.54  3330  4888 24769.75 
 544.59  3335  4964 22710.75 
 544.64  3340  5039 23577.25 
 544.69  3345  5115 26092.5 
 544.74  3350  5191 24491 
 544.79  3355  5267 27340.25 
 544.84  3360  5344 18531.5 
 544.89  3365  5420 23001.25 
 544.94  3370  5496 18523.25 
 544.99  3375  5573 23511 
 545.04  3380  5650 21733 
 545.09  3385  5726 24579.75 
 545.14  3390  5803 23929.5 
 545.19  3395  5880 23292 
 545.24  3400  5957 27575.25 
 545.29  3405  6035 24371.75 
 545.34  3410  6112 23393.75 
 545.39  3415  6189 21547.25 
 545.44  3420  6267 25429.75 
 545.49  3425  6345 23453.75 
 545.54  3430  6422 25447.25 
 545.59  3435  6500 23694.25 
 545.64  3440  6578 17203.25 
 545.69  3445  6657 17706.75 
 545.74  3450  6735 23007.5 
 545.79  3455  6813 23080.5 
 545.84  3460  6892 19472.75 
 545.89  3465  6971 21890.5 
 545.94  3470  7049 23178.75 
 545.99  3475  7128 18403.25 
 546.04  3480  7207 21114.25 
 546.09  3485  7286 20960.25 
 546.14  3490  7366 18886 
 546.19  3495  7445 18827.5 
 546.24  3500  7525 22891.75 
 546.29  3505  7604 23772.75 
 546.34  3510  7684 21094 
 546.39  3515  7764 20095.5 
 546.44  3520  7844 21452 
 546.49  3525  7924 16368.5 
 546.54  3530  8005 20595.75 
 546.59  3535  8085 21647.75 
 546.64  3540  8166 22176.5 
 546.69  3545  8246 22294.5 
 546.74  3550  8327 22053.75 
 546.79  3555  8408 19534.25 
 546.84  3560  8489 20176 
 546.89  3565  8570 16918 
 546.94  3570  8652 13959 
 546.99  3575  8733 16894.25 
 547.04  3580  8815 12901.5 
 547.09  3585  8897 10993.5 
 547.14  3590  8979 15530 
 547.19  3595  9061 18925.75 
 547.24  3600  9143 19689.25 
 547.29  3605  9225 15270.75 
 547.34  3610  9308 13783.5 
 547.39  3615  9390 15819.5 
 547.44  3620  9473 13091.25 
 547.49  3625  9556 17992.75 
 547.54  3630  9639 15200.75 
end
uaIntegration time is 0.2294 seconds per sampledt  3.4E-08 cy 1dh190619Arenosillo 37.1 6.73 3.6pr1000dark 8.100001 
 600.02  2900  736 113 
 600.08  2905  803 112 
 600.13  2910  870 114.75 
 600.17  2915  937 120 
 600.23  2920  1004 117 
 600.27  2925  1071 123 
 600.32  2930  1138 128.25 
 600.38  2935  1206 132.5 
 600.43  2940  1273 152.5 
 600.48  2945  1341 161 
 600.53  2950  1408 186.25 
 600.57  2955  1476 249 
 600.62  2960  1544 338.75 
 600.67  2965  1611 360.5 
 600.73  2970  1679 442.5 
 600.78  2975  1747 795 
 600.83  2980  1815 969 
 600.88  2985  1883 963.75 
 600.93  2990  1952 1684.75 
 600.98  2995  2020 2203.25 
 601.03  3000  2088 2238.75 
 601.07  3005  2157 2855.75 
 601.13  3010  2225 4370 
 601.17  3015  2294 5714.5 
 601.22  3020  2362 4879 
 601.28  3025  2431 8527.25 
 601.33  3030  2500 13028.25 
 601.37  3035  2569 15218.25 
 601.43  3040  2638 14379 
 601.48  3045  2707 18592 
 601.53  3050  2776 24061 
 601.58  3055  2845 24687.75 
 601.63  3060  2915 23716.5 
 601.68  3065  2984 27556.5 
 601.73  3070  3054 35925.25 
 601.78  3075  3123 41057.75 
 601.83  3080  3193 42788 
 601.87  3085  3263 47014.75 
 601.93  3090  3333 40584.5 
 601.98  3095  3403 43563 
 602.03  3100  3473 42776.75 
 602.08  3105  3543 65752.75 
 602.12  3110  3613 77029.5 
 602.17  3115  3683 73429.75 
 602.22  3120  3754 67695.5 
 602.27  3125  3824 76119 
 602.33  3130  3895 77797.75 
 602.38  3135  3965 77401.25 
 602.43  3140  4036 86440.25 
 602.48  3145  4107 71711 
 602.53  3150  4178 88392.75 
 602.58  3155  4249 74578.5 
 602.63  3160  4320 61070 
 602.68  3165  4391 79571.75 
 602.73  3170  4462 93282 
 602.78  3175  4534 92835.25 
 602.83  3180  4605 67441.75 
 602.87  3185  4677 76302.25 
 602.92  3190  4748 80081.75 
 602.98  3195  4820 67805.25 
 603.03  3200  4892 76797.75 
 603.08  3205  4964 82538.25 
 603.13  3210  5036 64659.75 
 603.17  3215  5108 58818.25 
 603.23  3220  5180 62015.25 
 603.28  3225  5253 49201 
 603.32  3230  5325 44252.25 
 603.38  3235  5397 46154.25 
 603.43  3240  5470 48764.75 
 603.48  3245  5543 45999.5 
 603.53  3250  5616 38903.75 
 603.81  3255  3766 28203.5 
 603.85  3260  3840 32224 
 603.89  3265  3914 31502.25 
 603.94  3270  3988 31512.5 
 603.99  3275  4063 30529 
 604.04  3280  4137 28445.75 
 604.09  3285  4212 28217.5 
 604.14  3290  4287 32868.25 
 604.19  3295  4361 36414.5 
 604.24  3300  4436 36932 
 604.29  3305  4511 30368 
 604.34  3310  4586 31072.75 
 604.39  3315  4662 30895.5 
 604.44  3320  4737 31852.5 
 604.49  3325  4812 31379.5 
 604.54  3330  4888 31112 
 604.59  3335  4964 28616.75 
 604.64  3340  5039 29628.25 
 604.69  3345  5115 32669.25 
 604.74  3350  5191 30664.5 
 604.79  3355  5267 34166 
 604.84  3360  5344 23249.25 
 604.89  3365  5420 28738.25 
 604.94  3370  5496 23152.5 
 604.99  3375  5573 29538.75 
 605.04  3380  5650 27175.25 
 605.09  3385  5726 30669.5 
 605.14  3390  5803 29934.75 
 605.19  3395  5880 29189.75 
 605.24  3400  5957 34432 
 605.29  3405  6035 30345.5 
 605.34  3410  6112 29184.25 
 605.39  3415  6189 26838.5 
 605.44  3420  6267 31612 
 605.49  3425  6345 29193.25 
 605.54  3430  6422 31719 
 605.59  3435  6500 29617.5 
 605.64  3440  6578 21507.75 
 605.69  3445  6657 22016.25 
 605.74  3450  6735 28661 
 605.79  3455  6813 28778 
 605.84  3460  6892 24255.25 
 605.89  3465  6971 27308.75 
 605.94  3470  7049 28876.25 
 605.99  3475  7128 22883.75 
 606.04  3480  7207 26333.25 
 606.09  3485  7286 25901 
 606.14  3490  7366 23411.25 
 606.19  3495  7445 23314 
 606.24  3500  7525 28508.75 
 606.29  3505  7604 29551.75 
 606.34  3510  7684 26156 
 606.39  3515  7764 24963.25 
 606.44  3520  7844 26646.75 
 606.49  3525  7924 20341.5 
 606.54  3530  8005 25565.25 
 606.59  3535  8085 26881.5 
 606.64  3540  8166 27529.75 
 606.69  3545  8246 27767.5 
 606.74  3550  8327 27403.75 
 606.79  3555  8408 24241.5 
 606.84  3560  8489 25102.5 
 606.89  3565  8570 21035.75 
 606.94  3570  8652 17296 
 606.99  3575  8733 20970.75 
 607.04  3580  8815 16011.5 
 607.09  3585  8897 13641 
 607.14  3590  8979 19327.5 
 607.19  3595  9061 23509.25 
 607.24  3600  9143 24342.75 
 607.29  3605  9225 18914.5 
 607.34  3610  9308 17172.5 
 607.39  3615  9390 19558 
 607.44  3620  9473 16161.25 
 607.49  3625  9556 22243.75 
 607.54  3630  9639 18809.25 
end
uaIntegration time is 0.2294 seconds per sampledt  3.4E-08 cy 1dh190619Arenosillo 37.1 6.73 3.68pr1000dark 9.350001 
 660.02  2900  736 139 
 660.07  2905  803 147 
 660.12  2910  870 141.75 
 660.17  2915  937 146.25 
 660.22  2920  1004 147.5 
 660.27  2925  1071 156.25 
 660.32  2930  1138 166.25 
 660.38  2935  1206 188.25 
 660.43  2940  1273 210.75 
 660.48  2945  1341 253 
 660.53  2950  1408 301.5 
 660.57  2955  1476 429.5 
 660.62  2960  1544 616.25 
 660.67  2965  1611 654.5 
 660.72  2970  1679 794 
 660.78  2975  1747 1491 
 660.82  2980  1815 1754.75 
 660.87  2985  1883 1720.75 
 660.93  2990  1952 3007.5 
 660.98  2995  2020 3845.75 
 661.03  3000  2088 3777.25 
 661.07  3005  2157 4784.75 
 661.12  3010  2225 7059.75 
 661.17  3015  2294 8368.25 
 661.22  3020  2362 7020.5 
 661.27  3025  2431 13009.25 
 661.33  3030  2500 19380 
 661.37  3035  2569 22376.5 
 661.43  3040  2638 20832.75 
 661.48  3045  2707 26433 
 661.53  3050  2776 33588.25 
 661.58  3055  2845 33907.25 
 661.63  3060  2915 32115.25 
 661.68  3065  2984 37325.5 
 661.73  3070  3054 47820.75 
 661.77  3075  3123 53990 
 661.83  3080  3193 55949.25 
 661.87  3085  3263 61082.5 
 661.92  3090  3333 52473.5 
 661.98  3095  3403 55297 
 662.03  3100  3473 53924.25 
 662.08  3105  3543 82409.25 
 662.12  3110  3613 95890 
 662.17  3115  3683 91122.75 
 662.22  3120  3754 83225.75 
 662.27  3125  3824 92976.75 
 662.32  3130  3895 94667.75 
 662.38  3135  3965 94253 
 662.43  3140  4036 104484.3 
 662.48  3145  4107 86221.75 
 662.53  3150  4178 105818.3 
 662.57  3155  4249 89612 
 662.63  3160  4320 72995 
 662.68  3165  4391 94431 
 662.73  3170  4462 110858.8 
 662.78  3175  4534 109052.3 
 662.82  3180  4605 78055.75 
 662.87  3185  4677 89203 
 662.92  3190  4748 83626.25 
 662.97  3195  4820 69595.25 
 663.03  3200  4892 79132.5 
 663.08  3205  4964 96155.5 
 663.13  3210  5036 72420.25 
 663.17  3215  5108 68250.5 
 663.23  3220  5180 72486.75 
 663.28  3225  5253 57318.5 
 663.32  3230  5325 51420.75 
 663.37  3235  5397 53602.5 
 663.43  3240  5470 56553.25 
 663.48  3245  5543 53185.75 
 663.53  3250  5616 44599.25 
 663.8  3255  3766 32674.75 
 663.84  3260  3840 37431.75 
 663.89  3265  3914 36165 
 663.94  3270  3988 36242.75 
 663.99  3275  4063 35237.75 
 664.04  3280  4137 32877.75 
 664.09  3285  4212 32419.5 
 664.14  3290  4287 37733 
 664.19  3295  4361 41584.5 
 664.24  3300  4436 42202.5 
 664.29  3305  4511 34877 
 664.34  3310  4586 35638 
 664.39  3315  4662 35141 
 664.44  3320  4737 36239 
 664.49  3325  4812 35780.75 
 664.54  3330  4888 35404.75 
 664.59  3335  4964 32565.25 
 664.64  3340  5039 33144.5 
 664.69  3345  5115 36761 
 664.74  3350  5191 33546 
 664.79  3355  5267 38037.75 
 664.84  3360  5344 26089 
 664.89  3365  5420 32706.75 
 664.94  3370  5496 26453.75 
 664.99  3375  5573 33754 
 665.04  3380  5650 30809.25 
 665.09  3385  5726 34348.75 
 665.14  3390  5803 33910.5 
 665.19  3395  5880 33176 
 665.24  3400  5957 39254.25 
 665.29  3405  6035 34535.5 
 665.34  3410  6112 33038.5 
 665.39  3415  6189 30420.25 
 665.44  3420  6267 35966 
 665.49  3425  6345 33165.25 
 665.54  3430  6422 36072.5 
 665.59  3435  6500 33636 
 665.64  3440  6578 24388 
 665.69  3445  6657 25175.5 
 665.74  3450  6735 32771.75 
 665.79  3455  6813 32793.5 
 665.84  3460  6892 27715 
 665.89  3465  6971 31026 
 665.94  3470  7049 32838.5 
 665.99  3475  7128 25739.75 
 666.04  3480  7207 28914.5 
 666.09  3485  7286 28856.5 
 666.14  3490  7366 26062.5 
 666.19  3495  7445 26030.75 
 666.24  3500  7525 28504.25 
 666.29  3505  7604 32789.5 
 666.34  3510  7684 26512.75 
 666.39  3515  7764 28212.5 
 666.44  3520  7844 30159.75 
 666.49  3525  7924 22684.25 
 666.54  3530  8005 28671.25 
 666.59  3535  8085 30050.5 
 666.64  3540  8166 30962 
 666.69  3545  8246 31188.5 
 666.74  3550  8327 30771.25 
 666.79  3555  8408 27216.5 
 666.84  3560  8489 28295.25 
 666.89  3565  8570 23773 
 666.94  3570  8652 19610.75 
 666.99  3575  8733 23710.75 
 667.04  3580  8815 18151.75 
 667.09  3585  8897 15387.5 
 667.14  3590  8979 21933 
 667.19  3595  9061 26698.25 
 667.24  3600  9143 27786.25 
 667.29  3605  9225 21350 
 667.34  3610  9308 19415.5 
 667.39  3615  9390 21870.5 
 667.44  3620  9473 17731 
 667.49  3625  9556 24945.5 
 667.54  3630  9639 21091.75 
end
uaIntegration time is 0.2294 seconds per sampledt  3.4E-08 cy 1dh190619Arenosillo 37.1 6.73 3.7pr1000dark 11 
 720.02  2900  736 149.5 
 720.08  2905  803 165.5 
 720.13  2910  870 155.5 
 720.17  2915  937 164.25 
 720.22  2920  1004 173.25 
 720.27  2925  1071 170.75 
 720.32  2930  1138 189.75 
 720.37  2935  1206 209.5 
 720.42  2940  1273 250 
 720.47  2945  1341 300 
 720.52  2950  1408 375.75 
 720.57  2955  1476 549 
 720.62  2960  1544 793.75 
 720.67  2965  1611 851.25 
 720.73  2970  1679 1006.75 
 720.78  2975  1747 1889.5 
 720.82  2980  1815 2240.25 
 720.87  2985  1883 2102.5 
 720.92  2990  1952 3708.25 
 720.97  2995  2020 4705.25 
 721.02  3000  2088 4547.25 
 721.08  3005  2157 5706.75 
 721.13  3010  2225 8364 
 721.18  3015  2294 10565 
 721.22  3020  2362 8862.75 
 721.28  3025  2431 15238 
 721.32  3030  2500 22435.75 
 721.38  3035  2569 25864.5 
 721.43  3040  2638 23927 
 721.47  3045  2707 30343.75 
 721.52  3050  2776 38025.5 
 721.57  3055  2845 38248 
 721.62  3060  2915 36329.75 
 721.67  3065  2984 41687 
 721.72  3070  3054 53165 
 721.78  3075  3123 59317.5 
 721.83  3080  3193 61406.75 
 721.87  3085  3263 67085.75 
 721.92  3090  3333 57414.75 
 721.97  3095  3403 60318.5 
 722.02  3100  3473 58431 
 722.07  3105  3543 89425.25 
 722.13  3110  3613 103870.5 
 722.18  3115  3683 98124.75 
 722.23  3120  3754 89344.75 
 722.27  3125  3824 99599.75 
 722.33  3130  3895 101493 
 722.38  3135  3965 101067.3 
 722.42  3140  4036 111580.3 
 722.48  3145  4107 91822.5 
 722.52  3150  4178 112146.3 
 722.57  3155  4249 94816.25 
 722.63  3160  4320 76860.25 
 722.67  3165  4391 99402 
 722.72  3170  4462 116602 
 722.77  3175  4534 115510.3 
 722.83  3180  4605 83983.75 
 722.88  3185  4677 93905.5 
 722.93  3190  4748 98213.75 
 722.98  3195  4820 83956.25 
 723.03  3200  4892 94883.75 
 723.07  3205  4964 100922.8 
 723.12  3210  5036 78662 
 723.18  3215  5108 71483 
 723.22  3220  5180 76022.5 
 723.27  3225  5253 60140.75 
 723.33  3230  5325 53694.5 
 723.38  3235  5397 55888 
 723.43  3240  5470 58860 
 723.47  3245  5543 55787.5 
 723.53  3250  5616 47213 
 723.81  3255  3766 34012.75 
 723.85  3260  3840 38916.75 
 723.89  3265  3914 37631.25 
 723.94  3270  3988 37955.75 
 723.99  3275  4063 36675.25 
 724.04  3280  4137 34488 
 724.09  3285  4212 33782 
 724.14  3290  4287 39258.25 
 724.19  3295  4361 43444.25 
 724.24  3300  4436 44046.25 
 724.29  3305  4511 36354 
 724.34  3310  4586 37304.5 
 724.39  3315  4662 37025.5 
 724.44  3320  4737 38093 
 724.49  3325  4812 37430.5 
 724.54  3330  4888 37236.75 
 724.59  3335  4964 34173.25 
 724.64  3340  5039 35368.5 
 724.69  3345  5115 38884.75 
 724.74  3350  5191 36364.75 
 724.79  3355  5267 40576 
 724.84  3360  5344 27449 
 724.89  3365  5420 33991 
 724.94  3370  5496 27591.25 
 724.99  3375  5573 35135.75 
 725.04  3380  5650 32269 
 725.09  3385  5726 36443.5 
 725.14  3390  5803 35527.5 
 725.19  3395  5880 34622.75 
 725.24  3400  5957 41034.5 
 725.29  3405  6035 36048.25 
 725.34  3410  6112 34614 
 725.39  3415  6189 31856.25 
 725.44  3420  6267 37559.25 
 725.49  3425  6345 34713.25 
 725.54  3430  6422 37525.5 
 725.59  3435  6500 35078 
 725.64  3440  6578 25419.5 
 725.69  3445  6657 26165.75 
 725.74  3450  6735 33941.25 
 725.79  3455  6813 34083 
 725.84  3460  6892 28646.75 
 725.89  3465  6971 32166.75 
 725.94  3470  7049 34165.25 
 725.99  3475  7128 27045 
 726.04  3480  7207 31084.25 
 726.09  3485  7286 30612 
 726.14  3490  7366 27665.5 
 726.19  3495  7445 27610.75 
 726.24  3500  7525 33578.75 
 726.29  3505  7604 34758.5 
 726.34  3510  7684 31025.75 
 726.39  3515  7764 29429.25 
 726.44  3520  7844 31298.25 
 726.49  3525  7924 23943 
 726.54  3530  8005 30149.5 
 726.59  3535  8085 31795 
 726.64  3540  8166 32505.25 
 726.69  3545  8246 32730.5 
 726.74  3550  8327 32259.25 
 726.79  3555  8408 28476.5 
 726.84  3560  8489 29640 
 726.89  3565  8570 24789.5 
 726.94  3570  8652 20488.25 
 726.99  3575  8733 24821.25 
 727.04  3580  8815 18892 
 727.09  3585  8897 16055.75 
 727.14  3590  8979 22637.75 
 727.19  3595  9061 27772.5 
 727.24  3600  9143 28939.25 
 727.29  3605  9225 22310.75 
 727.34  3610  9308 20235 
 727.39  3615  9390 23014.75 
 727.44  3620  9473 19170.75 
 727.49  3625  9556 26258 
 727.54  3630  9639 22294.75 
end
uaIntegration time is 0.2294 seconds per sampledt  3.4E-08 cy 1dh190619Arenosillo 37.1 6.73 3.7pr1000dark 12.2 
 780.02  2900  736 155.5 
 780.07  2905  803 151.75 
 780.12  2910  870 159.75 
 780.17  2915  937 164.25 
 780.23  2920  1004 173.5 
 780.27  2925  1071 173.75 
 780.32  2930  1138 191.5 
 780.38  2935  1206 215.5 
 780.42  2940  1273 237.25 
 780.48  2945  1341 282.25 
 780.53  2950  1408 368.25 
 780.58  2955  1476 535.25 
 780.63  2960  1544 768 
 780.68  2965  1611 819.25 
 780.72  2970  1679 961.5 
 780.77  2975  1747 1863.25 
 780.82  2980  1815 2160.75 
 780.88  2985  1883 2040 
 780.93  2990  1952 3623 
 780.98  2995  2020 4595 
 781.03  3000  2088 4435.75 
 781.07  3005  2157 5591.5 
 781.12  3010  2225 8167.25 
 781.17  3015  2294 10406.25 
 781.22  3020  2362 8687.5 
 781.28  3025  2431 14889.25 
 781.33  3030  2500 22063.25 
 781.37  3035  2569 25318.5 
 781.42  3040  2638 23487.75 
 781.47  3045  2707 29786.75 
 781.53  3050  2776 37519.25 
 781.58  3055  2845 37651 
 781.63  3060  2915 35799 
 781.68  3065  2984 41206.25 
 781.73  3070  3054 52518.75 
 781.77  3075  3123 58712.5 
 781.83  3080  3193 60906 
 781.87  3085  3263 66345.75 
 781.93  3090  3333 56848 
 781.98  3095  3403 59600.75 
 782.03  3100  3473 57898.75 
 782.08  3105  3543 88442.5 
 782.13  3110  3613 102497 
 782.18  3115  3683 97055.25 
 782.23  3120  3754 88426.5 
 782.27  3125  3824 98552.5 
 782.33  3130  3895 100353 
 782.37  3135  3965 99986.5 
 782.42  3140  4036 110573.5 
 782.47  3145  4107 90721.5 
 782.52  3150  4178 111241 
 782.58  3155  4249 94381.5 
 782.63  3160  4320 76291 
 782.68  3165  4391 98636 
 782.73  3170  4462 115264.8 
 782.78  3175  4534 114481.5 
 782.83  3180  4605 83220.5 
 782.88  3185  4677 93160 
 782.92  3190  4748 97543.25 
 782.98  3195  4820 83284.25 
 783.03  3200  4892 94013.5 
 783.08  3205  4964 100066.5 
 783.13  3210  5036 78147 
 783.18  3215  5108 70960.25 
 783.23  3220  5180 75519.5 
 783.28  3225  5253 59709 
 783.32  3230  5325 53362.75 
 783.37  3235  5397 55514.25 
 783.43  3240  5470 58266.75 
 783.47  3245  5543 55216.5 
 783.52  3250  5616 46669.25 
 783.81  3255  3766 33742.5 
 783.84  3260  3840 38494.5 
 783.89  3265  3914 37484.25 
 783.94  3270  3988 37521.5 
 783.99  3275  4063 36429 
 784.04  3280  4137 34093 
 784.09  3285  4212 33529 
 784.14  3290  4287 38951.5 
 784.19  3295  4361 42983.75 
 784.24  3300  4436 43595.25 
 784.29  3305  4511 36010.25 
 784.34  3310  4586 37007 
 784.39  3315  4662 36668.25 
 784.44  3320  4737 37641.25 
 784.49  3325  4812 37034 
 784.54  3330  4888 36805.75 
 784.59  3335  4964 33769.25 
 784.64  3340  5039 35086.5 
 784.69  3345  5115 38594 
 784.74  3350  5191 36026.25 
 784.79  3355  5267 40193.5 
 784.84  3360  5344 27170.25 
 784.89  3365  5420 33859.75 
 784.94  3370  5496 27302.5 
 784.99  3375  5573 34678.75 
 785.04  3380  5650 31905 
 785.09  3385  5726 36033.75 
 785.14  3390  5803 35092 
 785.19  3395  5880 34304.5 
 785.24  3400  5957 40580.5 
 785.29  3405  6035 35739 
 785.34  3410  6112 34290.75 
 785.39  3415  6189 31560.5 
 785.44  3420  6267 37206.25 
 785.49  3425  6345 34261.25 
 785.54  3430  6422 37211.75 
 785.59  3435  6500 34821 
 785.64  3440  6578 25095.5 
 785.69  3445  6657 25802 
 785.74  3450  6735 33451.25 
 785.79  3455  6813 33751.25 
 785.84  3460  6892 28459.5 
 785.89  3465  6971 31900.25 
 785.94  3470  7049 33720.5 
 785.99  3475  7128 26746.25 
 786.04  3480  7207 30713.25 
 786.09  3485  7286 30257.5 
 786.14  3490  7366 27432.5 
 786.19  3495  7445 27311.75 
 786.24  3500  7525 33229.5 
 786.29  3505  7604 34443.5 
 786.34  3510  7684 30615.75 
 786.39  3515  7764 29135.75 
 786.44  3520  7844 31005.5 
 786.49  3525  7924 23603.5 
 786.54  3530  8005 29824.5 
 786.59  3535  8085 31333.25 
 786.64  3540  8166 32087 
 786.69  3545  8246 32287 
 786.74  3550  8327 31949 
 786.79  3555  8408 28168.75 
 786.84  3560  8489 29196.5 
 786.89  3565  8570 24519.25 
 786.94  3570  8652 20130 
 786.99  3575  8733 24499 
 787.04  3580  8815 18663.75 
 787.09  3585  8897 15995 
 787.14  3590  8979 22458.75 
 787.19  3595  9061 27483.75 
 787.24  3600  9143 28491.25 
 787.29  3605  9225 21940.25 
 787.34  3610  9308 19923.25 
 787.39  3615  9390 22576.75 
 787.44  3620  9473 18835.5 
 787.49  3625  9556 25959 
 787.54  3630  9639 21925 
end
uaIntegration time is 0.2294 seconds per sampledt  3.4E-08 cy 1dh190619Arenosillo 37.1 6.73 3.7pr1000dark 11.4 
 840.02  2900  736 139.75 
 840.07  2905  803 136 
 840.12  2910  870 134.25 
 840.17  2915  937 140 
 840.22  2920  1004 144.5 
 840.27  2925  1071 146.5 
 840.32  2930  1138 160.5 
 840.38  2935  1206 179.5 
 840.43  2940  1273 192.25 
 840.47  2945  1341 221.75 
 840.53  2950  1408 275.5 
 840.57  2955  1476 381.5 
 840.63  2960  1544 536 
 840.68  2965  1611 587.5 
 840.72  2970  1679 684.25 
 840.77  2975  1747 1298.5 
 840.82  2980  1815 1552.25 
 840.87  2985  1883 1476.25 
 840.93  2990  1952 2644.5 
 840.98  2995  2020 3352.75 
 841.03  3000  2088 3296.75 
 841.07  3005  2157 4204.5 
 841.12  3010  2225 6241 
 841.17  3015  2294 7974.75 
 841.22  3020  2362 6787 
 841.27  3025  2431 11676.25 
 841.33  3030  2500 17453.25 
 841.37  3035  2569 20285.75 
 841.43  3040  2638 18900.75 
 841.48  3045  2707 24130.25 
 841.53  3050  2776 30980 
 841.58  3055  2845 31326.25 
 841.63  3060  2915 29752 
 841.68  3065  2984 34349.25 
 841.73  3070  3054 44260.25 
 841.77  3075  3123 50074.75 
 841.83  3080  3193 52084.5 
 841.87  3085  3263 56762.75 
 841.92  3090  3333 48767 
 841.98  3095  3403 51617.5 
 842.03  3100  3473 50531.5 
 842.08  3105  3543 77511.5 
 842.12  3110  3613 89901.5 
 842.17  3115  3683 85090.5 
 842.22  3120  3754 78032.5 
 842.27  3125  3824 87419.25 
 842.32  3130  3895 88815.75 
 842.38  3135  3965 88571 
 842.43  3140  4036 98534.25 
 842.48  3145  4107 81186.5 
 842.52  3150  4178 99836.75 
 842.57  3155  4249 84309.25 
 842.63  3160  4320 68668 
 842.68  3165  4391 89222.5 
 842.73  3170  4462 104441 
 842.78  3175  4534 99757.5 
 842.82  3180  4605 74589.75 
 842.87  3185  4677 84198.5 
 842.92  3190  4748 88404 
 842.97  3195  4820 75311.5 
 843.03  3200  4892 85050.75 
 843.08  3205  4964 90995.5 
 843.13  3210  5036 71187.75 
 843.18  3215  5108 64597.25 
 843.23  3220  5180 68544.25 
 843.28  3225  5253 53811.5 
 843.32  3230  5325 48391.75 
 843.37  3235  5397 50528.75 
 843.43  3240  5470 53207.5 
 843.48  3245  5543 50374.75 
 843.52  3250  5616 42386.5 
 843.81  3255  3766 30666.25 
 843.85  3260  3840 35233.25 
 843.89  3265  3914 34256 
 843.94  3270  3988 34362.5 
 843.99  3275  4063 33281.25 
 844.04  3280  4137 31191 
 844.09  3285  4212 30637.75 
 844.14  3290  4287 35610.75 
 844.19  3295  4361 39169.25 
 844.24  3300  4436 39919.25 
 844.29  3305  4511 32919.5 
 844.34  3310  4586 33772.5 
 844.39  3315  4662 33401.5 
 844.44  3320  4737 34463.75 
 844.49  3325  4812 34055 
 844.54  3330  4888 33711 
 844.59  3335  4964 30955.25 
 844.64  3340  5039 32157 
 844.69  3345  5115 35365.75 
 844.74  3350  5191 33164.25 
 844.79  3355  5267 36916 
 844.84  3360  5344 24935.5 
 844.89  3365  5420 31087.25 
 844.94  3370  5496 24992 
 844.99  3375  5573 31872.5 
 845.04  3380  5650 29351.75 
 845.09  3385  5726 32965.5 
 845.14  3390  5803 32336.5 
 845.19  3395  5880 31486.75 
 845.24  3400  5957 37465 
 845.29  3405  6035 32811.75 
 845.34  3410  6112 31613 
 845.39  3415  6189 27191.25 
 845.44  3420  6267 33136.75 
 845.49  3425  6345 31666 
 845.54  3430  6422 34272.25 
 845.59  3435  6500 32153.75 
 845.64  3440  6578 23144.25 
 845.69  3445  6657 23705.25 
 845.74  3450  6735 30630.25 
 845.79  3455  6813 30169 
 845.84  3460  6892 25091.25 
 845.89  3465  6971 29247.75 
 845.94  3470  7049 31066.5 
 845.99  3475  7128 24667.5 
 846.04  3480  7207 28148.5 
 846.09  3485  7286 27898.75 
 846.14  3490  7366 25111.5 
 846.19  3495  7445 24871.25 
 846.24  3500  7525 30583.25 
 846.29  3505  7604 31762.75 
 846.34  3510  7684 28219 
 846.39  3515  7764 26939.75 
 846.44  3520  7844 28667.75 
 846.49  3525  7924 21888.5 
 846.54  3530  8005 27566.75 
 846.59  3535  8085 29003 
 846.64  3540  8166 29735.75 
 846.69  3545  8246 27906.75 
 846.74  3550  8327 29549.5 
 846.79  3555  8408 25801.5 
 846.84  3560  8489 26652.5 
 846.89  3565  8570 22635.75 
 846.94  3570  8652 18400.5 
 846.99  3575  8733 22245 
 847.04  3580  8815 16675 
 847.09  3585  8897 13458.75 
 847.14  3590  8979 19817.25 
 847.19  3595  9061 25155 
 847.24  3600  9143 26025.5 
 847.29  3605  9225 20168.25 
 847.34  3610  9308 18335.5 
 847.39  3615  9390 20926 
 847.44  3620  9473 17429 
 847.49  3625  9556 23924.25 
 847.54  3630  9639 20143 
end
uaIntegration time is 0.2294 seconds per sampledt  3.4E-08 cy 1dh190619Arenosillo 37.1 6.73 3.68pr1000dark 11.9 
 900.02  2900  736 108.5 
 900.07  2905  803 107.75 
 900.12  2910  870 112 
 900.18  2915  937 109 
 900.23  2920  1004 105.25 
 900.27  2925  1071 116.75 
 900.33  2930  1138 117.5 
 900.38  2935  1206 126.75 
 900.42  2940  1273 138.5 
 900.47  2945  1341 146.75 
 900.52  2950  1408 173.25 
 900.57  2955  1476 212.5 
 900.62  2960  1544 285.25 
 900.67  2965  1611 301.75 
 900.73  2970  1679 374.25 
 900.78  2975  1747 664.25 
 900.82  2980  1815 793.25 
 900.87  2985  1883 783.5 
 900.93  2990  1952 1399.75 
 900.97  2995  2020 1838.75 
 901.02  3000  2088 1856.75 
 901.07  3005  2157 2432.5 
 901.12  3010  2225 3685.25 
 901.17  3015  2294 4819.5 
 901.23  3020  2362 4163.5 
 901.28  3025  2431 7339.5 
 901.33  3030  2500 11245.25 
 901.38  3035  2569 13206.5 
 901.43  3040  2638 12489.5 
 901.47  3045  2707 16198 
 901.53  3050  2776 21167.5 
 901.58  3055  2845 21790.25 
 901.62  3060  2915 20863.75 
 901.67  3065  2984 24348.25 
 901.72  3070  3054 31959.5 
 901.77  3075  3123 36631.25 
 901.82  3080  3193 38233 
 901.88  3085  3263 42076 
 901.93  3090  3333 36405.75 
 901.98  3095  3403 39293.75 
 902.02  3100  3473 38616.5 
 902.07  3105  3543 59859.75 
 902.12  3110  3613 69688 
 902.17  3115  3683 66382.25 
 902.22  3120  3754 61357.75 
 902.28  3125  3824 69298.5 
 902.33  3130  3895 70992.5 
 902.38  3135  3965 70642.75 
 902.43  3140  4036 79236.25 
 902.48  3145  4107 65663.75 
 902.53  3150  4178 81175 
 902.58  3155  4249 68365.25 
 902.63  3160  4320 55825.25 
 902.67  3165  4391 73054.5 
 902.72  3170  4462 85687.75 
 902.77  3175  4534 84779 
 902.82  3180  4605 61607 
 902.87  3185  4677 70217 
 902.93  3190  4748 73682.75 
 902.98  3195  4820 62483.75 
 903.03  3200  4892 70254 
 903.07  3205  4964 75613 
 903.12  3210  5036 59500 
 903.17  3215  5108 54159 
 903.22  3220  5180 57001.75 
 903.27  3225  5253 45019 
 903.33  3230  5325 40613 
 903.38  3235  5397 42641.5 
 903.43  3240  5470 45037.5 
 903.48  3245  5543 42324.75 
 903.52  3250  5616 35729.25 
 903.81  3255  3766 25738.75 
 903.84  3260  3840 29674.75 
 903.89  3265  3914 28869 
 903.94  3270  3988 29036 
 903.99  3275  4063 28101.5 
 904.04  3280  4137 26187 
 904.09  3285  4212 25887.75 
 904.14  3290  4287 30131.25 
 904.19  3295  4361 33471.25 
 904.24  3300  4436 33906.25 
 904.29  3305  4511 27898.5 
 904.34  3310  4586 28559 
 904.39  3315  4662 28375.25 
 904.44  3320  4737 29343.75 
 904.49  3325  4812 28918.75 
 904.54  3330  4888 28688 
 904.59  3335  4964 26217 
 904.64  3340  5039 27234.5 
 904.69  3345  5115 30009 
 904.74  3350  5191 28097.75 
 904.79  3355  5267 31398 
 904.84  3360  5344 21240 
 904.89  3365  5420 26402 
 904.94  3370  5496 21282.5 
 904.99  3375  5573 27013.5 
 905.04  3380  5650 24911 
 905.09  3385  5726 28082.75 
 905.14  3390  5803 27501 
 905.19  3395  5880 26758.5 
 905.24  3400  5957 31732.25 
 905.29  3405  6035 27792 
 905.34  3410  6112 26727.75 
 905.39  3415  6189 24638 
 905.44  3420  6267 29021 
 905.49  3425  6345 26855.25 
 905.54  3430  6422 29173.75 
 905.59  3435  6500 27180.25 
 905.64  3440  6578 19649.75 
 905.69  3445  6657 20169.75 
 905.74  3450  6735 26326.75 
 905.79  3455  6813 26387.25 
 905.84  3460  6892 22178.25 
 905.89  3465  6971 25012 
 905.94  3470  7049 26462.75 
 905.99  3475  7128 20944.75 
 906.04  3480  7207 24093 
 906.09  3485  7286 23730.25 
 906.14  3490  7366 21502.75 
 906.19  3495  7445 21418.75 
 906.24  3500  7525 26142.5 
 906.29  3505  7604 27039.25 
 906.34  3510  7684 23943.5 
 906.39  3515  7764 22839.25 
 906.44  3520  7844 24352.75 
 906.49  3525  7924 18554.75 
 906.54  3530  8005 23329.5 
 906.59  3535  8085 24599.75 
 906.64  3540  8166 25108.25 
 906.69  3545  8246 25354 
 906.74  3550  8327 24930.25 
 906.79  3555  8408 22031.5 
 906.84  3560  8489 22864.75 
 906.89  3565  8570 19203.25 
 906.94  3570  8652 15814.5 
 906.99  3575  8733 19145.25 
 907.04  3580  8815 14631 
 907.09  3585  8897 12425.5 
 907.14  3590  8979 17628.25 
 907.19  3595  9061 21396.5 
 907.24  3600  9143 22286.75 
 907.29  3605  9225 17188.75 
 907.34  3610  9308 15660.5 
 907.39  3615  9390 17742.75 
 907.44  3620  9473 14844 
 907.49  3625  9556 20362.5 
 907.54  3630  9639 17214.5 
end
uaIntegration time is 0.2294 seconds per sampledt  3.4E-08 cy 1dh190619Arenosillo 37.1 6.73 3.64pr1000dark 9.399999 
 960.02  2900  736 74.5 
 960.08  2905  803 76 
 960.13  2910  870 80.5 
 960.17  2915  937 73.5 
 960.22  2920  1004 73.75 
 960.28  2925  1071 80.5 
 960.33  2930  1138 81 
 960.38  2935  1206 69.25 
 960.42  2940  1273 80 
 960.47  2945  1341 76.25 
 960.52  2950  1408 85 
 960.57  2955  1476 105.25 
 960.63  2960  1544 124.5 
 960.68  2965  1611 133 
 960.73  2970  1679 153.75 
 960.78  2975  1747 239 
 960.82  2980  1815 286.75 
 960.87  2985  1883 303 
 960.93  2990  1952 500.5 
 960.97  2995  2020 691.25 
 961.03  3000  2088 707.5 
 961.07  3005  2157 955.5 
 961.13  3010  2225 1503.25 
 961.18  3015  2294 2004.25 
 961.23  3020  2362 1818.25 
 961.28  3025  2431 3292.5 
 961.33  3030  2500 5247 
 961.37  3035  2569 6326.5 
 961.43  3040  2638 5139.25 
 961.47  3045  2707 7660 
 961.52  3050  2776 10155.75 
 961.57  3055  2845 10446 
 961.62  3060  2915 10838 
 961.68  3065  2984 12887 
 961.73  3070  3054 17898.5 
 961.78  3075  3123 21375.5 
 961.83  3080  3193 22942.5 
 961.88  3085  3263 25606 
 961.93  3090  3333 21727 
 961.98  3095  3403 24051.75 
 962.02  3100  3473 24591.25 
 962.08  3105  3543 38575.25 
 962.13  3110  3613 45124 
 962.18  3115  3683 39939.25 
 962.23  3120  3754 38990.75 
 962.28  3125  3824 39168.25 
 962.33  3130  3895 40785.75 
 962.38  3135  3965 39421 
 962.42  3140  4036 44773.75 
 962.47  3145  4107 41414.75 
 962.53  3150  4178 54858.5 
 962.58  3155  4249 48382 
 962.63  3160  4320 40056.5 
 962.67  3165  4391 52961.75 
 962.73  3170  4462 62182.25 
 962.77  3175  4534 61171.75 
 962.82  3180  4605 44911.25 
 962.88  3185  4677 51727.5 
 962.93  3190  4748 54452.5 
 962.98  3195  4820 45579.25 
 963.03  3200  4892 51397.5 
 963.07  3205  4964 56265.5 
 963.12  3210  5036 44470 
 963.18  3215  5108 40489.5 
 963.23  3220  5180 42262 
 963.28  3225  5253 33240.5 
 963.33  3230  5325 30223 
 963.38  3235  5397 31908.25 
 963.43  3240  5470 33631 
 963.48  3245  5543 31834.5 
 963.53  3250  5616 26240.75 
 963.81  3255  3766 17859 
 963.85  3260  3840 21839.5 
 963.89  3265  3914 22412.75 
 963.94  3270  3988 22385 
 963.99  3275  4063 21519.5 
 964.04  3280  4137 19604.25 
 964.09  3285  4212 19711 
 964.14  3290  4287 23182.25 
 964.19  3295  4361 25594 
 964.24  3300  4436 25816 
 964.29  3305  4511 21234 
 964.34  3310  4586 21783.25 
 964.39  3315  4662 21521.5 
 964.44  3320  4737 22409.5 
 964.49  3325  4812 22179 
 964.54  3330  4888 21923.25 
 964.59  3335  4964 20165.75 
 964.64  3340  5039 20814.5 
 964.69  3345  5115 22627.5 
 964.74  3350  5191 21319.75 
 964.79  3355  5267 23939 
 964.84  3360  5344 16422.5 
 964.89  3365  5420 20317.75 
 964.94  3370  5496 16371 
 964.99  3375  5573 20836.75 
 965.04  3380  5650 19331.25 
 965.09  3385  5726 21586.5 
 965.14  3390  5803 21112 
 965.19  3395  5880 20767.5 
 965.24  3400  5957 24314.25 
 965.29  3405  6035 19876 
 965.34  3410  6112 20084 
 965.39  3415  6189 19005 
 965.44  3420  6267 22669 
 965.49  3425  6345 21111.25 
 965.54  3430  6422 23011.75 
 965.59  3435  6500 21536.5 
 965.64  3440  6578 15168 
 965.69  3445  6657 14664.75 
 965.74  3450  6735 18493 
 965.79  3455  6813 18561.25 
 965.84  3460  6892 16515.75 
 965.89  3465  6971 17912.75 
 965.94  3470  7049 18732 
 965.99  3475  7128 16822.25 
 966.04  3480  7207 19292 
 966.09  3485  7286 17120.5 
 966.14  3490  7366 15475.75 
 966.19  3495  7445 16330.5 
 966.24  3500  7525 19441.75 
 966.29  3505  7604 21060.25 
 966.34  3510  7684 18640 
 966.39  3515  7764 17774.75 
 966.44  3520  7844 19026.25 
 966.49  3525  7924 14479.75 
 966.54  3530  8005 18065.5 
 966.59  3535  8085 19037 
 966.64  3540  8166 19458 
 966.69  3545  8246 19742.5 
 966.74  3550  8327 19360.5 
 966.79  3555  8408 17082 
 966.84  3560  8489 17765 
 966.89  3565  8570 14828.75 
 966.94  3570  8652 12174 
 966.99  3575  8733 14719.25 
 967.04  3580  8815 11296.5 
 967.09  3585  8897 9674 
 967.14  3590  8979 13636 
 967.19  3595  9061 16552 
 967.24  3600  9143 17437.5 
 967.29  3605  9225 13302.5 
 967.34  3610  9308 12239.5 
 967.39  3615  9390 13947.75 
 967.44  3620  9473 11569.75 
 967.49  3625  9556 15833.75 
 967.54  3630  9639 13395 
end
uaIntegration time is 0.2294 seconds per sampledt  3.4E-08 cy 1dh190619Arenosillo 37.1 6.73 3.58pr1000dark 8.850001 
 1020.02  2900  736 44.75 
 1020.07  2905  803 45.25 
 1020.13  2910  870 48 
 1020.17  2915  937 47.25 
 1020.22  2920  1004 51 
 1020.27  2925  1071 46.75 
 1020.32  2930  1138 50.25 
 1020.37  2935  1206 47.25 
 1020.42  2940  1273 48.25 
 1020.47  2945  1341 44 
 1020.53  2950  1408 50 
 1020.57  2955  1476 46.5 
 1020.62  2960  1544 57 
 1020.68  2965  1611 54.75 
 1020.72  2970  1679 56 
 1020.78  2975  1747 71 
 1020.82  2980  1815 73.75 
 1020.87  2985  1883 88.25 
 1020.92  2990  1952 119 
 1020.97  2995  2020 149.25 
 1021.02  3000  2088 168.75 
 1021.08  3005  2157 224 
 1021.13  3010  2225 353 
 1021.18  3015  2294 476.25 
 1021.22  3020  2362 453 
 1021.28  3025  2431 848.5 
 1021.32  3030  2500 1419.5 
 1021.37  3035  2569 1772.75 
 1021.43  3040  2638 1794.75 
 1021.47  3045  2707 2518.5 
 1021.52  3050  2776 3641.75 
 1021.57  3055  2845 3898 
 1021.62  3060  2915 3897.25 
 1021.67  3065  2984 4892.75 
 1021.73  3070  3054 6936.25 
 1021.78  3075  3123 8287.75 
 1021.83  3080  3193 9137 
 1021.87  3085  3263 10469.75 
 1021.92  3090  3333 9312.25 
 1021.97  3095  3403 11043.25 
 1022.02  3100  3473 11291.25 
 1022.07  3105  3543 17970.5 
 1022.13  3110  3613 21688 
 1022.18  3115  3683 21073.75 
 1022.23  3120  3754 20596.75 
 1022.28  3125  3824 24204.25 
 1022.33  3130  3895 25157.75 
 1022.38  3135  3965 24940.5 
 1022.42  3140  4036 28996.5 
 1022.47  3145  4107 25218.75 
 1022.52  3150  4178 31543.25 
 1022.57  3155  4249 26180.5 
 1022.62  3160  4320 22223.5 
 1022.67  3165  4391 30084.25 
 1022.72  3170  4462 35578.25 
 1022.78  3175  4534 34867.75 
 1022.83  3180  4605 25950.75 
 1022.88  3185  4677 30662.75 
 1022.92  3190  4748 32336 
 1022.98  3195  4820 25540.25 
 1023.03  3200  4892 29787.5 
 1023.07  3205  4964 33628 
 1023.12  3210  5036 27394.75 
 1023.18  3215  5108 25029.75 
 1023.23  3220  5180 25736.75 
 1023.28  3225  5253 20284.5 
 1023.33  3230  5325 18512.75 
 1023.38  3235  5397 20219 
 1023.43  3240  5470 21536 
 1023.47  3245  5543 20025.25 
 1023.52  3250  5616 16553 
 1023.81  3255  3766 11247.75 
 1023.84  3260  3840 12949.25 
 1023.89  3265  3914 13968.5 
 1023.94  3270  3988 13918.5 
 1023.99  3275  4063 12364 
 1024.04  3280  4137 11262.25 
 1024.09  3285  4212 11688.75 
 1024.14  3290  4287 14016.25 
 1024.19  3295  4361 16613.25 
 1024.24  3300  4436 16865.5 
 1024.29  3305  4511 13662 
 1024.34  3310  4586 14054.5 
 1024.39  3315  4662 14030.25 
 1024.44  3320  4737 14680.5 
 1024.49  3325  4812 14555.75 
 1024.54  3330  4888 14344 
 1024.59  3335  4964 13077 
 1024.64  3340  5039 13473.25 
 1024.69  3345  5115 15058.25 
 1024.74  3350  5191 14105 
 1024.79  3355  5267 15851 
 1024.84  3360  5344 10747.25 
 1024.89  3365  5420 13158.5 
 1024.94  3370  5496 10584.75 
 1024.99  3375  5573 13460 
 1025.04  3380  5650 12452.75 
 1025.09  3385  5726 14121.75 
 1025.14  3390  5803 13763 
 1025.19  3395  5880 13416.5 
 1025.24  3400  5957 15791.75 
 1025.29  3405  6035 13953.75 
 1025.34  3410  6112 13511.75 
 1025.39  3415  6189 12446.75 
 1025.44  3420  6267 14456.75 
 1025.49  3425  6345 13472.25 
 1025.54  3430  6422 14638.75 
 1025.59  3435  6500 13583 
 1025.64  3440  6578 9864 
 1025.69  3445  6657 10116 
 1025.74  3450  6735 13197 
 1025.79  3455  6813 13304.75 
 1025.84  3460  6892 11250.75 
 1025.89  3465  6971 12660 
 1025.94  3470  7049 13485.25 
 1025.99  3475  7128 10567 
 1026.04  3480  7207 12075 
 1026.09  3485  7286 11279.25 
 1026.14  3490  7366 9358 
 1026.19  3495  7445 10665.5 
 1026.24  3500  7525 13333.25 
 1026.29  3505  7604 13686 
 1026.34  3510  7684 12152.25 
 1026.39  3515  7764 11734.5 
 1026.44  3520  7844 12487.75 
 1026.49  3525  7924 9328.5 
 1026.54  3530  8005 10857.25 
 1026.59  3535  8085 11228 
 1026.64  3540  8166 11748.5 
 1026.69  3545  8246 12826 
 1026.74  3550  8327 12793.5 
 1026.79  3555  8408 10680.5 
 1026.84  3560  8489 11625.75 
 1026.89  3565  8570 9755.75 
 1026.94  3570  8652 8110.25 
 1026.99  3575  8733 9761.5 
 1027.04  3580  8815 7258.5 
 1027.09  3585  8897 6399.25 
 1027.14  3590  8979 8843 
 1027.19  3595  9061 10826.75 
 1027.24  3600  9143 11277.25 
 1027.29  3605  9225 7563.75 
 1027.34  3610  9308 6857.25 
 1027.39  3615  9390 7639.5 
 1027.44  3620  9473 7255 
 1027.49  3625  9556 10462.75 
 1027.54  3630  9639 8903.75 
end
uxIntegration time is 0.2294 seconds per sampledt  3.4E-08 cy 1dh190619Arenosillo 37.1 6.73 3.29pr1000dark 4 
 1179.31  2900  736 4.25 
 1179.34  2905  803 4 
 1179.38  2910  870 5.75 
 1179.42  2915  937 5.5 
 1179.45  2920  1004 5 
 1179.49  2925  1071 3.75 
 1179.53  2930  1138 5 
 1179.57  2935  1206 5 
 1179.6  2940  1273 5 
 1179.64  2945  1341 5 
 1179.68  2950  1408 5.5 
 1179.71  2955  1476 5.75 
 1179.75  2960  1544 5.25 
 1179.79  2965  1611 3.75 
 1179.82  2970  1679 4.25 
 1179.86  2975  1747 4.5 
 1179.9  2980  1815 5.25 
 1179.94  2985  1883 4.75 
 1179.97  2990  1952 5.25 
 1180.01  2995  2020 5.5 
 1180.04  3000  2088 6 
 1180.07  3005  2157 6.5 
 1180.1  3010  2225 6 
 1180.12  3015  2294 7 
 1180.15  3020  2362 5.5 
 1180.18  3025  2431 7.5 
 1180.21  3030  2500 12.5 
 1180.24  3035  2569 11 
 1180.27  3040  2638 11 
 1180.29  3045  2707 16 
 1180.32  3050  2776 17 
 1180.35  3055  2845 19 
 1180.38  3060  2915 20 
 1180.41  3065  2984 23.5 
 1180.44  3070  3054 29.5 
 1180.46  3075  3123 43 
 1180.49  3080  3193 35.5 
 1180.52  3085  3263 41.5 
 1180.55  3090  3333 34 
 1180.58  3095  3403 40 
 1180.61  3100  3473 44.5 
 1180.63  3105  3543 75.5 
 1180.66  3110  3613 84.5 
 1180.69  3115  3683 81.5 
 1180.72  3120  3754 85 
 1180.75  3125  3824 95.5 
 1180.78  3130  3895 105.5 
 1180.8  3135  3965 108.5 
 1180.83  3140  4036 120 
 1180.86  3145  4107 117.5 
 1180.89  3150  4178 153.5 
 1180.92  3155  4249 127.5 
 1180.95  3160  4320 127.5 
 1180.98  3165  4391 170 
 1181.01  3170  4462 200.5 
 1181.03  3175  4534 191 
 1181.06  3180  4605 164.5 
 1181.09  3185  4677 221.5 
 1181.12  3190  4748 271 
 1181.15  3195  4820 196.5 
 1181.18  3200  4892 203.5 
 1181.2  3205  4964 293.5 
 1181.23  3210  5036 299 
 1181.26  3215  5108 289.5 
 1181.29  3220  5180 240.5 
 1181.32  3225  5253 182.5 
 1181.35  3230  5325 204.5 
 1181.37  3235  5397 288.5 
 1181.4  3240  5470 338.5 
 1181.43  3245  5543 269 
 1181.46  3250  5616 187 
 1181.72  3255  3766 155 
 1181.75  3260  3840 225 
 1181.78  3265  3914 276.5 
 1181.8  3270  3988 261 
 1181.83  3275  4063 223.5 
 1181.86  3280  4137 178 
 1181.89  3285  4212 226 
 1181.92  3290  4287 323 
 1181.95  3295  4361 379 
 1181.98  3300  4436 370.5 
 1182.01  3305  4511 259 
 1182.04  3310  4586 251.5 
 1182.06  3315  4662 280 
 1182.09  3320  4737 353 
 1182.12  3325  4812 368.5 
 1182.15  3330  4888 352.5 
 1182.18  3335  4964 284.5 
 1182.21  3340  5039 284.5 
 1182.23  3345  5115 361.5 
 1182.26  3350  5191 360.5 
 1182.29  3355  5267 434 
 1182.32  3360  5344 283.5 
 1182.35  3365  5420 330.5 
 1182.38  3370  5496 248.5 
 1182.41  3375  5573 321 
 1182.44  3380  5650 324 
 1182.47  3385  5726 394 
 1182.49  3390  5803 375 
 1182.52  3395  5880 378 
 1182.55  3400  5957 405 
 1182.58  3405  6035 363.5 
 1182.61  3410  6112 372.5 
 1182.64  3415  6189 367.5 
 1182.67  3420  6267 416 
 1182.7  3425  6345 385 
 1182.73  3430  6422 398 
 1182.75  3435  6500 380.5 
 1182.78  3440  6578 249 
 1182.81  3445  6657 273 
 1182.84  3450  6735 363 
 1182.87  3455  6813 376.5 
 1182.9  3460  6892 306.5 
 1182.93  3465  6971 364 
 1182.96  3470  7049 371 
 1182.99  3475  7128 303.5 
 1183.02  3480  7207 336.5 
 1183.05  3485  7286 345 
 1183.08  3490  7366 324.5 
 1183.11  3495  7445 303.5 
 1183.14  3500  7525 364 
 1183.17  3505  7604 371 
 1183.2  3510  7684 333 
 1183.23  3515  7764 316 
 1183.26  3520  7844 335.5 
 1183.29  3525  7924 263.5 
 1183.32  3530  8005 332.5 
 1183.35  3535  8085 342.5 
 1183.38  3540  8166 340 
 1183.41  3545  8246 341.5 
 1183.45  3550  8327 350.5 
 1183.48  3555  8408 306.5 
 1183.51  3560  8489 314 
 1183.54  3565  8570 266 
 1183.57  3570  8652 216 
 1183.6  3575  8733 264.5 
 1183.63  3580  8815 202.5 
 1183.66  3585  8897 178 
 1183.69  3590  8979 248.5 
 1183.72  3595  9061 296 
 1183.75  3600  9143 288 
 1183.78  3605  9225 235.5 
 1183.81  3610  9308 203.5 
 1183.84  3615  9390 251.5 
 1183.87  3620  9473 199 
 1183.9  3625  9556 278.5 
 1183.94  3630  9639 229.5 
end
