uxIntegration time is 0.2294 seconds per sampledt  2.7E-08 cy 1dh200619El Arenosillo 37.1 6.73 2.88pr1000dark .8 
 301.56  2900  722 .5 
 301.6  2905  789 .25 
 301.64  2910  857 .25 
 301.68  2915  924 .25 
 301.72  2920  992 .25 
 301.76  2925  1060 .25 
 301.8  2930  1127 0 
 301.84  2935  1195 .75 
 301.87  2940  1263 0 
 301.91  2945  1331 .25 
 301.95  2950  1399 .25 
 301.99  2955  1468 .75 
 302.03  2960  1536 .25 
 302.07  2965  1604 .75 
 302.11  2970  1672 .25 
 302.15  2975  1741 .75 
 302.19  2980  1809 .25 
 302.23  2985  1878 .25 
 302.27  2990  1946 .5 
 302.31  2995  2015 .5 
 302.34  3000  2084 0 
 302.37  3005  2153 .5 
 302.4  3010  2221 .5 
 302.43  3015  2290 .5 
 302.46  3020  2359 1 
 302.49  3025  2428 1 
 302.52  3030  2498 1.5 
 302.55  3035  2567 1.5 
 302.58  3040  2636 2 
 302.61  3045  2705 2 
 302.64  3050  2775 3 
 302.67  3055  2844 4 
 302.7  3060  2914 3.5 
 302.73  3065  2984 3 
 302.76  3070  3053 7 
 302.8  3075  3123 7.5 
 302.83  3080  3193 6 
 302.86  3085  3263 8.5 
 302.89  3090  3333 8.5 
 302.92  3095  3403 7.5 
 302.95  3100  3473 12 
 302.98  3105  3544 14 
 303.01  3110  3614 16.5 
 303.04  3115  3684 16.5 
 303.07  3120  3755 19.5 
 303.1  3125  3826 21.5 
 303.13  3130  3896 22 
 303.16  3135  3967 23 
 303.19  3140  4038 35.5 
 303.22  3145  4109 27 
 303.25  3150  4180 34.5 
 303.28  3155  4251 26 
 303.32  3160  4322 34.5 
 303.35  3165  4393 36 
 303.38  3170  4465 44 
 303.41  3175  4536 39.5 
 303.44  3180  4607 32 
 303.47  3185  4679 49.5 
 303.5  3190  4751 56 
 303.53  3195  4822 39.5 
 303.56  3200  4894 45 
 303.59  3205  4966 62 
 303.62  3210  5038 60.5 
 303.65  3215  5110 54.5 
 303.68  3220  5183 43.5 
 303.71  3225  5255 44 
 303.74  3230  5327 42 
 303.77  3235  5400 64 
 303.8  3240  5472 70.5 
 303.83  3245  5545 55 
 303.86  3250  5618 38.5 
 304.14  3255  3767 30 
 304.17  3260  3842 41 
 304.2  3265  3916 51.5 
 304.23  3270  3990 50.5 
 304.26  3275  4065 40.5 
 304.29  3280  4139 39.5 
 304.32  3285  4214 46 
 304.35  3290  4288 65.5 
 304.38  3295  4363 79 
 304.41  3300  4438 77 
 304.44  3305  4513 49 
 304.47  3310  4588 53 
 304.5  3315  4664 59.5 
 304.53  3320  4739 72.5 
 304.57  3325  4814 83.5 
 304.6  3330  4890 75.5 
 304.63  3335  4965 74.5 
 304.66  3340  5041 69.5 
 304.69  3345  5117 82 
 304.72  3350  5193 96 
 304.75  3355  5269 104 
 304.78  3360  5345 73.5 
 304.81  3365  5421 79 
 304.84  3370  5498 63.5 
 304.87  3375  5574 82 
 304.91  3380  5651 72.5 
 304.94  3385  5728 105 
 304.97  3390  5805 94.5 
 305  3395  5882 113.5 
 305.03  3400  5959 101.5 
 305.06  3405  6036 91.5 
 305.09  3410  6113 91.5 
 305.12  3415  6190 94 
 305.15  3420  6268 111 
 305.19  3425  6346 108 
 305.22  3430  6423 109.5 
 305.25  3435  6501 99 
 305.28  3440  6579 65.5 
 305.31  3445  6658 74 
 305.34  3450  6736 98 
 305.38  3455  6814 96.5 
 305.41  3460  6893 88.5 
 305.44  3465  6971 99.5 
 305.47  3470  7050 108.5 
 305.5  3475  7129 82 
 305.54  3480  7208 104.5 
 305.57  3485  7287 97.5 
 305.6  3490  7367 90 
 305.63  3495  7446 91 
 305.66  3500  7526 108.5 
 305.7  3505  7605 110 
 305.73  3510  7685 97.5 
 305.76  3515  7765 100.5 
 305.79  3520  7845 97.5 
 305.82  3525  7925 87 
 305.86  3530  8006 105.5 
 305.89  3535  8086 103 
 305.92  3540  8167 115 
 305.95  3545  8248 117 
 305.98  3550  8329 108.5 
 306.02  3555  8410 98 
 306.05  3560  8491 104.5 
 306.08  3565  8572 86 
 306.11  3570  8654 74 
 306.14  3575  8736 92 
 306.18  3580  8818 66.5 
 306.21  3585  8900 56 
 306.24  3590  8982 80.5 
 306.27  3595  9064 95 
 306.31  3600  9146 104.5 
 306.34  3605  9229 86.5 
 306.37  3610  9312 75 
 306.4  3615  9395 82 
 306.43  3620  9478 69.5 
 306.47  3625  9561 96 
 306.5  3630  9645 80 
end
uaIntegration time is 0.2294 seconds per sampledt  2.7E-08 cy 1dh200619El Arenosillo 37.1 6.73 3.19pr1000dark .45 
 481.02  2900  722 27.5 
 481.08  2905  789 28.25 
 481.13  2910  857 30 
 481.18  2915  924 38.5 
 481.23  2920  992 32.5 
 481.28  2925  1060 30.5 
 481.33  2930  1127 37 
 481.38  2935  1195 34.75 
 481.43  2940  1263 38.75 
 481.48  2945  1331 37.25 
 481.53  2950  1399 39 
 481.58  2955  1468 32.75 
 481.63  2960  1536 37 
 481.68  2965  1604 36.75 
 481.73  2970  1672 43.5 
 481.78  2975  1741 46 
 481.83  2980  1809 48.5 
 481.88  2985  1878 53.5 
 481.93  2990  1946 75 
 481.98  2995  2015 105.25 
 482.03  3000  2084 107.25 
 482.08  3005  2153 141 
 482.13  3010  2221 231.5 
 482.18  3015  2290 304 
 482.23  3020  2359 299 
 482.28  3025  2428 544.5 
 482.33  3030  2498 912 
 482.38  3035  2567 1120.25 
 482.43  3040  2636 1142.5 
 482.48  3045  2705 1568.25 
 482.53  3050  2775 2295 
 482.58  3055  2844 2434 
 482.63  3060  2914 2514.5 
 482.68  3065  2984 3052.5 
 482.73  3070  3053 4344 
 482.78  3075  3123 5363 
 482.83  3080  3193 5712.75 
 482.88  3085  3263 6552 
 482.93  3090  3333 5915.75 
 482.98  3095  3403 6925.5 
 483.03  3100  3473 7141.25 
 483.08  3105  3544 11186.25 
 483.13  3110  3614 13532.5 
 483.18  3115  3684 13261.75 
 483.23  3120  3755 12919.5 
 483.28  3125  3826 15217 
 483.33  3130  3896 15960 
 483.38  3135  3967 15888.75 
 483.43  3140  4038 18500.25 
 483.48  3145  4109 16237 
 483.53  3150  4180 20288 
 483.58  3155  4251 16880 
 483.63  3160  4322 14501 
 483.68  3165  4393 19589.5 
 483.73  3170  4465 23284.75 
 483.78  3175  4536 22843.75 
 483.83  3180  4607 17087.5 
 483.88  3185  4679 20367.5 
 483.93  3190  4751 21293.75 
 483.98  3195  4822 18148.75 
 484.03  3200  4894 20568 
 484.08  3205  4966 22895.75 
 484.13  3210  5038 18218.75 
 484.18  3215  5110 17173.5 
 484.23  3220  5183 17210.5 
 484.28  3225  5255 13469.25 
 484.33  3230  5327 13045.5 
 484.38  3235  5400 13885.75 
 484.43  3240  5472 14797.75 
 484.48  3245  5545 13555.5 
 484.53  3250  5618 11547.25 
 484.82  3255  3767 7118.5 
 484.86  3260  3842 8413.5 
 484.9  3265  3916 8393.25 
 484.94  3270  3990 8433.25 
 484.99  3275  4065 8109.5 
 485.04  3280  4139 7544.5 
 485.09  3285  4214 7587.5 
 485.14  3290  4288 8991.5 
 485.19  3295  4363 10090.5 
 485.24  3300  4438 10193.5 
 485.29  3305  4513 8336 
 485.34  3310  4588 8572.25 
 485.39  3315  4664 8642 
 485.44  3320  4739 9010.75 
 485.49  3325  4814 8980.25 
 485.54  3330  4890 8904 
 485.59  3335  4965 8059.5 
 485.64  3340  5041 8515.5 
 485.69  3345  5117 9435.25 
 485.74  3350  5193 9039 
 485.79  3355  5269 9880.25 
 485.84  3360  5345 6819.75 
 485.9  3365  5421 8379 
 485.94  3370  5498 6820 
 485.99  3375  5574 8799.75 
 486.04  3380  5651 8023.5 
 486.09  3385  5728 9300 
 486.14  3390  5805 8748.5 
 486.19  3395  5882 8962.5 
 486.24  3400  5959 10346.75 
 486.29  3405  6036 9118.5 
 486.34  3410  6113 8849.75 
 486.39  3415  6190 8312.5 
 486.44  3420  6268 9716 
 486.49  3425  6346 9083 
 486.55  3430  6423 9823.75 
 486.59  3435  6501 9170.75 
 486.64  3440  6579 6481 
 486.69  3445  6658 7095.5 
 486.74  3450  6736 9012.25 
 486.79  3455  6814 8992.5 
 486.84  3460  6893 7691.5 
 486.89  3465  6971 8623.75 
 486.95  3470  7050 9155.5 
 486.99  3475  7129 7293.5 
 487.04  3480  7208 8464.75 
 487.1  3485  7287 8378.75 
 487.14  3490  7367 7576.25 
 487.19  3495  7446 7590.25 
 487.24  3500  7526 9340.75 
 487.29  3505  7605 9598.25 
 487.34  3510  7685 8526.5 
 487.39  3515  7765 8207.5 
 487.44  3520  7845 8744 
 487.49  3525  7925 6702.75 
 487.54  3530  8006 8445.25 
 487.6  3535  8086 8912.5 
 487.64  3540  8167 9167.5 
 487.69  3545  8248 9182.25 
 487.74  3550  8329 9093 
 487.79  3555  8410 8081.25 
 487.84  3560  8491 8379.75 
 487.89  3565  8572 7009.75 
 487.94  3570  8654 5800.5 
 487.99  3575  8736 7043 
 488.04  3580  8818 5408 
 488.09  3585  8900 4613.75 
 488.15  3590  8982 6391.75 
 488.19  3595  9064 7865.75 
 488.24  3600  9146 8185.25 
 488.29  3605  9229 6378 
 488.34  3610  9312 5733.75 
 488.39  3615  9395 6551.75 
 488.44  3620  9478 5438 
 488.49  3625  9561 7416.25 
 488.54  3630  9645 6448.75 
end
uaIntegration time is 0.2294 seconds per sampledt  2.7E-08 cy 1dh200619El Arenosillo 37.1 6.73 3.33pr1000dark 2.05 
 540.02  2900  722 50.25 
 540.08  2905  789 52.25 
 540.13  2910  857 57.25 
 540.18  2915  924 52 
 540.23  2920  992 48 
 540.28  2925  1060 54.25 
 540.33  2930  1127 56.25 
 540.38  2935  1195 53.25 
 540.43  2940  1263 65.5 
 540.48  2945  1331 63 
 540.53  2950  1399 60 
 540.58  2955  1468 74.25 
 540.63  2960  1536 74 
 540.68  2965  1604 82 
 540.73  2970  1672 93 
 540.78  2975  1741 139.25 
 540.83  2980  1809 169 
 540.88  2985  1878 178.25 
 540.93  2990  1946 281 
 540.98  2995  2015 382.5 
 541.03  3000  2084 408.25 
 541.08  3005  2153 541.75 
 541.13  3010  2221 825 
 541.18  3015  2290 1112.5 
 541.23  3020  2359 1023.5 
 541.28  3025  2428 1856.25 
 541.33  3030  2498 2932.75 
 541.38  3035  2567 3459.5 
 541.43  3040  2636 3410.25 
 541.48  3045  2705 4503.25 
 541.53  3050  2775 6173.75 
 541.58  3055  2844 6430.25 
 541.63  3060  2914 6384 
 541.68  3065  2984 7557 
 541.72  3070  3053 10171.5 
 541.78  3075  3123 12130.25 
 541.83  3080  3193 12845.75 
 541.88  3085  3263 14304.5 
 541.93  3090  3333 12620.75 
 541.98  3095  3403 13935.75 
 542.03  3100  3473 14080.25 
 542.08  3105  3544 21934.75 
 542.13  3110  3614 26229.75 
 542.18  3115  3684 25383.75 
 542.23  3120  3755 23936.75 
 542.28  3125  3826 27585.5 
 542.33  3130  3896 28435.25 
 542.38  3135  3967 28469 
 542.43  3140  4038 32456.75 
 542.48  3145  4109 27608.25 
 542.53  3150  4180 34316.75 
 542.58  3155  4251 28726 
 542.63  3160  4322 24268 
 542.68  3165  4393 32050.5 
 542.73  3170  4465 37937.75 
 542.77  3175  4536 37271.5 
 542.83  3180  4607 27386.25 
 542.88  3185  4679 31921.75 
 542.93  3190  4751 33275.5 
 542.98  3195  4822 28686.25 
 543.03  3200  4894 32571.75 
 543.08  3205  4966 35326 
 543.13  3210  5038 27611.25 
 543.18  3215  5110 26076.5 
 543.23  3220  5183 26792.25 
 543.28  3225  5255 20921.5 
 543.33  3230  5327 19847.5 
 543.38  3235  5400 20818.25 
 543.43  3240  5472 22193 
 543.48  3245  5545 20459 
 543.53  3250  5618 17633.5 
 543.82  3255  3767 10641.25 
 543.86  3260  3842 12473 
 543.89  3265  3916 12258.75 
 543.94  3270  3990 12338.25 
 543.99  3275  4065 11950.25 
 544.04  3280  4139 11169 
 544.09  3285  4214 11170.5 
 544.14  3290  4288 13039.25 
 544.19  3295  4363 14608.5 
 544.24  3300  4438 14810.5 
 544.29  3305  4513 12179.75 
 544.34  3310  4588 12568.75 
 544.4  3315  4664 12596 
 544.44  3320  4739 13025.75 
 544.49  3325  4814 12977.25 
 544.54  3330  4890 12891 
 544.59  3335  4965 11766.5 
 544.64  3340  5041 12357.25 
 544.69  3345  5117 13606.75 
 544.74  3350  5193 12979.5 
 544.79  3355  5269 14262.25 
 544.84  3360  5345 9784.5 
 544.89  3365  5421 12154.5 
 544.94  3370  5498 9815.75 
 544.99  3375  5574 12715.75 
 545.05  3380  5651 11641.5 
 545.09  3385  5728 13396.25 
 545.14  3390  5805 12756.75 
 545.19  3395  5882 12893.25 
 545.24  3400  5959 14946.5 
 545.29  3405  6036 13129.75 
 545.34  3410  6113 12797.25 
 545.4  3415  6190 11993.5 
 545.45  3420  6268 13892.25 
 545.49  3425  6346 13017.75 
 545.54  3430  6423 13983.5 
 545.59  3435  6501 13100.5 
 545.64  3440  6579 9251 
 545.69  3445  6658 10122.5 
 545.74  3450  6736 12916.5 
 545.79  3455  6814 12846.5 
 545.84  3460  6893 10980.5 
 545.89  3465  6971 12406.25 
 545.94  3470  7050 13105 
 545.99  3475  7129 10368.75 
 546.05  3480  7208 12054.5 
 546.1  3485  7287 11865.5 
 546.14  3490  7367 10718 
 546.19  3495  7446 10761.75 
 546.24  3500  7526 13223.75 
 546.29  3505  7605 13679 
 546.34  3510  7685 12112 
 546.39  3515  7765 11724 
 546.45  3520  7845 12303.75 
 546.5  3525  7925 9516 
 546.54  3530  8006 12028.25 
 546.59  3535  8086 12639.75 
 546.64  3540  8167 12943.75 
 546.69  3545  8248 12994.75 
 546.74  3550  8329 12926.25 
 546.79  3555  8410 11404.5 
 546.84  3560  8491 11857.25 
 546.89  3565  8572 9936 
 546.94  3570  8654 8187.25 
 546.99  3575  8736 9891.75 
 547.04  3580  8818 7665 
 547.1  3585  8900 6489.25 
 547.15  3590  8982 9053.75 
 547.19  3595  9064 11142.25 
 547.25  3600  9146 11597.75 
 547.29  3605  9229 9025.25 
 547.34  3610  9312 8075.75 
 547.39  3615  9395 9288.5 
 547.44  3620  9478 7620 
 547.5  3625  9561 10459.75 
 547.54  3630  9645 9068.25 
end
uaIntegration time is 0.2294 seconds per sampledt  2.7E-08 cy 1dh200619El Arenosillo 37.1 6.73 3.41pr1000dark 2.1 
 600.02  2900  722 71.75 
 600.08  2905  789 70.5 
 600.13  2910  857 71.75 
 600.18  2915  924 74.25 
 600.23  2920  992 77.25 
 600.28  2925  1060 78.75 
 600.33  2930  1127 79.5 
 600.38  2935  1195 89 
 600.43  2940  1263 93.25 
 600.48  2945  1331 97.5 
 600.53  2950  1399 98.5 
 600.58  2955  1468 123.75 
 600.63  2960  1536 160.25 
 600.68  2965  1604 175.25 
 600.73  2970  1672 205 
 600.78  2975  1741 363 
 600.83  2980  1809 409 
 600.88  2985  1878 423.5 
 600.93  2990  1946 729.5 
 600.98  2995  2015 945 
 601.03  3000  2084 952.25 
 601.08  3005  2153 1244.5 
 601.13  3010  2221 1879.75 
 601.18  3015  2290 2451 
 601.23  3020  2359 2201.5 
 601.28  3025  2428 3873 
 601.33  3030  2498 5846.75 
 601.38  3035  2567 6782 
 601.43  3040  2636 6507.75 
 601.48  3045  2705 8507 
 601.53  3050  2775 11289.75 
 601.58  3055  2844 11412.5 
 601.63  3060  2914 11178.5 
 601.68  3065  2984 13003.25 
 601.73  3070  3053 17085.25 
 601.78  3075  3123 19783.75 
 601.83  3080  3193 20737 
 601.88  3085  3263 22985.25 
 601.93  3090  3333 20122 
 601.98  3095  3403 21661 
 602.03  3100  3473 21553 
 602.08  3105  3544 33509.75 
 602.13  3110  3614 39553.75 
 602.18  3115  3684 37931.75 
 602.23  3120  3755 35272.75 
 602.28  3125  3826 40185 
 602.33  3130  3896 41214.75 
 602.38  3135  3967 41156.75 
 602.43  3140  4038 46477.25 
 602.48  3145  4109 38951 
 602.53  3150  4180 48185 
 602.58  3155  4251 40365.5 
 602.63  3160  4322 33613.5 
 602.68  3165  4393 44262.75 
 602.73  3170  4465 52438 
 602.78  3175  4536 51453.5 
 602.83  3180  4607 37577.5 
 602.88  3185  4679 43467.25 
 602.93  3190  4751 44958.75 
 602.98  3195  4822 38907 
 603.03  3200  4894 44218.25 
 603.08  3205  4966 47535.75 
 603.13  3210  5038 36876.5 
 603.18  3215  5110 34746.75 
 603.23  3220  5183 35755.75 
 603.28  3225  5255 28002.5 
 603.33  3230  5327 26322.25 
 603.38  3235  5400 27392.75 
 603.43  3240  5472 29109.25 
 603.48  3245  5545 27028.5 
 603.53  3250  5618 23308.25 
 603.82  3255  3767 14054.75 
 603.86  3260  3842 16338.5 
 603.9  3265  3916 16025 
 603.94  3270  3990 16121.25 
 604  3275  4065 15637.5 
 604.04  3280  4139 14694.75 
 604.09  3285  4214 14571.75 
 604.14  3290  4288 16958.25 
 604.19  3295  4363 18944.25 
 604.24  3300  4438 19230.75 
 604.29  3305  4513 15728.25 
 604.35  3310  4588 16371 
 604.4  3315  4664 16338.5 
 604.44  3320  4739 16826.5 
 604.49  3325  4814 16700.5 
 604.54  3330  4890 16544 
 604.59  3335  4965 15096.25 
 604.64  3340  5041 15911.75 
 604.69  3345  5117 17444.25 
 604.74  3350  5193 16644 
 604.8  3355  5269 18231.75 
 604.84  3360  5345 12494.5 
 604.89  3365  5421 15569 
 604.94  3370  5498 12568.75 
 604.99  3375  5574 16275 
 605.04  3380  5651 14796.25 
 605.09  3385  5728 17041.75 
 605.14  3390  5805 16197.25 
 605.19  3395  5882 16419.75 
 605.24  3400  5959 19016.75 
 605.29  3405  6036 16777.25 
 605.35  3410  6113 16218.75 
 605.4  3415  6190 15225.25 
 605.45  3420  6268 17693.25 
 605.49  3425  6346 16505.25 
 605.54  3430  6423 17795.5 
 605.59  3435  6501 16631.75 
 605.64  3440  6579 11660.75 
 605.7  3445  6658 12872.5 
 605.74  3450  6736 16387.25 
 605.79  3455  6814 16290.75 
 605.84  3460  6893 13872 
 605.89  3465  6971 15614.5 
 605.94  3470  7050 16589.5 
 606  3475  7129 13118.25 
 606.05  3480  7208 15294.75 
 606.1  3485  7287 15064.25 
 606.14  3490  7367 13589.5 
 606.19  3495  7446 13598.25 
 606.24  3500  7526 16848.75 
 606.29  3505  7605 17267.75 
 606.34  3510  7685 15292 
 606.4  3515  7765 14811.75 
 606.45  3520  7845 15482.75 
 606.5  3525  7925 12038.25 
 606.54  3530  8006 15175 
 606.6  3535  8086 15888 
 606.64  3540  8167 16326 
 606.69  3545  8248 16414.5 
 606.74  3550  8329 16268.5 
 606.79  3555  8410 14394.75 
 606.84  3560  8491 14923 
 606.89  3565  8572 12535 
 606.94  3570  8654 10339 
 606.99  3575  8736 12542.5 
 607.05  3580  8818 9536 
 607.1  3585  8900 8152 
 607.15  3590  8982 11454 
 607.2  3595  9064 14007.75 
 607.25  3600  9146 14606 
 607.3  3605  9229 11359.75 
 607.34  3610  9312 10229.5 
 607.39  3615  9395 11660 
 607.44  3620  9478 9583 
 607.49  3625  9561 13107.75 
 607.55  3630  9645 11316.25 
end
uaIntegration time is 0.2294 seconds per sampledt  2.7E-08 cy 1dh200619El Arenosillo 37.1 6.73 3.49pr1000dark 9.149999 
 660.02  2900  722 90 
 660.08  2905  789 91 
 660.13  2910  857 88.5 
 660.18  2915  924 94.75 
 660.23  2920  992 97.75 
 660.28  2925  1060 99.25 
 660.33  2930  1127 103.75 
 660.38  2935  1195 107 
 660.43  2940  1263 112 
 660.48  2945  1331 125.25 
 660.53  2950  1399 144.25 
 660.58  2955  1468 188.5 
 660.63  2960  1536 261.5 
 660.68  2965  1604 284.75 
 660.73  2970  1672 330.5 
 660.78  2975  1741 591.75 
 660.83  2980  1809 687.5 
 660.88  2985  1878 709.75 
 660.93  2990  1946 1184.75 
 660.98  2995  2015 1553.5 
 661.03  3000  2084 1526.75 
 661.08  3005  2153 1970.25 
 661.13  3010  2221 2923.75 
 661.18  3015  2290 3748.75 
 661.23  3020  2359 3270.75 
 661.28  3025  2428 5574.25 
 661.33  3030  2498 8383.75 
 661.38  3035  2567 9738.25 
 661.43  3040  2636 9236 
 661.48  3045  2705 11743 
 661.53  3050  2775 15328.75 
 661.58  3055  2844 15482.5 
 661.63  3060  2914 14947.25 
 661.68  3065  2984 17411.75 
 661.73  3070  3053 22546.25 
 661.78  3075  3123 25669 
 661.83  3080  3193 26852.5 
 661.88  3085  3263 29482.5 
 661.93  3090  3333 25591 
 661.98  3095  3403 27238 
 662.03  3100  3473 26920 
 662.08  3105  3544 41501.25 
 662.13  3110  3614 49035.5 
 662.18  3115  3684 46774.5 
 662.23  3120  3755 43058 
 662.28  3125  3826 48608.5 
 662.33  3130  3896 49933 
 662.38  3135  3967 49900 
 662.43  3140  4038 56028.5 
 662.48  3145  4109 46426.75 
 662.53  3150  4180 57529.75 
 662.58  3155  4251 48565.75 
 662.63  3160  4322 40020.5 
 662.68  3165  4393 52135 
 662.73  3170  4465 61743.25 
 662.78  3175  4536 61223.25 
 662.83  3180  4607 44394.25 
 662.88  3185  4679 50777.75 
 662.93  3190  4751 52205.25 
 662.98  3195  4822 45394.25 
 663.03  3200  4894 51595 
 663.08  3205  4966 55266 
 663.13  3210  5038 42683.75 
 663.18  3215  5110 39872 
 663.23  3220  5183 41665.5 
 663.28  3225  5255 32684.75 
 663.33  3230  5327 30216.25 
 663.38  3235  5400 31497.75 
 663.43  3240  5472 33395.25 
 663.48  3245  5545 31105.5 
 663.53  3250  5618 26831.5 
 663.82  3255  3767 16149.5 
 663.85  3260  3842 18735 
 663.89  3265  3916 18267 
 663.94  3270  3990 18439.25 
 663.99  3275  4065 17912.25 
 664.04  3280  4139 16750.75 
 664.1  3285  4214 16582.25 
 664.14  3290  4288 19178.5 
 664.19  3295  4363 21466.25 
 664.24  3300  4438 21831.25 
 664.29  3305  4513 17964.25 
 664.34  3310  4588 18531 
 664.39  3315  4664 18501.25 
 664.45  3320  4739 19097.75 
 664.5  3325  4814 18861.5 
 664.54  3330  4890 18836.25 
 664.59  3335  4965 17278.25 
 664.64  3340  5041 18044.75 
 664.69  3345  5117 19855.25 
 664.74  3350  5193 18826 
 664.79  3355  5269 20653.25 
 664.85  3360  5345 14205.75 
 664.89  3365  5421 17595.25 
 664.94  3370  5498 14251.25 
 664.99  3375  5574 18481.75 
 665.05  3380  5651 16789 
 665.09  3385  5728 19234.75 
 665.14  3390  5805 18315.5 
 665.19  3395  5882 18427.75 
 665.24  3400  5959 21481.5 
 665.29  3405  6036 18931.75 
 665.35  3410  6113 18307.5 
 665.4  3415  6190 17030.5 
 665.45  3420  6268 19906.75 
 665.49  3425  6346 18508 
 665.54  3430  6423 20014.5 
 665.59  3435  6501 18786.5 
 665.64  3440  6579 13237.25 
 665.69  3445  6658 14436.25 
 665.75  3450  6736 18401.25 
 665.8  3455  6814 18364.75 
 665.84  3460  6893 15631.5 
 665.89  3465  6971 17645.5 
 665.95  3470  7050 18746 
 665.99  3475  7129 14783 
 666.04  3480  7208 17111.5 
 666.09  3485  7287 17005.75 
 666.14  3490  7367 15266.75 
 666.19  3495  7446 15315.75 
 666.24  3500  7526 18802.75 
 666.3  3505  7605 19377 
 666.35  3510  7685 17247.75 
 666.39  3515  7765 16670 
 666.44  3520  7845 17528.5 
 666.49  3525  7925 13551.5 
 666.54  3530  8006 16954.75 
 666.59  3535  8086 17928.75 
 666.64  3540  8167 18358 
 666.7  3545  8248 18466.75 
 666.75  3550  8329 18243.75 
 666.79  3555  8410 16141.5 
 666.85  3560  8491 16729.75 
 666.9  3565  8572 14145.5 
 666.94  3570  8654 11519 
 666.99  3575  8736 14024.5 
 667.04  3580  8818 10763.5 
 667.09  3585  8900 9183.5 
 667.14  3590  8982 12754.5 
 667.2  3595  9064 15724.5 
 667.25  3600  9146 16438.75 
 667.29  3605  9229 12703.5 
 667.34  3610  9312 11446.75 
 667.39  3615  9395 13102.75 
 667.44  3620  9478 10802 
 667.49  3625  9561 14719.25 
 667.54  3630  9645 12825.75 
end
uaIntegration time is 0.2294 seconds per sampledt  2.7E-08 cy 1dh200619El Arenosillo 37.1 6.73 3.52pr1000dark 6.5 
 720.02  2900  722 101.75 
 720.08  2905  789 100.75 
 720.13  2910  857 102.25 
 720.18  2915  924 100 
 720.23  2920  992 108.25 
 720.28  2925  1060 108.75 
 720.33  2930  1127 115.5 
 720.38  2935  1195 124.75 
 720.43  2940  1263 134.25 
 720.48  2945  1331 155 
 720.53  2950  1399 185.25 
 720.58  2955  1468 256.75 
 720.63  2960  1536 353 
 720.68  2965  1604 372.5 
 720.73  2970  1672 436.5 
 720.78  2975  1741 820 
 720.83  2980  1809 937.25 
 720.88  2985  1878 925.5 
 720.93  2990  1946 1585.25 
 720.98  2995  2015 2016.25 
 721.03  3000  2084 1978 
 721.08  3005  2153 2531.5 
 721.13  3010  2221 3701.75 
 721.18  3015  2290 4652.5 
 721.23  3020  2359 4047.25 
 721.28  3025  2428 6810.5 
 721.33  3030  2498 10251.25 
 721.38  3035  2567 11788.75 
 721.43  3040  2636 11142.75 
 721.48  3045  2705 14005.75 
 721.53  3050  2775 18118.75 
 721.58  3055  2844 18152 
 721.63  3060  2914 17429 
 721.68  3065  2984 20164.75 
 721.72  3070  3053 25764.75 
 721.78  3075  3123 29337.5 
 721.83  3080  3193 30595.5 
 721.88  3085  3263 33628.25 
 721.93  3090  3333 29038 
 721.98  3095  3403 30633.5 
 722.03  3100  3473 30135.5 
 722.08  3105  3544 46157 
 722.13  3110  3614 54499.5 
 722.18  3115  3684 51932.75 
 722.23  3120  3755 47646 
 722.28  3125  3826 53371 
 722.33  3130  3896 54819.5 
 722.38  3135  3967 54723.75 
 722.43  3140  4038 61413 
 722.48  3145  4109 50406.75 
 722.53  3150  4180 62556.25 
 722.58  3155  4251 52985.5 
 722.63  3160  4322 43291 
 722.68  3165  4393 56292.5 
 722.73  3170  4465 66816.75 
 722.78  3175  4536 65845 
 722.83  3180  4607 47945.5 
 722.88  3185  4679 54727.75 
 722.93  3190  4751 56127.75 
 722.98  3195  4822 48873.75 
 723.03  3200  4894 55572 
 723.08  3205  4966 59434.25 
 723.13  3210  5038 45892.75 
 723.18  3215  5110 42732.25 
 723.23  3220  5183 44721 
 723.28  3225  5255 35088.5 
 723.33  3230  5327 32456.25 
 723.38  3235  5400 33699.75 
 723.43  3240  5472 35706.25 
 723.48  3245  5545 33387.5 
 723.53  3250  5618 28729.25 
 723.82  3255  3767 17198.25 
 723.86  3260  3842 20022.25 
 723.89  3265  3916 19453.25 
 723.94  3270  3990 19566.5 
 723.99  3275  4065 19131 
 724.04  3280  4139 17913 
 724.09  3285  4214 17674.5 
 724.14  3290  4288 20543.25 
 724.19  3295  4363 22845.25 
 724.24  3300  4438 23253.5 
 724.29  3305  4513 19074.25 
 724.35  3310  4588 19830.25 
 724.4  3315  4664 19712 
 724.44  3320  4739 20209.25 
 724.49  3325  4814 20041.75 
 724.54  3330  4890 20028 
 724.59  3335  4965 18321.75 
 724.64  3340  5041 19260.5 
 724.69  3345  5117 20982.5 
 724.74  3350  5193 19903.75 
 724.79  3355  5269 22000.75 
 724.84  3360  5345 15031.25 
 724.89  3365  5421 18689.25 
 724.94  3370  5498 15120.75 
 724.99  3375  5574 19575.75 
 725.04  3380  5651 17825.25 
 725.09  3385  5728 20413.25 
 725.14  3390  5805 19455.75 
 725.19  3395  5882 19662 
 725.24  3400  5959 22841.75 
 725.3  3405  6036 20065 
 725.34  3410  6113 19352 
 725.39  3415  6190 18111.75 
 725.44  3420  6268 21134 
 725.49  3425  6346 19678.25 
 725.54  3430  6423 21305.25 
 725.59  3435  6501 19941 
 725.64  3440  6579 13925.5 
 725.69  3445  6658 15343.25 
 725.74  3450  6736 19542.25 
 725.79  3455  6814 19401 
 725.84  3460  6893 16589.5 
 725.89  3465  6971 18622.25 
 725.94  3470  7050 19757 
 725.99  3475  7129 15623.25 
 726.04  3480  7208 18156.5 
 726.09  3485  7287 17922.75 
 726.14  3490  7367 16164.75 
 726.2  3495  7446 16219 
 726.24  3500  7526 19834.25 
 726.29  3505  7605 20429.25 
 726.34  3510  7685 18128.25 
 726.39  3515  7765 17493 
 726.44  3520  7845 18553.75 
 726.49  3525  7925 14258.25 
 726.54  3530  8006 17922.5 
 726.6  3535  8086 18865.75 
 726.64  3540  8167 19334.75 
 726.69  3545  8248 19552.5 
 726.75  3550  8329 19299.75 
 726.79  3555  8410 17099.5 
 726.84  3560  8491 17691.5 
 726.89  3565  8572 14860 
 726.94  3570  8654 12190 
 726.99  3575  8736 14818 
 727.04  3580  8818 11456.5 
 727.1  3585  8900 9633.5 
 727.15  3590  8982 13462.5 
 727.19  3595  9064 16586.75 
 727.24  3600  9146 17253.25 
 727.29  3605  9229 13334.5 
 727.34  3610  9312 12015 
 727.39  3615  9395 13854.5 
 727.44  3620  9478 11256.75 
 727.5  3625  9561 15394.75 
 727.55  3630  9645 13504.5 
end
uaIntegration time is 0.2294 seconds per sampledt  2.7E-08 cy 1dh200619El Arenosillo 37.1 6.73 3.56pr1000dark 2.25 
 780.02  2900  722 98 
 780.08  2905  789 98.75 
 780.13  2910  857 100.5 
 780.18  2915  924 97.75 
 780.23  2920  992 102.75 
 780.28  2925  1060 106.75 
 780.33  2930  1127 110.75 
 780.38  2935  1195 129.75 
 780.43  2940  1263 135.75 
 780.48  2945  1331 151.25 
 780.53  2950  1399 185.5 
 780.58  2955  1468 252.75 
 780.63  2960  1536 342.5 
 780.68  2965  1604 374.5 
 780.73  2970  1672 435 
 780.78  2975  1741 785.25 
 780.83  2980  1809 909.25 
 780.88  2985  1878 894 
 780.93  2990  1946 1548.75 
 780.98  2995  2015 1985.75 
 781.03  3000  2084 1930.25 
 781.08  3005  2153 2482.25 
 781.13  3010  2221 3615.5 
 781.18  3015  2290 4591 
 781.23  3020  2359 3981.75 
 781.28  3025  2428 6686.5 
 781.33  3030  2498 10080.25 
 781.38  3035  2567 11609 
 781.43  3040  2636 10963 
 781.48  3045  2705 13867.25 
 781.53  3050  2775 17880.5 
 781.58  3055  2844 17842.5 
 781.63  3060  2914 17169.5 
 781.68  3065  2984 19944.25 
 781.73  3070  3053 25569.75 
 781.78  3075  3123 29046.25 
 781.83  3080  3193 30194.25 
 781.88  3085  3263 33093.25 
 781.93  3090  3333 28712.25 
 781.98  3095  3403 30183.75 
 782.03  3100  3473 29865.5 
 782.08  3105  3544 45690.75 
 782.13  3110  3614 54072.5 
 782.18  3115  3684 51343.25 
 782.23  3120  3755 47062.25 
 782.28  3125  3826 52838.25 
 782.33  3130  3896 54303.25 
 782.38  3135  3967 53852.25 
 782.43  3140  4038 60693.25 
 782.48  3145  4109 49927.25 
 782.53  3150  4180 61783.25 
 782.58  3155  4251 52135.75 
 782.63  3160  4322 42673.5 
 782.68  3165  4393 55612 
 782.73  3170  4465 64964.75 
 782.78  3175  4536 65103 
 782.83  3180  4607 47278.25 
 782.88  3185  4679 54090.75 
 782.93  3190  4751 55667.5 
 782.98  3195  4822 48323.25 
 783.03  3200  4894 54997.25 
 783.08  3205  4966 58634.25 
 783.13  3210  5038 45114.75 
 783.18  3215  5110 42459.25 
 783.23  3220  5183 44191.5 
 783.28  3225  5255 34689.75 
 783.33  3230  5327 32154.75 
 783.38  3235  5400 33300.75 
 783.43  3240  5472 35336.25 
 783.48  3245  5545 32981.5 
 783.53  3250  5618 28443.75 
 783.82  3255  3767 17108.25 
 783.85  3260  3842 19754.5 
 783.89  3265  3916 19279 
 783.94  3270  3990 19308.25 
 784  3275  4065 18837.75 
 784.04  3280  4139 17712 
 784.09  3285  4214 17438.75 
 784.14  3290  4288 20216.75 
 784.19  3295  4363 22621.25 
 784.24  3300  4438 22965 
 784.29  3305  4513 18846.25 
 784.34  3310  4588 19595.5 
 784.39  3315  4664 19475.75 
 784.44  3320  4739 20001.75 
 784.49  3325  4814 19928.25 
 784.55  3330  4890 19729.75 
 784.6  3335  4965 18063.5 
 784.65  3340  5041 19058.75 
 784.69  3345  5117 20701 
 784.74  3350  5193 19803.75 
 784.79  3355  5269 21703.5 
 784.84  3360  5345 14798.75 
 784.89  3365  5421 18501 
 784.95  3370  5498 14934 
 784.99  3375  5574 19347.25 
 785.05  3380  5651 17535.25 
 785.09  3385  5728 20148.25 
 785.14  3390  5805 19138.75 
 785.19  3395  5882 19400 
 785.24  3400  5959 22561.75 
 785.29  3405  6036 19738.5 
 785.34  3410  6113 19072 
 785.39  3415  6190 17960.5 
 785.45  3420  6268 20852.25 
 785.5  3425  6346 19439.25 
 785.55  3430  6423 21013.75 
 785.59  3435  6501 19605.25 
 785.64  3440  6579 13805.75 
 785.69  3445  6658 15147.5 
 785.74  3450  6736 19343 
 785.79  3455  6814 19248.5 
 785.85  3460  6893 16362.25 
 785.9  3465  6971 18417.75 
 785.94  3470  7050 19479.25 
 786  3475  7129 15405.75 
 786.05  3480  7208 17938 
 786.1  3485  7287 17716 
 786.14  3490  7367 15971 
 786.19  3495  7446 15993.25 
 786.24  3500  7526 19646.75 
 786.29  3505  7605 20225.75 
 786.34  3510  7685 17899.75 
 786.4  3515  7765 17267 
 786.45  3520  7845 18218 
 786.5  3525  7925 14010.75 
 786.54  3530  8006 17722 
 786.59  3535  8086 18629.25 
 786.64  3540  8167 19066.5 
 786.69  3545  8248 19190.75 
 786.75  3550  8329 19011 
 786.8  3555  8410 16790.5 
 786.85  3560  8491 17461 
 786.9  3565  8572 14659.5 
 786.95  3570  8654 12061.5 
 787  3575  8736 14645.25 
 787.04  3580  8818 11256 
 787.09  3585  8900 9509.5 
 787.15  3590  8982 13314.25 
 787.19  3595  9064 16344.5 
 787.24  3600  9146 17042.75 
 787.3  3605  9229 13275.5 
 787.35  3610  9312 11899.75 
 787.4  3615  9395 13628.5 
 787.44  3620  9478 11120.25 
 787.49  3625  9561 15312 
 787.54  3630  9645 13232.75 
end
uaIntegration time is 0.2294 seconds per sampledt  2.7E-08 cy 1dh200619El Arenosillo 37.1 6.73 3.6pr1000dark 1.3 
 840.02  2900  722 84.75 
 840.08  2905  789 89.75 
 840.13  2910  857 94 
 840.18  2915  924 90.75 
 840.23  2920  992 89.5 
 840.28  2925  1060 96.25 
 840.33  2930  1127 98 
 840.38  2935  1195 98.75 
 840.43  2940  1263 111.25 
 840.48  2945  1331 125.25 
 840.53  2950  1399 144.5 
 840.58  2955  1468 194.25 
 840.63  2960  1536 255.25 
 840.68  2965  1604 276.25 
 840.73  2970  1672 331.75 
 840.78  2975  1741 570.25 
 840.83  2980  1809 691 
 840.88  2985  1878 679.25 
 840.93  2990  1946 1162 
 840.98  2995  2015 1500.5 
 841.03  3000  2084 1491.5 
 841.08  3005  2153 1955.5 
 841.13  3010  2221 2879.5 
 841.18  3015  2290 3659 
 841.23  3020  2359 3201.5 
 841.28  3025  2428 5473.25 
 841.33  3030  2498 8191.5 
 841.38  3035  2567 9510 
 841.43  3040  2636 8991.25 
 841.48  3045  2705 11447.25 
 841.53  3050  2775 14941.5 
 841.58  3055  2844 15120 
 841.63  3060  2914 14601.25 
 841.68  3065  2984 16972.75 
 841.73  3070  3053 21840 
 841.78  3075  3123 24965.5 
 841.83  3080  3193 26164.25 
 841.88  3085  3263 28791.25 
 841.93  3090  3333 25066.5 
 841.98  3095  3403 26470.5 
 842.03  3100  3473 26161.5 
 842.08  3105  3544 40402.75 
 842.13  3110  3614 47622.75 
 842.18  3115  3684 45420.75 
 842.23  3120  3755 41853 
 842.28  3125  3826 47246.25 
 842.33  3130  3896 48532 
 842.38  3135  3967 48320.25 
 842.43  3140  4038 54188 
 842.48  3145  4109 44938.75 
 842.53  3150  4180 55737 
 842.58  3155  4251 47096 
 842.63  3160  4322 38590.5 
 842.68  3165  4393 50377.75 
 842.73  3170  4465 59787.25 
 842.78  3175  4536 59094.25 
 842.83  3180  4607 43003.5 
 842.88  3185  4679 49088 
 842.93  3190  4751 50545 
 842.98  3195  4822 43923.5 
 843.03  3200  4894 49880.25 
 843.08  3205  4966 53502 
 843.13  3210  5038 41322.75 
 843.18  3215  5110 38741.5 
 843.23  3220  5183 40504.5 
 843.28  3225  5255 31718.25 
 843.33  3230  5327 29534.75 
 843.38  3235  5400 30517.75 
 843.43  3240  5472 32324.25 
 843.48  3245  5545 30250.75 
 843.53  3250  5618 25978.75 
 843.82  3255  3767 15501.5 
 843.86  3260  3842 18053.25 
 843.89  3265  3916 17710.25 
 843.95  3270  3990 17871.5 
 844  3275  4065 17306.5 
 844.04  3280  4139 16253 
 844.09  3285  4214 16052.25 
 844.14  3290  4288 18731 
 844.19  3295  4363 20834.5 
 844.24  3300  4438 21138 
 844.3  3305  4513 17394.25 
 844.34  3310  4588 17958.25 
 844.39  3315  4664 17897.5 
 844.44  3320  4739 18402.5 
 844.49  3325  4814 18322.5 
 844.54  3330  4890 18184.25 
 844.59  3335  4965 16623.75 
 844.64  3340  5041 17535.75 
 844.69  3345  5117 19126.25 
 844.74  3350  5193 18199.5 
 844.79  3355  5269 20017.5 
 844.85  3360  5345 13698.5 
 844.9  3365  5421 16994 
 844.94  3370  5498 13773.75 
 844.99  3375  5574 17838.75 
 845.04  3380  5651 16123.25 
 845.09  3385  5728 18571.75 
 845.14  3390  5805 17655.25 
 845.19  3395  5882 17836.75 
 845.25  3400  5959 20747 
 845.29  3405  6036 18137 
 845.34  3410  6113 17519.75 
 845.39  3415  6190 16461.5 
 845.45  3420  6268 19180.5 
 845.49  3425  6346 17920.25 
 845.54  3430  6423 19386 
 845.59  3435  6501 18091.25 
 845.64  3440  6579 12688.5 
 845.69  3445  6658 13897.5 
 845.75  3450  6736 17731.5 
 845.8  3455  6814 17685.25 
 845.85  3460  6893 15104.5 
 845.89  3465  6971 17019.75 
 845.94  3470  7050 18043 
 845.99  3475  7129 14272.75 
 846.04  3480  7208 16468.25 
 846.09  3485  7287 16293.75 
 846.15  3490  7367 14732.75 
 846.2  3495  7446 14759.25 
 846.24  3500  7526 18055.5 
 846.29  3505  7605 18638.75 
 846.35  3510  7685 16491.5 
 846.39  3515  7765 15893.5 
 846.44  3520  7845 16872.25 
 846.49  3525  7925 12982.25 
 846.54  3530  8006 16355.75 
 846.59  3535  8086 17246.5 
 846.64  3540  8167 17672.5 
 846.7  3545  8248 17734 
 846.75  3550  8329 17495.5 
 846.79  3555  8410 15465 
 846.84  3560  8491 16092.5 
 846.89  3565  8572 13471.75 
 846.94  3570  8654 11124.25 
 846.99  3575  8736 13530 
 847.04  3580  8818 10474.75 
 847.1  3585  8900 8805.25 
 847.15  3590  8982 12199.75 
 847.19  3595  9064 15079 
 847.24  3600  9146 15770.25 
 847.29  3605  9229 12209.5 
 847.34  3610  9312 10951.25 
 847.39  3615  9395 12552 
 847.45  3620  9478 10324.75 
 847.5  3625  9561 14104 
 847.54  3630  9645 12187.25 
end
uaIntegration time is 0.2294 seconds per sampledt  2.7E-08 cy 1dh200619El Arenosillo 37.1 6.73 3.56pr1000dark 1.4 
 900.02  2900  722 72 
 900.08  2905  789 73 
 900.13  2910  857 70.5 
 900.18  2915  924 71 
 900.23  2920  992 74 
 900.28  2925  1060 74 
 900.33  2930  1127 76.25 
 900.38  2935  1195 79.75 
 900.43  2940  1263 89.25 
 900.48  2945  1331 84.75 
 900.53  2950  1399 100.5 
 900.58  2955  1468 117.75 
 900.63  2960  1536 139.5 
 900.67  2965  1604 158.75 
 900.73  2970  1672 182 
 900.78  2975  1741 309 
 900.83  2980  1809 381.75 
 900.88  2985  1878 377.5 
 900.93  2990  1946 644.5 
 900.98  2995  2015 844.75 
 901.03  3000  2084 863.75 
 901.08  3005  2153 1134.75 
 901.13  3010  2221 1707 
 901.18  3015  2290 2224 
 901.23  3020  2359 2024.25 
 901.28  3025  2428 3443.75 
 901.33  3030  2498 5325.5 
 901.38  3035  2567 6195.25 
 901.43  3040  2636 5992.75 
 901.48  3045  2705 7673.75 
 901.53  3050  2775 10337.75 
 901.58  3055  2844 10481.75 
 901.63  3060  2914 10268.25 
 901.68  3065  2984 11988 
 901.73  3070  3053 15829.5 
 901.78  3075  3123 18381.25 
 901.83  3080  3193 19216.5 
 901.88  3085  3263 21350 
 901.93  3090  3333 18708.75 
 901.98  3095  3403 20172.25 
 902.03  3100  3473 20077.75 
 902.08  3105  3544 31110.5 
 902.13  3110  3614 36889 
 902.18  3115  3684 35376.5 
 902.23  3120  3755 32850.5 
 902.28  3125  3826 37441 
 902.33  3130  3896 38580.75 
 902.38  3135  3967 38617 
 902.43  3140  4038 43506 
 902.48  3145  4109 36398.5 
 902.53  3150  4180 45242 
 902.58  3155  4251 38191.25 
 902.63  3160  4322 31480.75 
 902.68  3165  4393 41517.25 
 902.73  3170  4465 49186 
 902.78  3175  4536 48488.75 
 902.83  3180  4607 35400 
 902.88  3185  4679 40844 
 902.93  3190  4751 42203.5 
 902.98  3195  4822 36565.75 
 903.03  3200  4894 41522 
 903.08  3205  4966 44732.75 
 903.13  3210  5038 34666.5 
 903.18  3215  5110 32522.75 
 903.23  3220  5183 33798.75 
 903.28  3225  5255 26433.75 
 903.33  3230  5327 24785 
 903.38  3235  5400 25829 
 903.43  3240  5472 27442.5 
 903.48  3245  5545 25550.25 
 903.53  3250  5618 21896 
 903.81  3255  3767 13168.25 
 903.85  3260  3842 15361.25 
 903.89  3265  3916 15012.5 
 903.94  3270  3990 15087.25 
 903.99  3275  4065 14667.25 
 904.04  3280  4139 13708.75 
 904.09  3285  4214 13621.5 
 904.14  3290  4288 15882.75 
 904.19  3295  4363 17700.5 
 904.25  3300  4438 17981.25 
 904.29  3305  4513 14777 
 904.34  3310  4588 15240.75 
 904.39  3315  4664 15269.75 
 904.44  3320  4739 15766 
 904.49  3325  4814 15678.75 
 904.54  3330  4890 15585.75 
 904.59  3335  4965 14201.5 
 904.64  3340  5041 14983.75 
 904.69  3345  5117 16340 
 904.74  3350  5193 15562.75 
 904.79  3355  5269 17116.5 
 904.84  3360  5345 11676 
 904.89  3365  5421 14557.5 
 904.94  3370  5498 11811.5 
 904.99  3375  5574 15258.75 
 905.04  3380  5651 13832.5 
 905.09  3385  5728 15940.25 
 905.15  3390  5805 15206.25 
 905.19  3395  5882 15355.25 
 905.24  3400  5959 17754.25 
 905.29  3405  6036 15651.5 
 905.34  3410  6113 15091 
 905.39  3415  6190 14137.25 
 905.44  3420  6268 16494.75 
 905.49  3425  6346 15410 
 905.55  3430  6423 16609.25 
 905.59  3435  6501 15487 
 905.64  3440  6579 10860.5 
 905.69  3445  6658 11967.75 
 905.74  3450  6736 15359.5 
 905.79  3455  6814 15185.25 
 905.84  3460  6893 12995.25 
 905.89  3465  6971 14558 
 905.95  3470  7050 15405 
 905.99  3475  7129 12203.5 
 906.04  3480  7208 14210 
 906.1  3485  7287 14060.5 
 906.14  3490  7367 12599 
 906.19  3495  7446 12624.5 
 906.24  3500  7526 15527 
 906.29  3505  7605 16029.5 
 906.34  3510  7685 14246.75 
 906.39  3515  7765 13575.25 
 906.45  3520  7845 14544.5 
 906.5  3525  7925 11135.75 
 906.54  3530  8006 14040 
 906.59  3535  8086 14793.25 
 906.64  3540  8167 15164.5 
 906.69  3545  8248 15300 
 906.74  3550  8329 15075.5 
 906.79  3555  8410 13292.5 
 906.85  3560  8491 13892.25 
 906.89  3565  8572 11633 
 906.94  3570  8654 9553 
 907  3575  8736 11595.25 
 907.04  3580  8818 8991.75 
 907.09  3585  8900 7530.25 
 907.14  3590  8982 10462 
 907.19  3595  9064 12916 
 907.24  3600  9146 13554.25 
 907.29  3605  9229 10534 
 907.34  3610  9312 9380.75 
 907.4  3615  9395 10750 
 907.44  3620  9478 8826 
 907.49  3625  9561 12130.25 
 907.55  3630  9645 10445.5 
end
uaIntegration time is 0.2294 seconds per sampledt  2.7E-08 cy 1dh200619El Arenosillo 37.1 6.73 3.56pr1000dark 1.55 
 960.02  2900  722 49.75 
 960.08  2905  789 47.25 
 960.13  2910  857 48.25 
 960.18  2915  924 44.25 
 960.23  2920  992 45.25 
 960.28  2925  1060 47.75 
 960.33  2930  1127 49.5 
 960.38  2935  1195 53.25 
 960.43  2940  1263 51.25 
 960.48  2945  1331 53.25 
 960.53  2950  1399 63.25 
 960.58  2955  1468 60.75 
 960.63  2960  1536 72.5 
 960.68  2965  1604 71.5 
 960.73  2970  1672 80.75 
 960.78  2975  1741 121.5 
 960.83  2980  1809 140 
 960.88  2985  1878 152 
 960.93  2990  1946 237.25 
 960.98  2995  2015 321.25 
 961.03  3000  2084 299 
 961.08  3005  2153 430.25 
 961.13  3010  2221 694.75 
 961.18  3015  2290 929 
 961.23  3020  2359 857 
 961.28  3025  2428 1514.25 
 961.33  3030  2498 2433.75 
 961.38  3035  2567 2883.75 
 961.43  3040  2636 2863.25 
 961.48  3045  2705 3842.25 
 961.53  3050  2775 5293.5 
 961.58  3055  2844 5564.25 
 961.63  3060  2914 5457.25 
 961.68  3065  2984 6555.25 
 961.73  3070  3053 8791 
 961.78  3075  3123 10609.25 
 961.83  3080  3193 11336.25 
 961.88  3085  3263 12710 
 961.93  3090  3333 11279.75 
 961.98  3095  3403 12543.75 
 962.03  3100  3473 12683.25 
 962.08  3105  3544 19857 
 962.13  3110  3614 23704 
 962.18  3115  3684 22959.25 
 962.23  3120  3755 21758.5 
 962.28  3125  3826 25094.5 
 962.33  3130  3896 26018.25 
 962.38  3135  3967 25923.5 
 962.43  3140  4038 29647.75 
 962.48  3145  4109 25308.5 
 962.53  3150  4180 31594.75 
 962.58  3155  4251 26601.75 
 962.63  3160  4322 22163.75 
 962.68  3165  4393 29564.75 
 962.73  3170  4465 35112.75 
 962.78  3175  4536 34491.75 
 962.83  3180  4607 25458.5 
 962.88  3185  4679 29766.75 
 962.93  3190  4751 31021.5 
 962.98  3195  4822 26624.25 
 963.03  3200  4894 30275.25 
 963.08  3205  4966 32955.5 
 963.13  3210  5038 25955.25 
 963.18  3215  5110 24227 
 963.23  3220  5183 24872.75 
 963.28  3225  5255 19637.75 
 963.33  3230  5327 18508.25 
 963.38  3235  5400 19493 
 963.43  3240  5472 20773 
 963.48  3245  5545 19269.75 
 963.53  3250  5618 16368.75 
 963.82  3255  3767 9856.75 
 963.86  3260  3842 11593.5 
 963.9  3265  3916 11379 
 963.94  3270  3990 11513.75 
 964  3275  4065 11123.75 
 964.04  3280  4139 10334.5 
 964.09  3285  4214 10352.75 
 964.14  3290  4288 12180.25 
 964.19  3295  4363 13606.5 
 964.24  3300  4438 13806 
 964.29  3305  4513 11324.5 
 964.34  3310  4588 11640 
 964.4  3315  4664 11694.25 
 964.44  3320  4739 12083 
 964.5  3325  4814 12028 
 964.54  3330  4890 11930.25 
 964.59  3335  4965 10840.75 
 964.64  3340  5041 11484.25 
 964.69  3345  5117 12517.75 
 964.74  3350  5193 11938.75 
 964.8  3355  5269 13215 
 964.85  3360  5345 9015.25 
 964.9  3365  5421 11243.75 
 964.94  3370  5498 9043.5 
 964.99  3375  5574 11698.25 
 965.04  3380  5651 10670 
 965.09  3385  5728 12303.5 
 965.14  3390  5805 11629.5 
 965.2  3395  5882 11842 
 965.24  3400  5959 13713 
 965.29  3405  6036 12032.75 
 965.34  3410  6113 11648.5 
 965.4  3415  6190 10987 
 965.45  3420  6268 12700 
 965.49  3425  6346 11917 
 965.54  3430  6423 12808.5 
 965.59  3435  6501 12020.25 
 965.64  3440  6579 8487.25 
 965.7  3445  6658 9245.5 
 965.75  3450  6736 11795.25 
 965.8  3455  6814 11778.75 
 965.85  3460  6893 10036.75 
 965.89  3465  6971 11264.5 
 965.94  3470  7050 12000.25 
 965.99  3475  7129 9480.5 
 966.04  3480  7208 10991 
 966.1  3485  7287 10916 
 966.15  3490  7367 9795.5 
 966.19  3495  7446 9824.5 
 966.25  3500  7526 11955.5 
 966.3  3505  7605 12389 
 966.35  3510  7685 11049.5 
 966.39  3515  7765 10590.5 
 966.44  3520  7845 11219.25 
 966.49  3525  7925 8662.25 
 966.54  3530  8006 10857.25 
 966.59  3535  8086 11412.25 
 966.65  3540  8167 11743.5 
 966.7  3545  8248 11877.5 
 966.75  3550  8329 11667 
 966.79  3555  8410 10419 
 966.84  3560  8491 10779.5 
 966.89  3565  8572 9096 
 966.94  3570  8654 7446.5 
 966.99  3575  8736 8969 
 967.05  3580  8818 6942.5 
 967.1  3585  8900 5906.5 
 967.15  3590  8982 8168.5 
 967.2  3595  9064 10016.25 
 967.25  3600  9146 10488 
 967.3  3605  9229 8153.25 
 967.34  3610  9312 7309.5 
 967.39  3615  9395 8442.75 
 967.44  3620  9478 6875.5 
 967.49  3625  9561 9406.75 
 967.55  3630  9645 8162.25 
end
uaIntegration time is 0.2294 seconds per sampledt  2.7E-08 cy 1dh200619El Arenosillo 37.1 6.73 3.54pr1000dark 2 
 1020.02  2900  722 27.5 
 1020.08  2905  789 26.75 
 1020.13  2910  857 29.25 
 1020.18  2915  924 29 
 1020.23  2920  992 28.25 
 1020.28  2925  1060 41.75 
 1020.33  2930  1127 34.5 
 1020.38  2935  1195 37.25 
 1020.43  2940  1263 31.5 
 1020.48  2945  1331 38 
 1020.53  2950  1399 35.75 
 1020.58  2955  1468 32.25 
 1020.63  2960  1536 39.5 
 1020.68  2965  1604 39.75 
 1020.73  2970  1672 36.75 
 1020.78  2975  1741 37.5 
 1020.83  2980  1809 45.25 
 1020.88  2985  1878 44.5 
 1020.93  2990  1946 67.75 
 1020.98  2995  2015 74.75 
 1021.03  3000  2084 85.75 
 1021.08  3005  2153 112.75 
 1021.13  3010  2221 166.75 
 1021.18  3015  2290 231.25 
 1021.23  3020  2359 226.25 
 1021.28  3025  2428 408.5 
 1021.33  3030  2498 664 
 1021.38  3035  2567 840.25 
 1021.43  3040  2636 851.5 
 1021.48  3045  2705 1205.25 
 1021.53  3050  2775 1766.75 
 1021.58  3055  2844 1944.75 
 1021.63  3060  2914 1957.25 
 1021.68  3065  2984 2375.5 
 1021.73  3070  3053 3483.75 
 1021.78  3075  3123 4299 
 1021.83  3080  3193 4627.5 
 1021.88  3085  3263 5320.5 
 1021.93  3090  3333 4838.5 
 1021.98  3095  3403 5670.5 
 1022.03  3100  3473 5865 
 1022.08  3105  3544 9229.25 
 1022.13  3110  3614 11303.5 
 1022.18  3115  3684 11082.75 
 1022.23  3120  3755 10968 
 1022.28  3125  3826 12926.75 
 1022.33  3130  3896 13644.25 
 1022.38  3135  3967 13524.25 
 1022.43  3140  4038 15768 
 1022.48  3145  4109 13910.75 
 1022.53  3150  4180 17536.75 
 1022.58  3155  4251 14583.75 
 1022.63  3160  4322 12571.25 
 1022.68  3165  4393 17101.25 
 1022.73  3170  4465 20264 
 1022.78  3175  4536 19812.25 
 1022.83  3180  4607 14894.75 
 1022.88  3185  4679 17859 
 1022.93  3190  4751 18867 
 1022.98  3195  4822 15909.25 
 1023.03  3200  4894 18011 
 1023.08  3205  4966 20116 
 1023.13  3210  5038 16110.5 
 1023.18  3215  5110 15228.25 
 1023.23  3220  5183 15194.75 
 1023.28  3225  5255 11949 
 1023.33  3230  5327 11485 
 1023.38  3235  5400 12488.75 
 1023.43  3240  5472 13267.5 
 1023.48  3245  5545 12167 
 1023.53  3250  5618 10272.25 
 1023.82  3255  3767 6176.75 
 1023.85  3260  3842 7450.75 
 1023.89  3265  3916 7423.5 
 1023.94  3270  3990 7462.5 
 1023.99  3275  4065 7151.25 
 1024.04  3280  4139 6626.25 
 1024.1  3285  4214 6656.5 
 1024.14  3290  4288 7981.25 
 1024.19  3295  4363 8933.25 
 1024.24  3300  4438 9027.75 
 1024.29  3305  4513 7343.5 
 1024.34  3310  4588 7515.25 
 1024.39  3315  4664 7644.25 
 1024.45  3320  4739 7946.5 
 1024.5  3325  4814 7896.75 
 1024.54  3330  4890 7868.75 
 1024.59  3335  4965 7136.25 
 1024.64  3340  5041 7506.75 
 1024.69  3345  5117 8306.5 
 1024.74  3350  5193 7953.5 
 1024.79  3355  5269 8712 
 1024.84  3360  5345 6044 
 1024.89  3365  5421 7376 
 1024.94  3370  5498 5970.5 
 1024.99  3375  5574 7734 
 1025.04  3380  5651 7060 
 1025.09  3385  5728 8148.5 
 1025.14  3390  5805 7804.25 
 1025.19  3395  5882 7866.5 
 1025.24  3400  5959 9138.75 
 1025.29  3405  6036 7989 
 1025.35  3410  6113 7769.5 
 1025.4  3415  6190 7332.5 
 1025.45  3420  6268 8462.75 
 1025.49  3425  6346 7874 
 1025.54  3430  6423 8531.25 
 1025.59  3435  6501 7958 
 1025.64  3440  6579 5656.25 
 1025.69  3445  6658 6168.75 
 1025.75  3450  6736 7853.75 
 1025.79  3455  6814 7846.5 
 1025.84  3460  6893 6711 
 1025.89  3465  6971 7505.25 
 1025.95  3470  7050 7968.25 
 1025.99  3475  7129 6331.25 
 1026.04  3480  7208 7305.5 
 1026.09  3485  7287 7209 
 1026.14  3490  7367 6545.25 
 1026.19  3495  7446 6520.75 
 1026.24  3500  7526 8034.5 
 1026.3  3505  7605 8326 
 1026.35  3510  7685 7356 
 1026.39  3515  7765 7091 
 1026.44  3520  7845 7474 
 1026.49  3525  7925 5784.75 
 1026.54  3530  8006 7290.25 
 1026.59  3535  8086 7654.75 
 1026.64  3540  8167 7851 
 1026.7  3545  8248 7866.75 
 1026.75  3550  8329 7846.75 
 1026.8  3555  8410 6978.5 
 1026.85  3560  8491 7214 
 1026.9  3565  8572 6061.25 
 1026.94  3570  8654 4963.25 
 1026.99  3575  8736 5999.25 
 1027.04  3580  8818 4675.25 
 1027.09  3585  8900 3935 
 1027.14  3590  8982 5486.75 
 1027.2  3595  9064 6690.5 
 1027.25  3600  9146 7010 
 1027.29  3605  9229 5433 
 1027.34  3610  9312 4882 
 1027.39  3615  9395 5582.5 
 1027.44  3620  9478 4618.5 
 1027.49  3625  9561 6273.5 
 1027.54  3630  9645 5506 
end
