ufIntegration time is 0.2294 seconds per sampledt  4E-08 cy 4dh260619El Arenosillo 37.1 6.73 3.23pr1000dark 4.8 
 289.09  2900  1280 4 
 289.13  2905  1350 5 
 289.18  2910  1420 4 
 289.22  2915  1490 4 
 289.27  2920  1561 3 
 289.31  2925  1631 5 
 289.35  2930  1702 5 
 289.39  2935  1773 7 
 289.43  2940  1843 2 
 289.47  2945  1914 4 
 289.5  2950  1985 4 
 289.54  2955  2056 5 
 289.59  2960  2127 5 
 289.63  2965  2198 3 
 289.67  2970  2269 5 
 289.71  2975  2340 5 
 289.75  2980  2411 5 
 289.79  2985  2483 5 
 289.82  2990  2554 4 
 289.86  2995  2626 5 
 289.91  3000  2697 6 
 289.95  3005  2769 5 
 289.99  3010  2841 4 
 290.03  3015  2912 3 
 290.07  3020  2984 6 
 290.11  3025  3056 4 
 290.15  3030  3128 5 
 290.19  3035  3200 4 
 290.23  3040  3273 6 
 290.27  3045  3345 6 
 290.31  3050  3417 4 
 290.35  3055  3490 8 
 290.39  3060  3562 4 
 290.43  3065  3635 7 
 290.47  3070  3707 8 
 290.51  3075  3780 7 
 290.55  3080  3853 7 
 290.6  3085  3926 9 
 290.64  3090  3998 10 
 290.68  3095  4071 10 
 290.72  3100  4145 11 
 290.76  3105  4218 14 
 290.79  3110  4291 20 
 290.83  3115  4364 15 
 290.88  3120  4438 16 
 290.92  3125  4511 21 
 290.96  3130  4585 23 
 291  3135  4658 15 
 291.04  3140  4732 19 
 291.08  3145  4806 20 
 291.12  3150  4880 26 
 291.15  3155  4954 20 
 291.2  3160  5028 18 
 291.24  3165  5102 33 
 291.28  3170  5176 30 
 291.32  3175  5251 33 
 291.36  3180  5325 25 
 291.4  3185  5399 29 
 291.44  3190  5474 35 
 291.48  3195  5549 31 
 291.52  3200  5623 37 
 291.56  3205  5698 38 
 291.6  3210  5773 39 
 291.64  3215  5848 39 
 291.68  3220  5923 36 
 291.72  3225  5998 27 
 291.76  3230  6073 36 
 291.8  3235  6149 38 
 291.84  3240  6224 41 
 291.89  3245  6300 40 
 291.92  3250  6375 31 
end
uaIntegration time is 0.2294 seconds per sampledt  4E-08 cy 1dh260619El Arenosillo 37.1 6.73 3.21pr1000dark .8 
 330.04  2900  1280 1.5 
 330.1  2905  1350 1 
 330.15  2910  1420 1.25 
 330.19  2915  1490 1.5 
 330.25  2920  1561 2 
 330.29  2925  1631 1.25 
 330.34  2930  1702 1.25 
 330.39  2935  1773 1.25 
 330.45  2940  1843 1.25 
 330.5  2945  1914 1.5 
 330.55  2950  1985 1.25 
 330.6  2955  2056 1.25 
 330.65  2960  2127 1 
 330.69  2965  2198 1.25 
 330.74  2970  2269 1.25 
 330.8  2975  2340 1.5 
 330.84  2980  2411 1.25 
 330.89  2985  2483 1.25 
 330.94  2990  2554 1.75 
 331  2995  2626 1.75 
 331.05  3000  2697 1.75 
 331.1  3005  2769 2 
 331.15  3010  2841 1.5 
 331.2  3015  2912 2.5 
 331.25  3020  2984 2.25 
 331.3  3025  3056 4 
 331.35  3030  3128 5.25 
 331.39  3035  3200 7.75 
 331.44  3040  3273 5.75 
 331.5  3045  3345 8.25 
 331.55  3050  3417 11.25 
 331.6  3055  3490 9.75 
 331.65  3060  3562 10.25 
 331.7  3065  3635 14.5 
 331.75  3070  3707 19.5 
 331.8  3075  3780 24 
 331.85  3080  3853 21.5 
 331.89  3085  3926 32.5 
 331.94  3090  3998 22.75 
 332  3095  4071 32.75 
 332.05  3100  4145 31.5 
 332.1  3105  4218 49 
 332.15  3110  4291 54.75 
 332.2  3115  4364 68.75 
 332.25  3120  4438 60 
 332.3  3125  4511 75.25 
 332.35  3130  4585 91.5 
 332.4  3135  4658 82.75 
 332.44  3140  4732 108.25 
 332.5  3145  4806 109 
 332.55  3150  4880 139.25 
 332.6  3155  4954 113.25 
 332.65  3160  5028 119.5 
 332.7  3165  5102 184.75 
 332.75  3170  5176 220.5 
 332.8  3175  5251 213.5 
 332.85  3180  5325 185.75 
 332.9  3185  5399 279.25 
 332.95  3190  5474 339.5 
 333  3195  5549 253.75 
 333.05  3200  5623 287.25 
 333.1  3205  5698 406.5 
 333.15  3210  5773 416 
 333.2  3215  5848 412.5 
 333.25  3220  5923 348.25 
 333.3  3225  5998 280.5 
 333.35  3230  6073 337 
 333.4  3235  6149 464.25 
 333.45  3240  6224 530 
 333.5  3245  6300 436.75 
 333.55  3250  6375 334 
end
uaIntegration time is 0.2294 seconds per sampledt  4E-08 cy 1dh260619El Arenosillo 37.1 6.73 3.21pr1000dark 1.1 
 360.04  2900  1280 2 
 360.1  2905  1350 2.5 
 360.16  2910  1420 2.25 
 360.2  2915  1490 2.5 
 360.25  2920  1561 2.5 
 360.3  2925  1631 2 
 360.35  2930  1702 1.75 
 360.41  2935  1773 2.5 
 360.45  2940  1843 2 
 360.5  2945  1914 1.75 
 360.55  2950  1985 2 
 360.6  2955  2056 2.25 
 360.66  2960  2127 1.5 
 360.7  2965  2198 1.75 
 360.75  2970  2269 2 
 360.8  2975  2340 2 
 360.85  2980  2411 2 
 360.91  2985  2483 2.75 
 360.95  2990  2554 3 
 361  2995  2626 3.75 
 361.05  3000  2697 3.25 
 361.1  3005  2769 2.75 
 361.16  3010  2841 4 
 361.2  3015  2912 5.25 
 361.25  3020  2984 4.75 
 361.3  3025  3056 7 
 361.35  3030  3128 10 
 361.41  3035  3200 12 
 361.45  3040  3273 13 
 361.5  3045  3345 18.25 
 361.55  3050  3417 26.25 
 361.6  3055  3490 25.5 
 361.66  3060  3562 29.5 
 361.7  3065  3635 38 
 361.75  3070  3707 65 
 361.8  3075  3780 77 
 361.85  3080  3853 85.5 
 361.91  3085  3926 110.5 
 361.95  3090  3998 103 
 362  3095  4071 147 
 362.05  3100  4145 164 
 362.1  3105  4218 275.5 
 362.16  3110  4291 351.5 
 362.2  3115  4364 370 
 362.25  3120  4438 431.5 
 362.3  3125  4511 572.5 
 362.35  3130  4585 634 
 362.41  3135  4658 635.25 
 362.45  3140  4732 833.25 
 362.5  3145  4806 862.75 
 362.55  3150  4880 1157.75 
 362.6  3155  4954 926.25 
 362.66  3160  5028 905.5 
 362.7  3165  5102 1379.25 
 362.75  3170  5176 1661.75 
 362.8  3175  5251 1579.25 
 362.85  3180  5325 1302 
 362.91  3185  5399 1801.25 
 362.95  3190  5474 2050.25 
 363  3195  5549 1586 
 363.05  3200  5623 1768.5 
 363.1  3205  5698 2303.5 
 363.16  3210  5773 2034 
 363.2  3215  5848 1947 
 363.25  3220  5923 1766.5 
 363.3  3225  5998 1457 
 363.35  3230  6073 1505.5 
 363.41  3235  6149 1852 
 363.45  3240  6224 2015.5 
 363.5  3245  6300 1796.25 
 363.55  3250  6375 1455 
end
uaIntegration time is 0.2294 seconds per sampledt  4E-08 cy 1dh260619El Arenosillo 37.1 6.73 3.19pr1000dark 1.05 
 390.04  2900  1280 2.5 
 390.1  2905  1350 3.75 
 390.15  2910  1420 2.5 
 390.2  2915  1490 2.75 
 390.25  2920  1561 3 
 390.29  2925  1631 3 
 390.34  2930  1702 3 
 390.41  2935  1773 4 
 390.44  2940  1843 2.75 
 390.5  2945  1914 3.5 
 390.55  2950  1985 2.75 
 390.6  2955  2056 3.75 
 390.65  2960  2127 3.5 
 390.7  2965  2198 3 
 390.75  2970  2269 3.5 
 390.8  2975  2340 4.75 
 390.86  2980  2411 4.5 
 390.9  2985  2483 3.75 
 390.95  2990  2554 4.5 
 390.99  2995  2626 5.5 
 391.05  3000  2697 5 
 391.1  3005  2769 4.75 
 391.15  3010  2841 8.75 
 391.2  3015  2912 9.75 
 391.25  3020  2984 9.25 
 391.3  3025  3056 15.5 
 391.35  3030  3128 20.75 
 391.4  3035  3200 30.75 
 391.45  3040  3273 25 
 391.49  3045  3345 37.25 
 391.55  3050  3417 64.75 
 391.61  3055  3490 74.25 
 391.65  3060  3562 77.5 
 391.7  3065  3635 88.5 
 391.75  3070  3707 152.5 
 391.81  3075  3780 205.5 
 391.85  3080  3853 235.75 
 391.9  3085  3926 268.75 
 391.95  3090  3998 255.5 
 392  3095  4071 352 
 392.06  3100  4145 386.75 
 392.1  3105  4218 633.5 
 392.15  3110  4291 765.5 
 392.2  3115  4364 777 
 392.25  3120  4438 836.25 
 392.3  3125  4511 1055.5 
 392.35  3130  4585 1126.5 
 392.4  3135  4658 1094.5 
 392.45  3140  4732 1375 
 392.51  3145  4806 1323 
 392.55  3150  4880 1666.25 
 392.6  3155  4954 1360 
 392.65  3160  5028 1270.75 
 392.69  3165  5102 1835 
 392.75  3170  5176 2184.75 
 392.8  3175  5251 2070.5 
 392.85  3180  5325 1669.25 
 392.9  3185  5399 2162.25 
 392.95  3190  5474 2387.25 
 393  3195  5549 1940.25 
 393.05  3200  5623 2213.75 
 393.1  3205  5698 2680.5 
 393.15  3210  5773 2278 
 393.19  3215  5848 2145.75 
 393.25  3220  5923 2093.75 
 393.3  3225  5998 1676.75 
 393.35  3230  6073 1665.5 
 393.4  3235  6149 1947 
 393.45  3240  6224 2095.75 
 393.51  3245  6300 1890.75 
 393.55  3250  6375 1548.25 
end
uvIntegration time is 0.2294 seconds per sampledt  4E-08 cy 4dh260619El Arenosillo 37.1 6.73 3.21pr1000dark 3.8 
 419.74  2900  1280 40 
 419.78  2905  1350 49 
 419.82  2910  1420 41 
 419.86  2915  1490 38 
 419.9  2920  1561 40 
 419.94  2925  1631 44 
 419.99  2930  1702 43 
 420.04  2935  1773 45 
 420.08  2940  1843 43 
 420.12  2945  1914 41 
 420.16  2950  1985 52 
 420.2  2955  2056 48 
 420.24  2960  2127 47 
 420.28  2965  2198 56 
 420.32  2970  2269 57 
 420.36  2975  2340 64 
 420.4  2980  2411 61 
 420.44  2985  2483 59 
 420.48  2990  2554 71 
 420.52  2995  2626 88 
 420.56  3000  2697 93 
 420.6  3005  2769 107 
 420.64  3010  2841 144 
 420.68  3015  2912 198 
 420.72  3020  2984 198 
 420.76  3025  3056 345 
 420.8  3030  3128 583 
 420.84  3035  3200 798 
 420.88  3040  3273 791 
 420.92  3045  3345 1208 
 420.96  3050  3417 1890 
 421  3055  3490 2153 
 421.04  3060  3562 2200 
 421.08  3065  3635 2872 
 421.12  3070  3707 4333 
 421.16  3075  3780 5810 
 421.2  3080  3853 6374 
 421.25  3085  3926 7630 
 421.29  3090  3998 7021 
 421.32  3095  4071 9021 
 421.36  3100  4145 9413 
 421.4  3105  4218 15505 
 421.44  3110  4291 19250 
 421.48  3115  4364 19244 
 421.52  3120  4438 20019 
 421.57  3125  4511 24588 
 421.61  3130  4585 26352 
 421.65  3135  4658 26197 
 421.69  3140  4732 31775 
 421.72  3145  4806 28976 
 421.76  3150  4880 37409 
 421.8  3155  4954 30847 
 421.84  3160  5028 27730 
 421.89  3165  5102 39113 
 421.93  3170  5176 46406 
 421.97  3175  5251 45517 
 422.01  3180  5325 34901 
 422.05  3185  5399 43076 
 422.08  3190  5474 47293 
 422.12  3195  5549 39167 
 422.16  3200  5623 44306 
 422.2  3205  5698 52058 
 422.25  3210  5773 39629 
 422.29  3215  5848 24729 
 422.33  3220  5923 40234 
 422.37  3225  5998 19349 
 422.41  3230  6073 15459 
 422.45  3235  6149 11734 
 422.48  3240  6224 37684 
 422.52  3245  6300 34904 
 422.57  3250  6375 28076 
dark 3.2 
 422.7  3250  6375 28127 
 422.74  3245  6300 33969 
 422.78  3240  6224 37145 
 422.82  3235  6149 35132 
 422.86  3230  6073 31290 
 422.9  3225  5998 32664 
 422.94  3220  5923 41083 
 422.98  3215  5848 40784 
 423.02  3210  5773 43659 
 423.06  3205  5698 52614 
 423.1  3200  5623 45178 
 423.14  3195  5549 39586 
 423.18  3190  5474 48079 
 423.22  3185  5399 44014 
 423.26  3180  5325 35590 
 423.3  3175  5251 46597 
 423.34  3170  5176 47584 
 423.38  3165  5102 40077 
 423.42  3160  5028 28642 
 423.46  3155  4954 31753 
 423.5  3150  4880 38708 
 423.54  3145  4806 30124 
 423.58  3140  4732 33043 
 423.62  3135  4658 27385 
 423.66  3130  4585 27420 
 423.7  3125  4511 25914 
 423.74  3120  4438 21067 
 423.78  3115  4364 20356 
 423.82  3110  4291 20434 
 423.86  3105  4218 16437 
 423.9  3100  4145 10011 
 423.94  3095  4071 9646 
 423.98  3090  3998 7506 
 424.02  3085  3926 8226 
 424.06  3080  3853 6920 
 424.1  3075  3780 6435 
 424.14  3070  3707 4892 
 424.18  3065  3635 3134 
 424.22  3060  3562 2493 
 424.26  3055  3490 2381 
 424.3  3050  3417 2175 
 424.34  3045  3345 1336 
 424.38  3040  3273 941 
 424.42  3035  3200 891 
 424.46  3030  3128 684 
 424.5  3025  3056 410 
 424.54  3020  2984 231 
 424.58  3015  2912 214 
 424.62  3010  2841 163 
 424.66  3005  2769 151 
 424.7  3000  2697 110 
 424.74  2995  2626 91 
 424.78  2990  2554 82 
 424.82  2985  2483 68 
 424.86  2980  2411 66 
 424.9  2975  2340 65 
 424.94  2970  2269 54 
 424.99  2965  2198 58 
 425.02  2960  2127 61 
 425.06  2955  2056 56 
 425.1  2950  1985 52 
 425.14  2945  1914 45 
 425.18  2940  1843 54 
 425.22  2935  1773 50 
 425.26  2930  1702 46 
 425.3  2925  1631 54 
 425.35  2920  1561 45 
 425.38  2915  1490 47 
 425.42  2910  1420 49 
 425.46  2905  1350 44 
 425.5  2900  1280 43 
end
uaIntegration time is 0.2294 seconds per sampledt  4E-08 cy 1dh260619El Arenosillo 37.1 6.73 3.29pr1000dark .85 
 450.05  2900  1280 18.75 
 450.1  2905  1350 17.25 
 450.17  2910  1420 17 
 450.21  2915  1490 18 
 450.25  2920  1561 16 
 450.3  2925  1631 18.5 
 450.35  2930  1702 19.25 
 450.41  2935  1773 17.5 
 450.45  2940  1843 20.75 
 450.5  2945  1914 20.5 
 450.55  2950  1985 21.25 
 450.61  2955  2056 19.5 
 450.65  2960  2127 20.5 
 450.7  2965  2198 21.75 
 450.75  2970  2269 24.75 
 450.8  2975  2340 24.5 
 450.86  2980  2411 28.5 
 450.9  2985  2483 31.5 
 450.95  2990  2554 42 
 451  2995  2626 47 
 451.06  3000  2697 54 
 451.1  3005  2769 69 
 451.15  3010  2841 106.75 
 451.2  3015  2912 153.25 
 451.25  3020  2984 140.5 
 451.31  3025  3056 267.5 
 451.35  3030  3128 463 
 451.4  3035  3200 598.5 
 451.45  3040  3273 608 
 451.51  3045  3345 883.5 
 451.55  3050  3417 1312.75 
 451.6  3055  3490 1436.75 
 451.65  3060  3562 1483.5 
 451.71  3065  3635 1832.5 
 451.75  3070  3707 2704.25 
 451.8  3075  3780 3425 
 451.85  3080  3853 3710.5 
 451.9  3085  3926 4307.75 
 451.96  3090  3998 3854.25 
 452  3095  4071 4739 
 452.05  3100  4145 4835.5 
 452.1  3105  4218 7834.5 
 452.15  3110  4291 9589.5 
 452.21  3115  4364 9417 
 452.25  3120  4438 9430 
 452.3  3125  4511 11347.5 
 452.35  3130  4585 11977 
 452.41  3135  4658 11906.75 
 452.45  3140  4732 14183.5 
 452.5  3145  4806 12320 
 452.55  3150  4880 16020.25 
 452.6  3155  4954 13155.5 
 452.66  3160  5028 11582.25 
 452.7  3165  5102 16031.75 
 452.75  3170  5176 19008.25 
 452.8  3175  5251 18809.75 
 452.85  3180  5325 14064.25 
 452.91  3185  5399 16841.5 
 452.95  3190  5474 18608.5 
 453  3195  5549 15432.25 
 453.05  3200  5623 17565 
 453.11  3205  5698 20114.5 
 453.15  3210  5773 16408.25 
 453.2  3215  5848 15171.5 
 453.25  3220  5923 15760.75 
 453.3  3225  5998 12603.5 
 453.36  3230  6073 11740.75 
 453.4  3235  6149 12935.5 
 453.45  3240  6224 13930.75 
 453.5  3245  6300 13103.5 
 453.56  3250  6375 10972.25 
end
uaIntegration time is 0.2294 seconds per sampledt  4E-08 cy 1dh260619El Arenosillo 37.1 6.73 3.39pr1000dark 1.5 
 480.05  2900  1280 24.25 
 480.1  2905  1350 26.25 
 480.16  2910  1420 30.75 
 480.2  2915  1490 31.5 
 480.26  2920  1561 26.75 
 480.31  2925  1631 25.25 
 480.34  2930  1702 27 
 480.4  2935  1773 32 
 480.45  2940  1843 30 
 480.5  2945  1914 28.75 
 480.56  2950  1985 30.5 
 480.6  2955  2056 32.75 
 480.66  2960  2127 37.75 
 480.71  2965  2198 39 
 480.75  2970  2269 37.5 
 480.8  2975  2340 45 
 480.85  2980  2411 55 
 480.9  2985  2483 59.25 
 480.96  2990  2554 86.25 
 481  2995  2626 117.5 
 481.05  3000  2697 123.75 
 481.1  3005  2769 175.25 
 481.16  3010  2841 277 
 481.2  3015  2912 382.75 
 481.25  3020  2984 361.5 
 481.3  3025  3056 662.5 
 481.35  3030  3128 1091.25 
 481.41  3035  3200 1387.75 
 481.45  3040  3273 1404.25 
 481.5  3045  3345 1952.25 
 481.55  3050  3417 2799.75 
 481.6  3055  3490 2988.5 
 481.66  3060  3562 3000.75 
 481.71  3065  3635 3657.75 
 481.76  3070  3707 5251 
 481.8  3075  3780 6366 
 481.85  3080  3853 6826.75 
 481.9  3085  3926 7832.75 
 481.95  3090  3998 6868.25 
 482  3095  4071 8060.25 
 482.06  3100  4145 8221 
 482.11  3105  4218 13208.5 
 482.16  3110  4291 15814 
 482.21  3115  4364 15465 
 482.26  3120  4438 15094.5 
 482.3  3125  4511 17755 
 482.35  3130  4585 18632.75 
 482.4  3135  4658 18576 
 482.46  3140  4732 21802.75 
 482.5  3145  4806 18611.5 
 482.55  3150  4880 23765.25 
 482.6  3155  4954 19697.75 
 482.66  3160  5028 16920.25 
 482.7  3165  5102 22995.75 
 482.76  3170  5176 27299.75 
 482.81  3175  5251 27238 
 482.85  3180  5325 20185 
 482.9  3185  5399 23625.5 
 482.96  3190  5474 25749.75 
 483  3195  5549 21602.75 
 483.05  3200  5623 24748.25 
 483.11  3205  5698 27739.25 
 483.15  3210  5773 22531.25 
 483.2  3215  5848 20718.25 
 483.26  3220  5923 21733.25 
 483.31  3225  5998 17222.75 
 483.35  3230  6073 16170.5 
 483.4  3235  6149 17473 
 483.46  3240  6224 18735.5 
 483.5  3245  6300 17606.25 
 483.55  3250  6375 14891.75 
end
uaIntegration time is 0.2294 seconds per sampledt  4E-08 cy 1dh260619El Arenosillo 37.1 6.73 3.47pr1000dark 1.45 
 510.04  2900  1280 35 
 510.1  2905  1350 38.25 
 510.15  2910  1420 41 
 510.2  2915  1490 36 
 510.25  2920  1561 37 
 510.3  2925  1631 41.25 
 510.35  2930  1702 40.25 
 510.42  2935  1773 40 
 510.46  2940  1843 39.5 
 510.5  2945  1914 43.25 
 510.55  2950  1985 42.5 
 510.6  2955  2056 49 
 510.65  2960  2127 51.5 
 510.71  2965  2198 57.75 
 510.74  2970  2269 65.25 
 510.79  2975  2340 88.25 
 510.85  2980  2411 107.75 
 510.9  2985  2483 115.75 
 510.95  2990  2554 178.25 
 511  2995  2626 257.25 
 511.05  3000  2697 264.75 
 511.09  3005  2769 374.75 
 511.15  3010  2841 575.75 
 511.2  3015  2912 808.25 
 511.24  3020  2984 727.25 
 511.29  3025  3056 1357.25 
 511.34  3030  3128 2170.25 
 511.4  3035  3200 2683.75 
 511.45  3040  3273 2641.75 
 511.5  3045  3345 3602 
 511.55  3050  3417 5021.25 
 511.6  3055  3490 5299.25 
 511.65  3060  3562 5186 
 511.7  3065  3635 6184 
 511.75  3070  3707 8658.5 
 511.79  3075  3780 10311.75 
 511.84  3080  3853 10886.25 
 511.9  3085  3926 12414.75 
 511.95  3090  3998 10754.5 
 511.99  3095  4071 12300 
 512.05  3100  4145 12299.75 
 512.1  3105  4218 19704.5 
 512.1501  3110  4291 23340 
 512.2  3115  4364 22432 
 512.25  3120  4438 21493 
 512.29  3125  4511 25043.25 
 512.3401  3130  4585 25995.5 
 512.4001  3135  4658 25894 
 512.45  3140  4732 30019 
 512.5  3145  4806 25340.5 
 512.55  3150  4880 32236.25 
 512.6  3155  4954 26874.75 
 512.6501  3160  5028 22857.25 
 512.7  3165  5102 30690.75 
 512.75  3170  5176 36485.25 
 512.8  3175  5251 36365 
 512.8401  3180  5325 26728 
 512.91  3185  5399 31218.5 
 512.95  3190  5474 33296.75 
 513  3195  5549 28652.75 
 513.05  3200  5623 32590 
 513.1  3205  5698 36072.5 
 513.1501  3210  5773 28670.5 
 513.2  3215  5848 26636 
 513.25  3220  5923 28014 
 513.3  3225  5998 22272.75 
 513.3401  3230  6073 20900.5 
 513.41  3235  6149 22196.25 
 513.45  3240  6224 23866.5 
 513.5  3245  6300 22348.5 
 513.54  3250  6375 19062 
end
uaIntegration time is 0.2294 seconds per sampledt  4E-08 cy 1dh260619El Arenosillo 37.1 6.73 3.54pr1000dark 1.95 
 540.04  2900  1280 45 
 540.09  2905  1350 42.75 
 540.15  2910  1420 47.25 
 540.19  2915  1490 45.5 
 540.24  2920  1561 49.5 
 540.3  2925  1631 49.25 
 540.34  2930  1702 48.75 
 540.4  2935  1773 49.5 
 540.46  2940  1843 56.25 
 540.5  2945  1914 60.75 
 540.55  2950  1985 62.75 
 540.6  2955  2056 68 
 540.65  2960  2127 86 
 540.69  2965  2198 88.75 
 540.74  2970  2269 101 
 540.79  2975  2340 166 
 540.84  2980  2411 201.25 
 540.9  2985  2483 219.5 
 540.94  2990  2554 364.25 
 540.99  2995  2626 500.75 
 541.04  3000  2697 491.75 
 541.1  3005  2769 694.25 
 541.15  3010  2841 1082.75 
 541.2  3015  2912 1419.75 
 541.24  3020  2984 1279 
 541.29  3025  3056 2337 
 541.35  3030  3128 3706.25 
 541.39  3035  3200 4376 
 541.45  3040  3273 4274.25 
 541.49  3045  3345 5696 
 541.54  3050  3417 7721.25 
 541.6  3055  3490 7944.25 
 541.65  3060  3562 7913.75 
 541.7  3065  3635 9175.5 
 541.74  3070  3707 12628.25 
 541.79  3075  3780 14790.75 
 541.85  3080  3853 15454 
 541.89  3085  3926 17369 
 541.94  3090  3998 14891 
 541.99  3095  4071 16773.5 
 542.04  3100  4145 16525.75 
 542.09  3105  4218 26722.25 
 542.15  3110  4291 30988 
 542.19  3115  4364 29689.75 
 542.25  3120  4438 28061.5 
 542.29  3125  4511 32294.25 
 542.35  3130  4585 33566.75 
 542.4  3135  4658 33441.5 
 542.44  3140  4732 38229.75 
 542.5  3145  4806 32110.5 
 542.54  3150  4880 40545.5 
 542.59  3155  4954 33405.25 
 542.65  3160  5028 28626.75 
 542.7  3165  5102 37971 
 542.75  3170  5176 45117.5 
 542.8  3175  5251 44750.5 
 542.84  3180  5325 32568 
 542.9  3185  5399 38485.5 
 542.94  3190  5474 40105.25 
 543  3195  5549 34959.5 
 543.04  3200  5623 39955 
 543.09  3205  5698 43679.25 
 543.14  3210  5773 34412.5 
 543.19  3215  5848 31960.25 
 543.25  3220  5923 33616.5 
 543.3  3225  5998 26482.75 
 543.35  3230  6073 25050 
 543.4  3235  6149 26342 
 543.45  3240  6224 28338.5 
 543.49  3245  6300 26713.25 
 543.56  3250  6375 22839.5 
end
uaIntegration time is 0.2294 seconds per sampledt  4E-08 cy 1dh260619El Arenosillo 37.1 6.73 3.6pr1000dark 2.85 
 570.03  2900  1280 61 
 570.09  2905  1350 56.25 
 570.14  2910  1420 57.75 
 570.19  2915  1490 55.25 
 570.24  2920  1561 67.75 
 570.29  2925  1631 61 
 570.35  2930  1702 60.5 
 570.39  2935  1773 65 
 570.44  2940  1843 72.25 
 570.49  2945  1914 73 
 570.54  2950  1985 81.75 
 570.59  2955  2056 109.5 
 570.64  2960  2127 141 
 570.69  2965  2198 139.75 
 570.74  2970  2269 169 
 570.82  2975  2340 287.75 
 570.86  2980  2411 353 
 570.9  2985  2483 364.5 
 570.94  2990  2554 628 
 570.99  2995  2626 831 
 571.04  3000  2697 825.5 
 571.09  3005  2769 1136.25 
 571.14  3010  2841 1741.5 
 571.19  3015  2912 2245 
 571.25  3020  2984 1982.5 
 571.29  3025  3056 3587.25 
 571.34  3030  3128 5573.5 
 571.39  3035  3200 6519 
 571.44  3040  3273 6256.5 
 571.49  3045  3345 8248.25 
 571.54  3050  3417 10973.5 
 571.59  3055  3490 11139.5 
 571.64  3060  3562 11041.5 
 571.7  3065  3635 12638 
 571.74  3070  3707 17131.25 
 571.79  3075  3780 19614.5 
 571.84  3080  3853 20476 
 571.89  3085  3926 22840.75 
 571.94  3090  3998 19321 
 571.99  3095  4071 21551.75 
 572.04  3100  4145 21227.25 
 572.09  3105  4218 34187.25 
 572.15  3110  4291 39323.5 
 572.19  3115  4364 37365.25 
 572.24  3120  4438 35007.5 
 572.29  3125  4511 40125.75 
 572.34  3130  4585 41352 
 572.39  3135  4658 41460 
 572.44  3140  4732 46466.25 
 572.49  3145  4806 39277.25 
 572.54  3150  4880 49066 
 572.6  3155  4954 40313.25 
 572.64  3160  5028 34343.5 
 572.69  3165  5102 45812.25 
 572.74  3170  5176 54062.25 
 572.79  3175  5251 53337.5 
 572.84  3180  5325 38707.25 
 572.89  3185  5399 45942.5 
 572.94  3190  5474 47321.5 
 572.99  3195  5549 41522.75 
 573.05  3200  5623 47328 
 573.09  3205  5698 51392.75 
 573.14  3210  5773 40379.75 
 573.19  3215  5848 37719 
 573.24  3220  5923 39355.5 
 573.29  3225  5998 31032.75 
 573.34  3230  6073 29313.25 
 573.39  3235  6149 30657 
 573.44  3240  6224 32943 
 573.49  3245  6300 31061 
 573.54  3250  6375 26527.5 
end
uaIntegration time is 0.2294 seconds per sampledt  4E-08 cy 1dh260619El Arenosillo 37.1 6.73 3.66pr1000dark 3.65 
 600.04  2900  1280 73.5 
 600.1  2905  1350 65 
 600.15  2910  1420 71.25 
 600.2  2915  1490 68.75 
 600.25  2920  1561 72.5 
 600.3  2925  1631 74 
 600.34  2930  1702 79.25 
 600.4  2935  1773 86.25 
 600.45  2940  1843 84.5 
 600.5  2945  1914 80.5 
 600.54  2950  1985 95.25 
 600.6  2955  2056 109 
 600.65  2960  2127 149.5 
 600.7  2965  2198 183 
 600.75  2970  2269 229.75 
 600.8  2975  2340 389.75 
 600.86  2980  2411 468 
 600.91  2985  2483 468.75 
 600.95  2990  2554 894.75 
 601  2995  2626 1149 
 601.05  3000  2697 996.5 
 601.09  3005  2769 1413.25 
 601.14  3010  2841 2448 
 601.19  3015  2912 3187.5 
 601.24  3020  2984 2462.75 
 601.29  3025  3056 4892.75 
 601.34  3030  3128 7109.5 
 601.4  3035  3200 8869.75 
 601.45  3040  3273 8506.75 
 601.5  3045  3345 11017.5 
 601.55  3050  3417 14275.5 
 601.6  3055  3490 14350 
 601.65  3060  3562 14025 
 601.7  3065  3635 15217.75 
 601.75  3070  3707 19798 
 601.79  3075  3780 23067.25 
 601.84  3080  3853 23978.5 
 601.9  3085  3926 27066.75 
 601.95  3090  3998 21673.25 
 602  3095  4071 24366.75 
 602.05  3100  4145 24563.5 
 602.1  3105  4218 41567.25 
 602.15  3110  4291 47552.25 
 602.2  3115  4364 45476.75 
 602.25  3120  4438 41915 
 602.29  3125  4511 47607.25 
 602.34  3130  4585 48705 
 602.39  3135  4658 49133.75 
 602.45  3140  4732 54352.25 
 602.5  3145  4806 45703.5 
 602.55  3150  4880 57168.25 
 602.6  3155  4954 47074.5 
 602.65  3160  5028 39710 
 602.7  3165  5102 52502.25 
 602.75  3170  5176 62471 
 602.8  3175  5251 61212.25 
 602.84  3180  5325 44236.75 
 602.89  3185  5399 52004.5 
 602.95  3190  5474 53555.75 
 603  3195  5549 46019.5 
 603.05  3200  5623 47839.5 
 603.1  3205  5698 50855.25 
 603.15  3210  5773 41061.75 
 603.2  3215  5848 31517.5 
 603.26  3220  5923 35470.5 
 603.3  3225  5998 35318 
 603.34  3230  6073 33601 
 603.4  3235  6149 34376.75 
 603.45  3240  6224 36626 
 603.5  3245  6300 35065.25 
 603.55  3250  6375 30351.5 
end
uaIntegration time is 0.2294 seconds per sampledt  4E-08 cy 1dh260619El Arenosillo 37.1 6.73 3.7pr1000dark 3.9 
 630.05  2900  1280 73 
 630.1  2905  1350 74.5 
 630.16  2910  1420 75.25 
 630.2  2915  1490 80.75 
 630.25  2920  1561 79.5 
 630.3  2925  1631 88.25 
 630.35  2930  1702 92.75 
 630.4  2935  1773 100.5 
 630.45  2940  1843 105.75 
 630.5  2945  1914 115.25 
 630.55  2950  1985 143.75 
 630.6  2955  2056 195.25 
 630.65  2960  2127 264 
 630.7  2965  2198 279.75 
 630.75  2970  2269 351.5 
 630.8  2975  2340 632.25 
 630.85  2980  2411 714.5 
 630.9  2985  2483 755.25 
 630.95  2990  2554 1288.5 
 631  2995  2626 1651.5 
 631.05  3000  2697 1588.75 
 631.1  3005  2769 2135.75 
 631.16  3010  2841 3181 
 631.2  3015  2912 4031 
 631.25  3020  2984 3574.5 
 631.3  3025  3056 6423.5 
 631.36  3030  3128 9451.5 
 631.41  3035  3200 10702 
 631.45  3040  3273 10145.25 
 631.5  3045  3345 13062 
 631.55  3050  3417 17278.5 
 631.6  3055  3490 16632 
 631.65  3060  3562 16837.25 
 631.71  3065  3635 18955 
 631.75  3070  3707 25155.75 
 631.8  3075  3780 28048.25 
 631.85  3080  3853 29190.25 
 631.9  3085  3926 32220.25 
 631.96  3090  3998 27243 
 632  3095  4071 29836 
 632.05  3100  4145 29109.5 
 632.1  3105  4218 46812 
 632.16  3110  4291 52846.5 
 632.2  3115  4364 49910 
 632.25  3120  4438 46164.75 
 632.3  3125  4511 52452.5 
 632.35  3130  4585 53700.25 
 632.41  3135  4658 54567.5 
 632.45  3140  4732 59678.75 
 632.5  3145  4806 49989 
 632.55  3150  4880 62597.25 
 632.6  3155  4954 52143 
 632.66  3160  5028 43413.75 
 632.7  3165  5102 57630.75 
 632.75  3170  5176 67934.75 
 632.8  3175  5251 66611.5 
 632.85  3180  5325 48059.75 
 632.91  3185  5399 56819 
 632.95  3190  5474 58197.5 
 633  3195  5549 51436.5 
 633.06  3200  5623 58449 
 633.1  3205  5698 63110.25 
 633.16  3210  5773 47986.25 
 633.2  3215  5848 46358 
 633.25  3220  5923 48368.25 
 633.3  3225  5998 38334.5 
 633.35  3230  6073 35814.25 
 633.41  3235  6149 37224 
 633.46  3240  6224 39960 
 633.51  3245  6300 37714 
 633.55  3250  6375 32500.75 
end
uaIntegration time is 0.2294 seconds per sampledt  4E-08 cy 1dh260619El Arenosillo 37.1 6.73 3.74pr1000dark 4.45 
 660.04  2900  1280 83.75 
 660.1  2905  1350 83 
 660.15  2910  1420 84.75 
 660.19  2915  1490 97.25 
 660.25  2920  1561 95.25 
 660.3  2925  1631 91.25 
 660.34  2930  1702 104 
 660.39  2935  1773 113.75 
 660.45  2940  1843 128 
 660.5  2945  1914 146 
 660.55  2950  1985 191.75 
 660.6  2955  2056 249.5 
 660.65  2960  2127 350.75 
 660.7  2965  2198 373.5 
 660.75  2970  2269 457 
 660.8  2975  2340 783.75 
 660.84  2980  2411 624 
 660.89  2985  2483 617.75 
 660.95  2990  2554 1122 
 660.99  2995  2626 1832.25 
 661.05  3000  2697 1828.75 
 661.09  3005  2769 2412.25 
 661.14  3010  2841 3399.25 
 661.19  3015  2912 4753.75 
 661.24  3020  2984 4337.75 
 661.3  3025  3056 7611.25 
 661.34  3030  3128 11178.5 
 661.4  3035  3200 12776.75 
 661.45  3040  3273 11881.25 
 661.5  3045  3345 15276.75 
 661.55  3050  3417 19801.25 
 661.6  3055  3490 19269.75 
 661.64  3060  3562 19130.5 
 661.71  3065  3635 21633 
 661.75  3070  3707 28169 
 661.8  3075  3780 31461.25 
 661.84  3080  3853 32673.25 
 661.89  3085  3926 36005.5 
 661.95  3090  3998 30299.25 
 662  3095  4071 32845.75 
 662.05  3100  4145 31970 
 662.1  3105  4218 50996.5 
 662.14  3110  4291 57847.25 
 662.2  3115  4364 54784.75 
 662.25  3120  4438 50167.75 
 662.29  3125  4511 56920.25 
 662.34  3130  4585 58405.25 
 662.39  3135  4658 58980 
 662.45  3140  4732 64994.5 
 662.5  3145  4806 53670 
 662.55  3150  4880 67248 
 662.6  3155  4954 56340.5 
 662.65  3160  5028 46447 
 662.69  3165  5102 61431 
 662.75  3170  5176 72802.75 
 662.8  3175  5251 71406.25 
 662.84  3180  5325 51706.5 
 662.89  3185  5399 60293.25 
 662.95  3190  5474 62535.75 
 663  3195  5549 54617 
 663.05  3200  5623 62259 
 663.1  3205  5698 67334.75 
 663.15  3210  5773 51514.75 
 663.19  3215  5848 49037.5 
 663.25  3220  5923 51670.5 
 663.3  3225  5998 41279.25 
 663.34  3230  6073 37908 
 663.39  3235  6149 39520.5 
 663.45  3240  6224 42416.75 
 663.49  3245  6300 40214.25 
 663.55  3250  6375 34516.75 
end
uvIntegration time is 0.2294 seconds per sampledt  4E-08 cy 4dh260619El Arenosillo 37.1 6.73 3.78pr1000dark 20.8 
 690.53  2900  1280 353 
 690.57  2905  1350 354 
 690.61  2910  1420 383 
 690.65  2915  1490 373 
 690.69  2920  1561 400 
 690.73  2925  1631 436 
 690.77  2930  1702 464 
 690.81  2935  1773 528 
 690.85  2940  1843 571 
 690.89  2945  1914 671 
 690.93  2950  1985 860 
 690.97  2955  2056 1145 
 691.01  2960  2127 1518 
 691.05  2965  2198 1621 
 691.08  2970  2269 1814 
 691.13  2975  2340 3308 
 691.17  2980  2411 4372 
 691.21  2985  2483 4047 
 691.25  2990  2554 6595 
 691.29  2995  2626 8556 
 691.33  3000  2697 9320 
 691.37  3005  2769 11767 
 691.41  3010  2841 17574 
 691.45  3015  2912 22569 
 691.49  3020  2984 18860 
 691.53  3025  3056 33244 
 691.57  3030  3128 48555 
 691.61  3035  3200 56385 
 691.65  3040  3273 52612 
 691.69  3045  3345 67085 
 691.73  3050  3417 85567 
 691.77  3055  3490 83544 
 691.81  3060  3562 82839 
 691.85  3065  3635 93387 
 691.89  3070  3707 120859 
 691.93  3075  3780 135186 
 691.97  3080  3853 140448 
 692.01  3085  3926 154728 
 692.05  3090  3998 130434 
 692.09  3095  4071 140208 
 692.13  3100  4145 135742 
 692.17  3105  4218 213877 
 692.21  3110  4291 245317 
 692.25  3115  4364 233986 
 692.29  3120  4438 213152 
 692.33  3125  4511 241620 
 692.37  3130  4585 246665 
 692.41  3135  4658 248769 
 692.45  3140  4732 273223 
 692.49  3145  4806 224384 
 692.53  3150  4880 281704 
 692.57  3155  4954 238648 
 692.61  3160  5028 194369 
 692.65  3165  5102 256633 
 692.69  3170  5176 302269 
 692.73  3175  5251 299108 
 692.77  3180  5325 215469 
 692.81  3185  5399 249303 
 692.85  3190  5474 261998 
 692.89  3195  5549 227043 
 692.93  3200  5623 259684 
 692.97  3205  5698 280405 
 693.01  3210  5773 215197 
 693.05  3215  5848 202904 
 693.09  3220  5923 215897 
 693.13  3225  5998 175538 
 693.17  3230  6073 156797 
 693.21  3235  6149 163479 
 693.25  3240  6224 175206 
 693.29  3245  6300 167544 
 693.33  3250  6375 143357 
dark 21.6 
 693.46  3250  6375 141766 
 693.5  3245  6300 162632 
 693.54  3240  6224 175330 
 693.58  3235  6149 163627 
 693.62  3230  6073 157273 
 693.67  3225  5998 173341 
 693.71  3220  5923 216081 
 693.75  3215  5848 203607 
 693.78  3210  5773 215439 
 693.82  3205  5698 280417 
 693.86  3200  5623 259428 
 693.9  3195  5549 226630 
 693.94  3190  5474 261109 
 693.98  3185  5399 249546 
 694.03  3180  5325 215795 
 694.07  3175  5251 298647 
 694.11  3170  5176 304626 
 694.15  3165  5102 258066 
 694.18  3160  5028 195556 
 694.22  3155  4954 239923 
 694.26  3150  4880 282512 
 694.3  3145  4806 225657 
 694.34  3140  4732 274998 
 694.39  3135  4658 249275 
 694.43  3130  4585 246552 
 694.47  3125  4511 240874 
 694.5  3120  4438 213439 
 694.54  3115  4364 234433 
 694.58  3110  4291 246589 
 694.62  3105  4218 216569 
 694.66  3100  4145 135883 
 694.7  3095  4071 140559 
 694.74  3090  3998 130670 
 694.79  3085  3926 155342 
 694.83  3080  3853 141020 
 694.87  3075  3780 136051 
 694.9  3070  3707 121316 
 694.94  3065  3635 94038 
 694.98  3060  3562 83799 
 695.02  3055  3490 84079 
 695.06  3050  3417 86972 
 695.11  3045  3345 67895 
 695.15  3040  3273 53201 
 695.19  3035  3200 57007 
 695.23  3030  3128 49118 
 695.26  3025  3056 33759 
 695.3  3020  2984 19238 
 695.34  3015  2912 22723 
 695.38  3010  2841 17775 
 695.42  3005  2769 12198 
 695.47  3000  2697 9304 
 695.51  2995  2626 9635 
 695.55  2990  2554 7626 
 695.59  2985  2483 4351 
 695.63  2980  2411 4475 
 695.66  2975  2340 4027 
 695.7  2970  2269 2144 
 695.74  2965  2198 1782 
 695.78  2960  2127 1707 
 695.83  2955  2056 1150 
 695.87  2950  1985 829 
 695.91  2945  1914 664 
 695.95  2940  1843 568 
 695.99  2935  1773 501 
 696.02  2930  1702 434 
 696.06  2925  1631 419 
 696.1  2920  1561 400 
 696.14  2915  1490 394 
 696.19  2910  1420 393 
 696.21  2905  1350 350 
 696.25  2900  1280 395 
end
uaIntegration time is 0.2294 seconds per sampledt  4E-08 cy 1dh260619El Arenosillo 37.1 6.73 3.8pr1000dark 5.25 
 720.05  2900  1280 93.5 
 720.1  2905  1350 90.5 
 720.16  2910  1420 95.25 
 720.2  2915  1490 96.5 
 720.25  2920  1561 104 
 720.3  2925  1631 105.25 
 720.35  2930  1702 117.5 
 720.4  2935  1773 134 
 720.46  2940  1843 160.25 
 720.5  2945  1914 178 
 720.55  2950  1985 222.75 
 720.6  2955  2056 314 
 720.65  2960  2127 461.25 
 720.71  2965  2198 476.75 
 720.75  2970  2269 573.5 
 720.8  2975  2340 1070 
 720.85  2980  2411 1195.75 
 720.9  2985  2483 1162.5 
 720.96  2990  2554 2044 
 721  2995  2626 2573.25 
 721.05  3000  2697 2487.25 
 721.1  3005  2769 3185.25 
 721.15  3010  2841 4738 
 721.21  3015  2912 5972.75 
 721.25  3020  2984 5063.25 
 721.3  3025  3056 8735.5 
 721.35  3030  3128 12812 
 721.4  3035  3200 14857.5 
 721.45  3040  3273 13792.25 
 721.5  3045  3345 17560.75 
 721.55  3050  3417 22439.75 
 721.6  3055  3490 21976.75 
 721.65  3060  3562 21509 
 721.7  3065  3635 24274 
 721.76  3070  3707 31336.25 
 721.8  3075  3780 35120.5 
 721.85  3080  3853 36391.75 
 721.9  3085  3926 39971 
 721.95  3090  3998 33784.75 
 722.01  3095  4071 36065 
 722.05  3100  4145 34963.5 
 722.1  3105  4218 55421.75 
 722.15  3110  4291 63344 
 722.2  3115  4364 59870.5 
 722.25  3120  4438 54530.25 
 722.31  3125  4511 61547.75 
 722.35  3130  4585 62873.75 
 722.4  3135  4658 63673 
 722.45  3140  4732 70151.5 
 722.5  3145  4806 57562 
 722.56  3150  4880 71716 
 722.6  3155  4954 60319.25 
 722.65  3160  5028 49639 
 722.7  3165  5102 65252.75 
 722.75  3170  5176 77272.25 
 722.8  3175  5251 76290.25 
 722.86  3180  5325 54959 
 722.9  3185  5399 63333.5 
 722.95  3190  5474 67194.75 
 723  3195  5549 57850.25 
 723.05  3200  5623 66075.25 
 723.11  3205  5698 71464.5 
 723.15  3210  5773 55038 
 723.2  3215  5848 51551.5 
 723.25  3220  5923 55145.5 
 723.3  3225  5998 44398.25 
 723.35  3230  6073 39952.75 
 723.41  3235  6149 41760.25 
 723.45  3240  6224 44702.5 
 723.5  3245  6300 42444.75 
 723.55  3250  6375 36478.25 
end
uvIntegration time is 0.2294 seconds per sampledt  4E-08 cy 4dh260619El Arenosillo 37.1 6.73 3.8pr1000dark 20.8 
 724.97  2900  1280 350 
 725.01  2905  1350 368 
 725.05  2910  1420 398 
 725.09  2915  1490 398 
 725.13  2920  1561 435 
 725.17  2925  1631 427 
 725.21  2930  1702 466 
 725.25  2935  1773 533 
 725.3  2940  1843 594 
 725.34  2945  1914 730 
 725.38  2950  1985 923 
 725.42  2955  2056 1279 
 725.46  2960  2127 1901 
 725.49  2965  2198 1909 
 725.54  2970  2269 2326 
 725.58  2975  2340 4349 
 725.62  2980  2411 4909 
 725.66  2985  2483 4726 
 725.7  2990  2554 8296 
 725.75  2995  2626 10306 
 725.79  3000  2697 9964 
 725.83  3005  2769 13223 
 725.87  3010  2841 19081 
 725.9  3015  2912 23963 
 725.95  3020  2984 20409 
 725.99  3025  3056 34783 
 726.03  3030  3128 51282 
 726.07  3035  3200 59727 
 726.11  3040  3273 56013 
 726.16  3045  3345 71000 
 726.2  3050  3417 91195 
 726.24  3055  3490 88221 
 726.28  3060  3562 85751 
 726.32  3065  3635 97779 
 726.36  3070  3707 125282 
 726.4  3075  3780 140893 
 726.44  3080  3853 146756 
 726.48  3085  3926 160758 
 726.52  3090  3998 135253 
 726.56  3095  4071 145773 
 726.61  3100  4145 139863 
 726.65  3105  4218 222191 
 726.69  3110  4291 254338 
 726.73  3115  4364 240079 
 726.77  3120  4438 219682 
 726.8  3125  4511 247734 
 726.85  3130  4585 253186 
 726.89  3135  4658 255198 
 726.93  3140  4732 283877 
 726.97  3145  4806 229540 
 727.01  3150  4880 288685 
 727.06  3155  4954 246625 
 727.1  3160  5028 200794 
 727.14  3165  5102 261941 
 727.18  3170  5176 310765 
 727.21  3175  5251 307958 
 727.25  3180  5325 222682 
 727.3  3185  5399 252305 
 727.34  3190  5474 267664 
 727.38  3195  5549 232464 
 727.42  3200  5623 266252 
 727.46  3205  5698 285087 
 727.5  3210  5773 220589 
 727.55  3215  5848 206120 
 727.59  3220  5923 221009 
 727.62  3225  5998 176729 
 727.66  3230  6073 160543 
 727.7  3235  6149 166889 
 727.74  3240  6224 179255 
 727.79  3245  6300 170497 
 727.83  3250  6375 146520 
dark 19.8 
 727.96  3250  6375 146798 
 728  3245  6300 170470 
 728.04  3240  6224 179235 
 728.09  3235  6149 166813 
 728.13  3230  6073 161068 
 728.17  3225  5998 176111 
 728.21  3220  5923 221209 
 728.25  3215  5848 207386 
 728.29  3210  5773 219403 
 728.33  3205  5698 285545 
 728.37  3200  5623 266695 
 728.41  3195  5549 233729 
 728.45  3190  5474 268864 
 728.49  3185  5399 252920 
 728.53  3180  5325 222182 
 728.58  3175  5251 306573 
 728.62  3170  5176 310840 
 728.66  3165  5102 263002 
 728.7  3160  5028 201362 
 728.74  3155  4954 244300 
 728.78  3150  4880 289755 
 728.82  3145  4806 230682 
 728.86  3140  4732 283180 
 728.9  3135  4658 255964 
 728.94  3130  4585 253070 
 728.98  3125  4511 248401 
 729.03  3120  4438 219141 
 729.07  3115  4364 239354 
 729.11  3110  4291 254235 
 729.15  3105  4218 221690 
 729.19  3100  4145 139848 
 729.23  3095  4071 145832 
 729.27  3090  3998 135266 
 729.31  3085  3926 161319 
 729.35  3080  3853 146733 
 729.39  3075  3780 141700 
 729.43  3070  3707 126790 
 729.47  3065  3635 98346 
 729.52  3060  3562 85774 
 729.55  3055  3490 88607 
 729.59  3050  3417 91348 
 729.63  3045  3345 71270 
 729.67  3040  3273 56170 
 729.71  3035  3200 59892 
 729.76  3030  3128 51488 
 729.8  3025  3056 34907 
 729.84  3020  2984 20348 
 729.88  3015  2912 24094 
 729.92  3010  2841 19241 
 729.96  3005  2769 13201 
 730  3000  2697 10064 
 730.04  2995  2626 10532 
 730.08  2990  2554 8446 
 730.12  2985  2483 4748 
 730.16  2980  2411 4976 
 730.21  2975  2340 4306 
 730.25  2970  2269 2407 
 730.29  2965  2198 1926 
 730.33  2960  2127 1865 
 730.37  2955  2056 1337 
 730.41  2950  1985 891 
 730.45  2945  1914 712 
 730.49  2940  1843 643 
 730.53  2935  1773 556 
 730.57  2930  1702 473 
 730.61  2925  1631 419 
 730.65  2920  1561 407 
 730.7  2915  1490 405 
 730.74  2910  1420 389 
 730.78  2905  1350 371 
 730.82  2900  1280 381 
end
uvIntegration time is 0.2294 seconds per sampledt  4E-08 cy 4dh260619El Arenosillo 37.1 6.73 3.78pr1000dark 23.4 
 753.86  2900  1280 393 
 753.91  2905  1350 393 
 753.95  2910  1420 383 
 753.99  2915  1490 396 
 754.03  2920  1561 422 
 754.07  2925  1631 424 
 754.11  2930  1702 474 
 754.15  2935  1773 553 
 754.19  2940  1843 603 
 754.23  2945  1914 711 
 754.27  2950  1985 937 
 754.31  2955  2056 1332 
 754.36  2960  2127 1837 
 754.4  2965  2198 1938 
 754.44  2970  2269 2285 
 754.48  2975  2340 4259 
 754.52  2980  2411 4966 
 754.56  2985  2483 4643 
 754.6  2990  2554 8180 
 754.64  2995  2626 10359 
 754.68  3000  2697 9927 
 754.72  3005  2769 12910 
 754.77  3010  2841 18848 
 754.81  3015  2912 23968 
 754.85  3020  2984 20249 
 754.88  3025  3056 34228 
 754.92  3030  3128 51450 
 754.97  3035  3200 59605 
 755.01  3040  3273 55999 
 755.05  3045  3345 70725 
 755.09  3050  3417 90044 
 755.14  3055  3490 88695 
 755.18  3060  3562 84815 
 755.22  3065  3635 97480 
 755.26  3070  3707 125836 
 755.29  3075  3780 141230 
 755.33  3080  3853 146475 
 755.38  3085  3926 161289 
 755.42  3090  3998 136217 
 755.46  3095  4071 145791 
 755.5  3100  4145 140096 
 755.54  3105  4218 218440 
 755.59  3110  4291 254763 
 755.63  3115  4364 240638 
 755.67  3120  4438 219703 
 755.7  3125  4511 248406 
 755.74  3130  4585 254271 
 755.78  3135  4658 255011 
 755.83  3140  4732 285642 
 755.87  3145  4806 230216 
 755.91  3150  4880 290361 
 755.95  3155  4954 247837 
 755.99  3160  5028 200937 
 756.04  3165  5102 262412 
 756.08  3170  5176 310587 
 756.11  3175  5251 310834 
 756.15  3180  5325 223914 
 756.2  3185  5399 252750 
 756.24  3190  5474 268947 
 756.28  3195  5549 232713 
 756.32  3200  5623 266680 
 756.38  3205  5698 287458 
 756.42  3210  5773 222125 
 756.46  3215  5848 206339 
 756.5  3220  5923 223028 
 756.54  3225  5998 177507 
 756.59  3230  6073 160855 
 756.63  3235  6149 167162 
 756.67  3240  6224 179413 
 756.71  3245  6300 170684 
 756.75  3250  6375 146826 
dark 23.2 
 756.89  3250  6375 147122 
 756.93  3245  6300 171027 
 756.97  3240  6224 179654 
 757  3235  6149 167907 
 757.04  3230  6073 161009 
 757.09  3225  5998 177065 
 757.13  3220  5923 222129 
 757.17  3215  5848 206134 
 757.21  3210  5773 221407 
 757.25  3205  5698 287290 
 757.3  3200  5623 267541 
 757.34  3195  5549 232671 
 757.38  3190  5474 269986 
 757.41  3185  5399 252296 
 757.46  3180  5325 223105 
 757.5  3175  5251 310071 
 757.54  3170  5176 310663 
 757.58  3165  5102 262808 
 757.62  3160  5028 200328 
 757.67  3155  4954 248798 
 757.71  3150  4880 289428 
 757.75  3145  4806 230306 
 757.79  3140  4732 285657 
 757.82  3135  4658 254678 
 757.87  3130  4585 253444 
 757.91  3125  4511 248261 
 757.95  3120  4438 219958 
 757.99  3115  4364 240051 
 758.03  3110  4291 254022 
 758.08  3105  4218 220826 
 758.12  3100  4145 139206 
 758.16  3095  4071 145421 
 758.2  3090  3998 135309 
 758.24  3085  3926 161230 
 758.28  3080  3853 146096 
 758.32  3075  3780 141214 
 758.36  3070  3707 125624 
 758.4  3065  3635 97552 
 758.44  3060  3562 85521 
 758.48  3055  3490 88311 
 758.53  3050  3417 90430 
 758.57  3045  3345 70847 
 758.61  3040  3273 55631 
 758.65  3035  3200 59445 
 758.69  3030  3128 50696 
 758.73  3025  3056 34185 
 758.77  3020  2984 20094 
 758.81  3015  2912 23872 
 758.85  3010  2841 18648 
 758.9  3005  2769 12921 
 758.94  3000  2697 9943 
 758.98  2995  2626 10298 
 759.02  2990  2554 8127 
 759.06  2985  2483 4638 
 759.1  2980  2411 4885 
 759.14  2975  2340 4289 
 759.18  2970  2269 2301 
 759.22  2965  2198 1920 
 759.26  2960  2127 1820 
 759.31  2955  2056 1276 
 759.35  2950  1985 880 
 759.39  2945  1914 704 
 759.42  2940  1843 611 
 759.46  2935  1773 541 
 759.51  2930  1702 456 
 759.55  2925  1631 424 
 759.59  2920  1561 439 
 759.63  2915  1490 402 
 759.67  2910  1420 405 
 759.72  2905  1350 373 
 759.76  2900  1280 387 
end
uaIntegration time is 0.2294 seconds per sampledt  4E-08 cy 1dh260619El Arenosillo 37.1 6.73 3.78pr1000dark 5.4 
 780.04  2900  1280 91 
 780.09  2905  1350 95.5 
 780.15  2910  1420 97 
 780.2  2915  1490 97 
 780.25  2920  1561 98.25 
 780.3  2925  1631 105 
 780.35  2930  1702 118 
 780.4  2935  1773 128.5 
 780.45  2940  1843 144.25 
 780.5  2945  1914 173.25 
 780.55  2950  1985 211.5 
 780.6  2955  2056 299 
 780.65  2960  2127 430.25 
 780.7  2965  2198 455.25 
 780.75  2970  2269 538 
 780.8  2975  2340 985.75 
 780.85  2980  2411 1166.5 
 780.9  2985  2483 1103.5 
 780.95  2990  2554 1923 
 781  2995  2626 2449 
 781.05  3000  2697 2405 
 781.1  3005  2769 3075.75 
 781.16  3010  2841 4469.75 
 781.2  3015  2912 5760.5 
 781.25  3020  2984 4781.25 
 781.3  3025  3056 8137.5 
 781.35  3030  3128 12284.75 
 781.4  3035  3200 14337 
 781.45  3040  3273 13474.75 
 781.5  3045  3345 17020.25 
 781.55  3050  3417 21796.5 
 781.6  3055  3490 21745.75 
 781.65  3060  3562 20663 
 781.71  3065  3635 23748.25 
 781.74  3070  3707 30332.75 
 781.8  3075  3780 34305.75 
 781.84  3080  3853 35667.25 
 781.9  3085  3926 39238.5 
 781.95  3090  3998 33396.25 
 782  3095  4071 35491.5 
 782.05  3100  4145 33964.75 
 782.1  3105  4218 53082 
 782.15  3110  4291 62143.25 
 782.2  3115  4364 59014.25 
 782.25  3120  4438 53683.75 
 782.3  3125  4511 60692.75 
 782.35  3130  4585 62126.75 
 782.4  3135  4658 62158.5 
 782.45  3140  4732 70006.5 
 782.5  3145  4806 56384.5 
 782.55  3150  4880 70951.25 
 782.6  3155  4954 60810.5 
 782.65  3160  5028 49207.25 
 782.71  3165  5102 64490.25 
 782.75  3170  5176 76466.75 
 782.79  3175  5251 76863.25 
 782.85  3180  5325 55558.25 
 782.9  3185  5399 61948.75 
 782.95  3190  5474 66451.25 
 783  3195  5549 57477.75 
 783.05  3200  5623 65778.75 
 783.1  3205  5698 70868 
 783.15  3210  5773 54891.25 
 783.2  3215  5848 51065.25 
 783.25  3220  5923 54747.75 
 783.3  3225  5998 44165.25 
 783.35  3230  6073 39656 
 783.4  3235  6149 41382 
 783.46  3240  6224 44400.75 
 783.5  3245  6300 42310 
 783.55  3250  6375 36313.25 
end
uaIntegration time is 0.2294 seconds per sampledt  4E-08 cy 1dh260619El Arenosillo 37.1 6.73 3.76pr1000dark 6 
 810.04  2900  1280 84.25 
 810.09  2905  1350 91.5 
 810.15  2910  1420 87.75 
 810.2  2915  1490 92 
 810.24  2920  1561 102 
 810.3  2925  1631 101.5 
 810.35  2930  1702 108.75 
 810.4  2935  1773 123.5 
 810.44  2940  1843 134.75 
 810.5  2945  1914 165 
 810.55  2950  1985 200 
 810.59  2955  2056 274.5 
 810.65  2960  2127 395.25 
 810.7  2965  2198 417.25 
 810.75  2970  2269 510 
 810.8  2975  2340 906.75 
 810.85  2980  2411 1048.75 
 810.9  2985  2483 1032.75 
 810.94  2990  2554 1797.25 
 811  2995  2626 2303 
 811.05  3000  2697 2183.25 
 811.1  3005  2769 2898.5 
 811.14  3010  2841 4200.25 
 811.2  3015  2912 5353.75 
 811.24  3020  2984 4504.25 
 811.29  3025  3056 7609 
 811.35  3030  3128 11659 
 811.4  3035  3200 13503 
 811.45  3040  3273 12678.75 
 811.5  3045  3345 16114.5 
 811.55  3050  3417 20699.5 
 811.61  3055  3490 20468.75 
 811.64  3060  3562 19680 
 811.69  3065  3635 22660.75 
 811.74  3070  3707 29263 
 811.79  3075  3780 32830.25 
 811.84  3080  3853 34132 
 811.89  3085  3926 37630.5 
 811.94  3090  3998 31670.25 
 811.99  3095  4071 34050 
 812.05  3100  4145 32664.5 
 812.09  3105  4218 50986.25 
 812.15  3110  4291 59972.5 
 812.2  3115  4364 56735.25 
 812.25  3120  4438 51979 
 812.3  3125  4511 58684.25 
 812.35  3130  4585 59964.5 
 812.4  3135  4658 59981.75 
 812.45  3140  4732 67281.75 
 812.5  3145  4806 54653.25 
 812.55  3150  4880 68754.5 
 812.59  3155  4954 58113.25 
 812.65  3160  5028 47797.5 
 812.7  3165  5102 62311 
 812.75  3170  5176 73920.5 
 812.8  3175  5251 73941.75 
 812.85  3180  5325 53354.25 
 812.9  3185  5399 60628.75 
 812.95  3190  5474 63911.25 
 813  3195  5549 55468 
 813.06  3200  5623 63385.75 
 813.09  3205  5698 68049.25 
 813.14  3210  5773 53029.5 
 813.2  3215  5848 49238.75 
 813.25  3220  5923 52864.5 
 813.3  3225  5998 42090 
 813.35  3230  6073 38374.25 
 813.4  3235  6149 40076.25 
 813.45  3240  6224 42996.75 
 813.5  3245  6300 40889.5 
 813.55  3250  6375 35000.5 
end
uaIntegration time is 0.2294 seconds per sampledt  4E-08 cy 1dh260619El Arenosillo 37.1 6.73 3.76pr1000dark 4.7 
 840.03  2900  1280 80.25 
 840.09  2905  1350 81.5 
 840.14  2910  1420 83.25 
 840.19  2915  1490 92.75 
 840.24  2920  1561 87 
 840.29  2925  1631 90.25 
 840.35  2930  1702 100 
 840.39  2935  1773 112 
 840.44  2940  1843 123.25 
 840.49  2945  1914 132.5 
 840.54  2950  1985 171 
 840.59  2955  2056 232 
 840.64  2960  2127 316.75 
 840.69  2965  2198 346.5 
 840.74  2970  2269 419 
 840.8  2975  2340 764.25 
 840.84  2980  2411 892 
 840.89  2985  2483 857.25 
 840.94  2990  2554 1533.5 
 840.99  2995  2626 1969.25 
 841.04  3000  2697 1883.75 
 841.09  3005  2769 2479.5 
 841.14  3010  2841 3690.75 
 841.19  3015  2912 4675.25 
 841.25  3020  2984 3955 
 841.29  3025  3056 6644.25 
 841.34  3030  3128 10454 
 841.39  3035  3200 12114.25 
 841.44  3040  3273 11357.25 
 841.49  3045  3345 14527.5 
 841.54  3050  3417 18717.5 
 841.59  3055  3490 18479 
 841.64  3060  3562 17900.75 
 841.69  3065  3635 20541.5 
 841.74  3070  3707 26639 
 841.79  3075  3780 30079.5 
 841.84  3080  3853 31287 
 841.89  3085  3926 34530.25 
 841.94  3090  3998 29129 
 842  3095  4071 31479 
 842.04  3100  4145 30317.75 
 842.09  3105  4218 46868.5 
 842.15  3110  4291 55469.25 
 842.19  3115  4364 52596.75 
 842.24  3120  4438 48218.25 
 842.29  3125  4511 54646.5 
 842.34  3130  4585 55942.75 
 842.39  3135  4658 56078.25 
 842.44  3140  4732 62973.5 
 842.49  3145  4806 51176.75 
 842.55  3150  4880 64484.25 
 842.59  3155  4954 54114.75 
 842.64  3160  5028 44645.25 
 842.69  3165  5102 58687.75 
 842.74  3170  5176 69525.75 
 842.79  3175  5251 69388.75 
 842.84  3180  5325 50412.5 
 842.89  3185  5399 57081.5 
 842.94  3190  5474 60149.5 
 842.99  3195  5549 52354.75 
 843.04  3200  5623 59861.25 
 843.09  3205  5698 64663.75 
 843.14  3210  5773 50174.5 
 843.19  3215  5848 46660 
 843.24  3220  5923 50208.5 
 843.29  3225  5998 40002.75 
 843.35  3230  6073 36401.5 
 843.39  3235  6149 37901.75 
 843.44  3240  6224 40689.5 
 843.49  3245  6300 38772.25 
 843.54  3250  6375 33257.5 
end
uaIntegration time is 0.2294 seconds per sampledt  4E-08 cy 1dh260619El Arenosillo 37.1 6.73 3.78pr1000dark 5.1 
 870.04  2900  1280 72.5 
 870.09  2905  1350 72.25 
 870.14  2910  1420 77.25 
 870.2  2915  1490 75 
 870.25  2920  1561 80 
 870.3  2925  1631 80 
 870.35  2930  1702 86.5 
 870.4  2935  1773 99 
 870.45  2940  1843 102.5 
 870.49  2945  1914 112.25 
 870.55  2950  1985 141.75 
 870.59  2955  2056 186 
 870.64  2960  2127 244 
 870.7  2965  2198 271.25 
 870.75  2970  2269 326 
 870.8  2975  2340 590.5 
 870.85  2980  2411 685.75 
 870.9  2985  2483 677.25 
 870.95  2990  2554 1199.25 
 871  2995  2626 1593 
 871.05  3000  2697 1506.25 
 871.09  3005  2769 2012.75 
 871.14  3010  2841 2971.75 
 871.19  3015  2912 3847 
 871.25  3020  2984 3190.25 
 871.3  3025  3056 5611.5 
 871.35  3030  3128 8714.75 
 871.4  3035  3200 10195.75 
 871.45  3040  3273 9596.5 
 871.49  3045  3345 12389 
 871.55  3050  3417 15961.25 
 871.6  3055  3490 16096.25 
 871.64  3060  3562 15572.25 
 871.69  3065  3635 17863.5 
 871.74  3070  3707 23477.25 
 871.8  3075  3780 26662.75 
 871.85  3080  3853 27640.25 
 871.9  3085  3926 30616.75 
 871.95  3090  3998 25993.25 
 872  3095  4071 28139 
 872.06  3100  4145 27085 
 872.11  3105  4218 42604.25 
 872.15  3110  4291 50130.75 
 872.2  3115  4364 47644.5 
 872.25  3120  4438 43818.25 
 872.3  3125  4511 49909 
 872.35  3130  4585 51234 
 872.4  3135  4658 51259.75 
 872.44  3140  4732 57931.5 
 872.49  3145  4806 47183.25 
 872.55  3150  4880 59293 
 872.6  3155  4954 49695.75 
 872.65  3160  5028 41238.5 
 872.7  3165  5102 54451.25 
 872.75  3170  5176 64302.75 
 872.8  3175  5251 64108.75 
 872.85  3180  5325 46535.75 
 872.9  3185  5399 53051.75 
 872.95  3190  5474 55713.75 
 872.99  3195  5549 48744.5 
 873.04  3200  5623 55595.75 
 873.09  3205  5698 60294.5 
 873.15  3210  5773 47499 
 873.2  3215  5848 43545 
 873.25  3220  5923 46591 
 873.3  3225  5998 37312.5 
 873.35  3230  6073 33945 
 873.4  3235  6149 35406 
 873.45  3240  6224 38041.5 
 873.5  3245  6300 36200.75 
 873.55  3250  6375 31063.75 
end
uaIntegration time is 0.2294 seconds per sampledt  4E-08 cy 1dh260619El Arenosillo 37.1 6.73 3.8pr1000dark 5.35 
 900.04  2900  1280 66 
 900.09  2905  1350 66.5 
 900.15  2910  1420 65.75 
 900.19  2915  1490 70 
 900.24  2920  1561 68 
 900.3  2925  1631 71.25 
 900.34  2930  1702 72.25 
 900.4  2935  1773 78.5 
 900.45  2940  1843 83.75 
 900.49  2945  1914 98.5 
 900.55  2950  1985 108.25 
 900.59  2955  2056 140.5 
 900.64  2960  2127 180.25 
 900.7  2965  2198 191.25 
 900.74  2970  2269 226.25 
 900.8  2975  2340 418.25 
 900.85  2980  2411 471.75 
 900.9  2985  2483 480 
 900.95  2990  2554 833.5 
 900.99  2995  2626 1110.5 
 901.04  3000  2697 1093.25 
 901.09  3005  2769 1456.75 
 901.14  3010  2841 2179.25 
 901.2  3015  2912 2890 
 901.24  3020  2984 2534.75 
 901.29  3025  3056 4500.75 
 901.35  3030  3128 6794 
 901.4  3035  3200 7956.25 
 901.45  3040  3273 7603.75 
 901.49  3045  3345 9852.25 
 901.55  3050  3417 12937.25 
 901.6  3055  3490 12983.25 
 901.64  3060  3562 12759.5 
 901.7  3065  3635 14694.5 
 901.74  3070  3707 19623.5 
 901.79  3075  3780 22251.25 
 901.85  3080  3853 23220.5 
 901.9  3085  3926 25753.25 
 901.95  3090  3998 22012.25 
 902  3095  4071 23953.25 
 902.05  3100  4145 23424.25 
 902.1  3105  4218 37556 
 902.14  3110  4291 43354.25 
 902.19  3115  4364 41005 
 902.24  3120  4438 38090.5 
 902.29  3125  4511 43541.75 
 902.34  3130  4585 44730 
 902.4  3135  4658 44779 
 902.45  3140  4732 50585 
 902.5  3145  4806 41866 
 902.55  3150  4880 52595.5 
 902.6  3155  4954 43868.75 
 902.65  3160  5028 36773.25 
 902.69  3165  5102 48335.5 
 902.75  3170  5176 57268.5 
 902.79  3175  5251 57198 
 902.84  3180  5325 41183.25 
 902.9  3185  5399 47600.25 
 902.95  3190  5474 49994 
 902.99  3195  5549 43427 
 903.05  3200  5623 49908.75 
 903.1  3205  5698 54132.5 
 903.15  3210  5773 42678 
 903.19  3215  5848 39271.5 
 903.25  3220  5923 41781.5 
 903.29  3225  5998 32990.5 
 903.34  3230  6073 30701.75 
 903.39  3235  6149 32083.25 
 903.45  3240  6224 34455.75 
 903.5  3245  6300 32704 
 903.55  3250  6375 27971.25 
end
uaIntegration time is 0.2294 seconds per sampledt  4E-08 cy 1dh260619El Arenosillo 37.1 6.73 3.8pr1000dark 5.75 
 930.04  2900  1280 56.75 
 930.1  2905  1350 65.25 
 930.15  2910  1420 56 
 930.2  2915  1490 65.75 
 930.25  2920  1561 61.75 
 930.29  2925  1631 59 
 930.35  2930  1702 67 
 930.41  2935  1773 61.75 
 930.44  2940  1843 68.25 
 930.5  2945  1914 70.25 
 930.55  2950  1985 79.5 
 930.59  2955  2056 90.75 
 930.65  2960  2127 114.5 
 930.7  2965  2198 130.5 
 930.75  2970  2269 157.25 
 930.8  2975  2340 247.25 
 930.85  2980  2411 295.5 
 930.9  2985  2483 321.25 
 930.96  2990  2554 531 
 930.99  2995  2626 719.5 
 931.05  3000  2697 711.5 
 931.09  3005  2769 959.75 
 931.15  3010  2841 1472.75 
 931.2  3015  2912 1959.5 
 931.25  3020  2984 1760.5 
 931.3  3025  3056 3198 
 931.35  3030  3128 4883.25 
 931.4  3035  3200 5678.5 
 931.46  3040  3273 5542.5 
 931.49  3045  3345 7265.75 
 931.55  3050  3417 9860 
 931.6  3055  3490 9705.5 
 931.65  3060  3562 9776 
 931.7  3065  3635 11208.75 
 931.75  3070  3707 15356 
 931.8  3075  3780 17461.5 
 931.85  3080  3853 18290 
 931.9  3085  3926 20376.75 
 931.95  3090  3998 17368.5 
 932.01  3095  4071 19328.25 
 932.05  3100  4145 19133.25 
 932.1  3105  4218 31230.75 
 932.14  3110  4291 35506 
 932.2  3115  4364 33389.25 
 932.25  3120  4438 31336 
 932.3  3125  4511 36011.25 
 932.35  3130  4585 37164 
 932.4  3135  4658 37724.5 
 932.45  3140  4732 42127 
 932.5  3145  4806 35584 
 932.55  3150  4880 44663.5 
 932.6  3155  4954 36919.5 
 932.65  3160  5028 31334 
 932.69  3165  5102 41325 
 932.75  3170  5176 48930.25 
 932.8  3175  5251 48350 
 932.85  3180  5325 35077.25 
 932.9  3185  5399 41618.25 
 932.95  3190  5474 42886 
 933  3195  5549 37799.75 
 933.05  3200  5623 43089.25 
 933.1  3205  5698 46945.25 
 933.15  3210  5773 36498.25 
 933.19  3215  5848 34630.75 
 933.25  3220  5923 35889.25 
 933.3  3225  5998 28386.75 
 933.35  3230  6073 26987 
 933.4  3235  6149 28096.25 
 933.45  3240  6224 30234.5 
 933.5  3245  6300 28560 
 933.55  3250  6375 24492.25 
end
uvIntegration time is 0.2294 seconds per sampledt  4E-08 cy 4dh260619El Arenosillo 37.1 6.73 3.76pr1000dark 21 
 959.79  2900  1280 175 
 959.83  2905  1350 187 
 959.87  2910  1420 183 
 959.91  2915  1490 184 
 959.95  2920  1561 188 
 960  2925  1631 183 
 960.03  2930  1702 201 
 960.07  2935  1773 199 
 960.11  2940  1843 206 
 960.15  2945  1914 216 
 960.19  2950  1985 259 
 960.23  2955  2056 264 
 960.27  2960  2127 311 
 960.31  2965  2198 331 
 960.36  2970  2269 366 
 960.39  2975  2340 583 
 960.43  2980  2411 693 
 960.47  2985  2483 739 
 960.51  2990  2554 1235 
 960.55  2995  2626 1693 
 960.59  3000  2697 1666 
 960.63  3005  2769 2338 
 960.67  3010  2841 3531 
 960.72  3015  2912 4800 
 960.75  3020  2984 4477 
 960.79  3025  3056 8261 
 960.83  3030  3128 12839 
 960.87  3035  3200 14960 
 960.91  3040  3273 14690 
 960.95  3045  3345 19617 
 960.99  3050  3417 27058 
 961.03  3055  3490 27423 
 961.08  3060  3562 27774 
 961.12  3065  3635 32198 
 961.15  3070  3707 44895 
 961.19  3075  3780 52137 
 961.23  3080  3853 54209 
 961.27  3085  3926 61179 
 961.31  3090  3998 53071 
 961.35  3095  4071 59641 
 961.39  3100  4145 59276 
 961.44  3105  4218 96260 
 961.48  3110  4291 110635 
 961.51  3115  4364 105422 
 961.55  3120  4438 100920 
 961.59  3125  4511 116608 
 961.63  3130  4585 120182 
 961.67  3135  4658 120531 
 961.71  3140  4732 135959 
 961.75  3145  4806 115822 
 961.79  3150  4880 145776 
 961.84  3155  4954 120254 
 961.87  3160  5028 102715 
 961.91  3165  5102 137335 
 961.95  3170  5176 162001 
 961.99  3175  5251 160113 
 962.03  3180  5325 116667 
 962.07  3185  5399 140994 
 962.11  3190  5474 144736 
 962.16  3195  5549 125791 
 962.2  3200  5623 143554 
 962.23  3205  5698 158165 
 962.27  3210  5773 123647 
 962.31  3215  5848 117156 
 962.35  3220  5923 121146 
 962.39  3225  5998 96442 
 962.43  3230  6073 91009 
 962.47  3235  6149 95993 
 962.52  3240  6224 103079 
 962.56  3245  6300 97400 
 962.59  3250  6375 83071 
dark 22.2 
 962.73  3250  6375 82713 
 962.76  3245  6300 96680 
 962.8  3240  6224 102617 
 962.84  3235  6149 95369 
 962.88  3230  6073 90736 
 962.93  3225  5998 95627 
 962.97  3220  5923 120296 
 963.01  3215  5848 116942 
 963.05  3210  5773 122237 
 963.09  3205  5698 157477 
 963.13  3200  5623 142796 
 963.16  3195  5549 125490 
 963.2  3190  5474 143585 
 963.24  3185  5399 139173 
 963.29  3180  5325 115939 
 963.33  3175  5251 159467 
 963.37  3170  5176 161480 
 963.41  3165  5102 136706 
 963.45  3160  5028 102024 
 963.49  3155  4954 117957 
 963.52  3150  4880 144028 
 963.56  3145  4806 114494 
 963.6  3140  4732 134327 
 963.64  3135  4658 118863 
 963.69  3130  4585 117905 
 963.73  3125  4511 114512 
 963.77  3120  4438 99070 
 963.81  3115  4364 103650 
 963.85  3110  4291 108598 
 963.88  3105  4218 94612 
 963.92  3100  4145 58042 
 963.96  3095  4071 57924 
 964.01  3090  3998 51165 
 964.05  3085  3926 59389 
 964.09  3080  3853 52898 
 964.13  3075  3780 50092 
 964.17  3070  3707 43346 
 964.21  3065  3635 31114 
 964.25  3060  3562 26845 
 964.28  3055  3490 26182 
 964.32  3050  3417 26014 
 964.36  3045  3345 18692 
 964.41  3040  3273 13991 
 964.45  3035  3200 14379 
 964.49  3030  3128 12036 
 964.53  3025  3056 7763 
 964.57  3020  2984 4178 
 964.6  3015  2912 4545 
 964.64  3010  2841 3276 
 964.68  3005  2769 2117 
 964.73  3000  2697 1563 
 964.77  2995  2626 1548 
 964.81  2990  2554 1104 
 964.85  2985  2483 656 
 964.89  2980  2411 612 
 964.93  2975  2340 554 
 964.97  2970  2269 338 
 965  2965  2198 297 
 965.04  2960  2127 287 
 965.08  2955  2056 245 
 965.13  2950  1985 238 
 965.17  2945  1914 221 
 965.21  2940  1843 200 
 965.25  2935  1773 182 
 965.29  2930  1702 187 
 965.33  2925  1631 189 
 965.36  2920  1561 181 
 965.4  2915  1490 181 
 965.44  2910  1420 176 
 965.49  2905  1350 179 
 965.53  2900  1280 176 
end
uaIntegration time is 0.2294 seconds per sampledt  4E-08 cy 1dh260619El Arenosillo 37.1 6.73 3.72pr1000dark 4.9 
 990.04  2900  1280 41 
 990.1  2905  1350 36.25 
 990.15  2910  1420 36.5 
 990.19  2915  1490 39.5 
 990.24  2920  1561 36.75 
 990.29  2925  1631 36 
 990.34  2930  1702 38.5 
 990.39  2935  1773 41.25 
 990.45  2940  1843 40 
 990.49  2945  1914 39.75 
 990.55  2950  1985 42.25 
 990.6  2955  2056 44.25 
 990.64  2960  2127 45.5 
 990.69  2965  2198 51.25 
 990.75  2970  2269 57.25 
 990.79  2975  2340 81.75 
 990.84  2980  2411 89.25 
 990.89  2985  2483 101.5 
 990.94  2990  2554 150 
 991  2995  2626 211.5 
 991.04  3000  2697 221 
 991.1  3005  2769 309.25 
 991.15  3010  2841 480 
 991.2  3015  2912 646.75 
 991.25  3020  2984 609.25 
 991.29  3025  3056 1142.75 
 991.34  3030  3128 1822.5 
 991.39  3035  3200 2175.5 
 991.44  3040  3273 2168.5 
 991.49  3045  3345 2971.5 
 991.55  3050  3417 4242.25 
 991.6  3055  3490 4323.5 
 991.65  3060  3562 4386 
 991.7  3065  3635 5196.25 
 991.74  3070  3707 7468.25 
 991.8  3075  3780 8757 
 991.84  3080  3853 9255.5 
 991.89  3085  3926 10437 
 991.94  3090  3998 9082.5 
 991.99  3095  4071 10564.5 
 992.05  3100  4145 10654 
 992.09  3105  4218 17600.5 
 992.15  3110  4291 20127.25 
 992.2  3115  4364 19179 
 992.25  3120  4438 18679.25 
 992.3  3125  4511 21755.5 
 992.35  3130  4585 22570.5 
 992.4  3135  4658 22801.75 
 992.44  3140  4732 25791.25 
 992.49  3145  4806 22287.75 
 992.55  3150  4880 28114.25 
 992.59  3155  4954 23081 
 992.65  3160  5028 20103.25 
 992.7  3165  5102 26982.5 
 992.75  3170  5176 31774.75 
 992.8  3175  5251 31228.25 
 992.85  3180  5325 23005.75 
 992.9  3185  5399 27802.75 
 992.94  3190  5474 28773.75 
 992.99  3195  5549 24993.25 
 993.04  3200  5623 28578 
 993.1  3205  5698 31657 
 993.14  3210  5773 24895.25 
 993.2  3215  5848 23619.25 
 993.25  3220  5923 24227.5 
 993.3  3225  5998 19210 
 993.35  3230  6073 18423.5 
 993.4  3235  6149 19493.75 
 993.45  3240  6224 20981 
 993.49  3245  6300 19637 
 993.54  3250  6375 16734.5 
end
uaIntegration time is 0.2294 seconds per sampledt  4E-08 cy 1dh260619El Arenosillo 37.1 6.73 3.68pr1000dark 4.3 
 1020.04  2900  1280 25.5 
 1020.1  2905  1350 36.25 
 1020.15  2910  1420 25.25 
 1020.19  2915  1490 30.25 
 1020.25  2920  1561 29.5 
 1020.3  2925  1631 32.5 
 1020.34  2930  1702 33 
 1020.4  2935  1773 32 
 1020.45  2940  1843 32 
 1020.49  2945  1914 29.75 
 1020.54  2950  1985 28 
 1020.59  2955  2056 35.25 
 1020.65  2960  2127 43.25 
 1020.69  2965  2198 37 
 1020.75  2970  2269 35.75 
 1020.8  2975  2340 40.5 
 1020.85  2980  2411 46 
 1020.9  2985  2483 55.25 
 1020.95  2990  2554 70.5 
 1020.99  2995  2626 97.25 
 1021.04  3000  2697 104.75 
 1021.09  3005  2769 133.5 
 1021.15  3010  2841 208 
 1021.19  3015  2912 294.75 
 1021.24  3020  2984 279.5 
 1021.3  3025  3056 532.25 
 1021.35  3030  3128 881.25 
 1021.39  3035  3200 1066.25 
 1021.45  3040  3273 1094.5 
 1021.49  3045  3345 1518 
 1021.54  3050  3417 2249 
 1021.6  3055  3490 2379.5 
 1021.64  3060  3562 2460.75 
 1021.7  3065  3635 2945 
 1021.74  3070  3707 4356.25 
 1021.8  3075  3780 5243.25 
 1021.85  3080  3853 5556.25 
 1021.9  3085  3926 6375 
 1021.95  3090  3998 5679 
 1022  3095  4071 6734.75 
 1022.05  3100  4145 6833.5 
 1022.1  3105  4218 11386 
 1022.14  3110  4291 13257 
 1022.2  3115  4364 12786.25 
 1022.24  3120  4438 12583.5 
 1022.29  3125  4511 14917.5 
 1022.35  3130  4585 15654.75 
 1022.4  3135  4658 15642.25 
 1022.45  3140  4732 18051.5 
 1022.5  3145  4806 15840.75 
 1022.55  3150  4880 20150.5 
 1022.6  3155  4954 16454 
 1022.65  3160  5028 14515.25 
 1022.69  3165  5102 19747 
 1022.77  3170  5176 23370.5 
 1022.81  3175  5251 22912.5 
 1022.85  3180  5325 16913 
 1022.9  3185  5399 21028.25 
 1022.95  3190  5474 21692.5 
 1023  3195  5549 18733.5 
 1023.04  3200  5623 21231.25 
 1023.09  3205  5698 23970.25 
 1023.15  3210  5773 19131 
 1023.2  3215  5848 18103.5 
 1023.25  3220  5923 18336.5 
 1023.3  3225  5998 14592.75 
 1023.35  3230  6073 14048.75 
 1023.4  3235  6149 15075.5 
 1023.45  3240  6224 16235 
 1023.5  3245  6300 15242.75 
 1023.54  3250  6375 12827.25 
end
uaIntegration time is 0.2294 seconds per sampledt  4E-08 cy 1dh260619El Arenosillo 37.1 6.73 3.64pr1000dark 3.8 
 1050.04  2900  1280 17.75 
 1050.1  2905  1350 17.5 
 1050.15  2910  1420 18.5 
 1050.2  2915  1490 18.5 
 1050.25  2920  1561 20.25 
 1050.29  2925  1631 18.75 
 1050.35  2930  1702 19.75 
 1050.4  2935  1773 19 
 1050.45  2940  1843 17.25 
 1050.5  2945  1914 20.25 
 1050.55  2950  1985 21 
 1050.6  2955  2056 21 
 1050.66  2960  2127 20.75 
 1050.69  2965  2198 19.5 
 1050.75  2970  2269 24 
 1050.8  2975  2340 23.5 
 1050.85  2980  2411 25 
 1050.9  2985  2483 33.75 
 1050.95  2990  2554 33.75 
 1051  2995  2626 42.5 
 1051.05  3000  2697 44.75 
 1051.1  3005  2769 49 
 1051.15  3010  2841 78.75 
 1051.2  3015  2912 116 
 1051.25  3020  2984 102.75 
 1051.3  3025  3056 201.5 
 1051.35  3030  3128 336.25 
 1051.4  3035  3200 422.5 
 1051.45  3040  3273 441.5 
 1051.5  3045  3345 642.75 
 1051.55  3050  3417 984 
 1051.6  3055  3490 1095.25 
 1051.66  3060  3562 1140 
 1051.7  3065  3635 1393.5 
 1051.75  3070  3707 2141.5 
 1051.8  3075  3780 2659.75 
 1051.85  3080  3853 2854.5 
 1051.9  3085  3926 3344.5 
 1051.96  3090  3998 3010.5 
 1052  3095  4071 3772.25 
 1052.05  3100  4145 3880.25 
 1052.1  3105  4218 6497 
 1052.15  3110  4291 7674 
 1052.21  3115  4364 7549 
 1052.25  3120  4438 7590.75 
 1052.3  3125  4511 9177.5 
 1052.35  3130  4585 9648 
 1052.4  3135  4658 9631.75 
 1052.46  3140  4732 11460.25 
 1052.5  3145  4806 10330 
 1052.55  3150  4880 13165.25 
 1052.6  3155  4954 10649.75 
 1052.65  3160  5028 9571.25 
 1052.7  3165  5102 13160.75 
 1052.75  3170  5176 15739.25 
 1052.81  3175  5251 15307.5 
 1052.85  3180  5325 11495.75 
 1052.9  3185  5399 14478.25 
 1052.95  3190  5474 15189 
 1053  3195  5549 12881.5 
 1053.05  3200  5623 14659.75 
 1053.1  3205  5698 16842 
 1053.15  3210  5773 13601.25 
 1053.21  3215  5848 12940.75 
 1053.25  3220  5923 12879.25 
 1053.3  3225  5998 10204.5 
 1053.35  3230  6073 9999 
 1053.4  3235  6149 10944.25 
 1053.45  3240  6224 11848 
 1053.5  3245  6300 10884 
 1053.55  3250  6375 9167.25 
end
uvIntegration time is 0.2294 seconds per sampledt  4E-08 cy 4dh260619El Arenosillo 37.1 6.73 3.62pr1000dark 13.8 
 1079.94  2900  1280 49 
 1079.98  2905  1350 42 
 1080.02  2910  1420 42 
 1080.06  2915  1490 48 
 1080.1  2920  1561 45 
 1080.14  2925  1631 47 
 1080.18  2930  1702 53 
 1080.22  2935  1773 57 
 1080.26  2940  1843 50 
 1080.3  2945  1914 54 
 1080.34  2950  1985 48 
 1080.38  2955  2056 61 
 1080.42  2960  2127 51 
 1080.46  2965  2198 58 
 1080.5  2970  2269 56 
 1080.54  2975  2340 55 
 1080.58  2980  2411 62 
 1080.62  2985  2483 65 
 1080.66  2990  2554 66 
 1080.7  2995  2626 71 
 1080.74  3000  2697 73 
 1080.78  3005  2769 92 
 1080.82  3010  2841 133 
 1080.86  3015  2912 162 
 1080.9  3020  2984 171 
 1080.94  3025  3056 265 
 1080.98  3030  3128 425 
 1081.02  3035  3200 559 
 1081.06  3040  3273 590 
 1081.1  3045  3345 891 
 1081.14  3050  3417 1411 
 1081.18  3055  3490 1528 
 1081.23  3060  3562 1701 
 1081.26  3065  3635 2160 
 1081.3  3070  3707 3441 
 1081.34  3075  3780 4415 
 1081.38  3080  3853 4715 
 1081.42  3085  3926 5699 
 1081.46  3090  3998 5147 
 1081.5  3095  4071 6948 
 1081.54  3100  4145 7365 
 1081.59  3105  4218 12347 
 1081.63  3110  4291 14949 
 1081.66  3115  4364 14805 
 1081.7  3120  4438 15548 
 1081.74  3125  4511 19292 
 1081.78  3130  4585 20221 
 1081.82  3135  4658 20425 
 1081.86  3140  4732 24985 
 1081.9  3145  4806 23369 
 1081.95  3150  4880 29813 
 1081.99  3155  4954 24548 
 1082.02  3160  5028 21943 
 1082.06  3165  5102 31454 
 1082.1  3170  5176 37576 
 1082.14  3175  5251 36057 
 1082.18  3180  5325 28023 
 1082.22  3185  5399 36143 
 1082.26  3190  5474 38450 
 1082.31  3195  5549 31908 
 1082.34  3200  5623 36162 
 1082.38  3205  5698 42536 
 1082.42  3210  5773 35568 
 1082.46  3215  5848 33622 
 1082.5  3220  5923 33049 
 1082.54  3225  5998 26394 
 1082.58  3230  6073 25682 
 1082.62  3235  6149 29181 
 1082.67  3240  6224 31421 
 1082.71  3245  6300 28826 
 1082.74  3250  6375 23927 
dark 14.2 
 1082.88  3250  6375 23811 
 1082.92  3245  6300 28883 
 1082.96  3240  6224 31388 
 1083  3235  6149 28930 
 1083.04  3230  6073 25691 
 1083.07  3225  5998 26044 
 1083.12  3220  5923 32373 
 1083.16  3215  5848 32889 
 1083.2  3210  5773 34898 
 1083.24  3205  5698 41975 
 1083.28  3200  5623 35657 
 1083.32  3195  5549 31167 
 1083.36  3190  5474 37451 
 1083.39  3185  5399 35289 
 1083.44  3180  5325 27257 
 1083.48  3175  5251 35044 
 1083.52  3170  5176 36368 
 1083.56  3165  5102 30650 
 1083.6  3160  5028 21299 
 1083.64  3155  4954 23286 
 1083.68  3150  4880 29007 
 1083.72  3145  4806 22846 
 1083.76  3140  4732 24116 
 1083.79  3135  4658 19795 
 1083.84  3130  4585 19834 
 1083.88  3125  4511 18551 
 1083.92  3120  4438 14838 
 1083.96  3115  4364 13989 
 1084  3110  4291 13823 
 1084.04  3105  4218 11428 
 1084.08  3100  4145 6747 
 1084.12  3095  4071 6493 
 1084.16  3090  3998 4804 
 1084.2  3085  3926 5277 
 1084.24  3080  3853 4321 
 1084.28  3075  3780 4109 
 1084.32  3070  3707 3067 
 1084.36  3065  3635 1846 
 1084.4  3060  3562 1529 
 1084.44  3055  3490 1360 
 1084.48  3050  3417 1252 
 1084.52  3045  3345 778 
 1084.56  3040  3273 498 
 1084.6  3035  3200 485 
 1084.64  3030  3128 397 
 1084.68  3025  3056 239 
 1084.72  3020  2984 153 
 1084.76  3015  2912 156 
 1084.8  3010  2841 134 
 1084.84  3005  2769 85 
 1084.88  3000  2697 73 
 1084.92  2995  2626 79 
 1084.96  2990  2554 70 
 1085  2985  2483 55 
 1085.04  2980  2411 60 
 1085.08  2975  2340 51 
 1085.12  2970  2269 54 
 1085.16  2965  2198 53 
 1085.2  2960  2127 50 
 1085.24  2955  2056 54 
 1085.28  2950  1985 51 
 1085.32  2945  1914 51 
 1085.36  2940  1843 50 
 1085.4  2935  1773 36 
 1085.44  2930  1702 49 
 1085.48  2925  1631 46 
 1085.52  2920  1561 44 
 1085.56  2915  1490 46 
 1085.6  2910  1420 51 
 1085.64  2905  1350 45 
 1085.68  2900  1280 46 
end
uvIntegration time is 0.2294 seconds per sampledt  4E-08 cy 4dh260619El Arenosillo 37.1 6.73 3.52pr1000dark 10.4 
 1112.18  2900  1280 23 
 1112.22  2905  1350 26 
 1112.26  2910  1420 26 
 1112.31  2915  1490 26 
 1112.35  2920  1561 29 
 1112.39  2925  1631 25 
 1112.43  2930  1702 19 
 1112.47  2935  1773 25 
 1112.51  2940  1843 28 
 1112.55  2945  1914 35 
 1112.59  2950  1985 27 
 1112.63  2955  2056 29 
 1112.67  2960  2127 32 
 1112.71  2965  2198 27 
 1112.76  2970  2269 31 
 1112.8  2975  2340 27 
 1112.83  2980  2411 35 
 1112.87  2985  2483 26 
 1112.91  2990  2554 35 
 1112.95  2995  2626 38 
 1113  3000  2697 39 
 1113.04  3005  2769 41 
 1113.08  3010  2841 48 
 1113.12  3015  2912 61 
 1113.16  3020  2984 55 
 1113.2  3025  3056 79 
 1113.25  3030  3128 124 
 1113.28  3035  3200 151 
 1113.32  3040  3273 148 
 1113.36  3045  3345 196 
 1113.4  3050  3417 299 
 1113.45  3055  3490 329 
 1113.49  3060  3562 371 
 1113.53  3065  3635 454 
 1113.57  3070  3707 775 
 1113.61  3075  3780 1015 
 1113.65  3080  3853 1163 
 1113.69  3085  3926 1376 
 1113.73  3090  3998 1320 
 1113.77  3095  4071 1889 
 1113.81  3100  4145 2080 
 1113.85  3105  4218 3558 
 1113.89  3110  4291 4313 
 1113.94  3115  4364 4497 
 1113.98  3120  4438 5018 
 1114.02  3125  4511 6433 
 1114.06  3130  4585 7054 
 1114.1  3135  4658 6942 
 1114.14  3140  4732 8827 
 1114.18  3145  4806 8818 
 1114.22  3150  4880 11459 
 1114.26  3155  4954 9244 
 1114.3  3160  5028 8649 
 1114.34  3165  5102 12745 
 1114.39  3170  5176 15261 
 1114.43  3175  5251 14679 
 1114.47  3180  5325 11697 
 1114.51  3185  5399 15396 
 1114.55  3190  5474 17410 
 1114.59  3195  5549 13631 
 1114.63  3200  5623 15617 
 1114.67  3205  5698 19122 
 1114.71  3210  5773 16672 
 1114.75  3215  5848 15717 
 1114.79  3220  5923 14998 
 1114.84  3225  5998 11926 
 1114.88  3230  6073 12175 
 1114.92  3235  6149 14150 
 1114.96  3240  6224 15449 
 1115  3245  6300 13891 
 1115.04  3250  6375 11307 
dark 11.2 
 1115.18  3250  6375 11247 
 1115.22  3245  6300 13908 
 1115.26  3240  6224 15333 
 1115.3  3235  6149 14165 
 1115.34  3230  6073 11983 
 1115.38  3225  5998 11920 
 1115.42  3220  5923 14734 
 1115.46  3215  5848 15457 
 1115.5  3210  5773 16650 
 1115.55  3205  5698 18900 
 1115.59  3200  5623 15414 
 1115.63  3195  5549 13616 
 1115.67  3190  5474 16975 
 1115.71  3185  5399 15187 
 1115.75  3180  5325 11374 
 1115.79  3175  5251 14281 
 1115.83  3170  5176 14850 
 1115.87  3165  5102 12541 
 1115.91  3160  5028 8394 
 1115.96  3155  4954 8709 
 1116  3150  4880 10944 
 1116.04  3145  4806 8329 
 1116.08  3140  4732 8518 
 1116.12  3135  4658 6548 
 1116.16  3130  4585 6708 
 1116.2  3125  4511 6097 
 1116.24  3120  4438 4722 
 1116.28  3115  4364 4221 
 1116.32  3110  4291 4109 
 1116.36  3105  4218 3308 
 1116.41  3100  4145 1951 
 1116.45  3095  4071 1783 
 1116.49  3090  3998 1255 
 1116.53  3085  3926 1296 
 1116.57  3080  3853 1069 
 1116.6  3075  3780 980 
 1116.64  3070  3707 726 
 1116.69  3065  3635 419 
 1116.73  3060  3562 361 
 1116.77  3055  3490 329 
 1116.81  3050  3417 290 
 1116.85  3045  3345 207 
 1116.9  3040  3273 148 
 1116.93  3035  3200 143 
 1116.97  3030  3128 107 
 1117.01  3025  3056 76 
 1117.05  3020  2984 51 
 1117.09  3015  2912 59 
 1117.14  3010  2841 55 
 1117.18  3005  2769 40 
 1117.22  3000  2697 38 
 1117.26  2995  2626 36 
 1117.3  2990  2554 36 
 1117.34  2985  2483 29 
 1117.38  2980  2411 24 
 1117.42  2975  2340 37 
 1117.46  2970  2269 27 
 1117.5  2965  2198 26 
 1117.54  2960  2127 25 
 1117.59  2955  2056 31 
 1117.63  2950  1985 27 
 1117.67  2945  1914 30 
 1117.71  2940  1843 26 
 1117.75  2935  1773 27 
 1117.79  2930  1702 28 
 1117.83  2925  1631 26 
 1117.87  2920  1561 26 
 1117.91  2915  1490 28 
 1117.95  2910  1420 20 
 1117.99  2905  1350 26 
 1118.04  2900  1280 19 
end
uvIntegration time is 0.2294 seconds per sampledt  4E-08 cy 4dh260619El Arenosillo 37.1 6.73 3.45pr1000dark 8.2 
 1140.93  2900  1280 15 
 1140.97  2905  1350 14 
 1141.02  2910  1420 18 
 1141.05  2915  1490 14 
 1141.09  2920  1561 19 
 1141.13  2925  1631 13 
 1141.17  2930  1702 19 
 1141.21  2935  1773 21 
 1141.26  2940  1843 13 
 1141.3  2945  1914 16 
 1141.34  2950  1985 17 
 1141.38  2955  2056 20 
 1141.42  2960  2127 12 
 1141.46  2965  2198 17 
 1141.5  2970  2269 20 
 1141.54  2975  2340 19 
 1141.58  2980  2411 21 
 1141.62  2985  2483 21 
 1141.66  2990  2554 18 
 1141.7  2995  2626 24 
 1141.74  3000  2697 26 
 1141.78  3005  2769 23 
 1141.82  3010  2841 25 
 1141.86  3015  2912 31 
 1141.9  3020  2984 29 
 1141.95  3025  3056 46 
 1141.99  3030  3128 59 
 1142.03  3035  3200 62 
 1142.07  3040  3273 65 
 1142.11  3045  3345 79 
 1142.15  3050  3417 146 
 1142.19  3055  3490 149 
 1142.23  3060  3562 162 
 1142.27  3065  3635 162 
 1142.31  3070  3707 296 
 1142.35  3075  3780 312 
 1142.39  3080  3853 334 
 1142.44  3085  3926 406 
 1142.48  3090  3998 417 
 1142.52  3095  4071 543 
 1142.55  3100  4145 599 
 1142.59  3105  4218 983 
 1142.64  3110  4291 1217 
 1142.68  3115  4364 1299 
 1142.72  3120  4438 1471 
 1142.76  3125  4511 2014 
 1142.8  3130  4585 2196 
 1142.84  3135  4658 2161 
 1142.89  3140  4732 2896 
 1142.93  3145  4806 3110 
 1142.97  3150  4880 3927 
 1143  3155  4954 3182 
 1143.04  3160  5028 3182 
 1143.08  3165  5102 4931 
 1143.13  3170  5176 5880 
 1143.17  3175  5251 5519 
 1143.21  3180  5325 4714 
 1143.25  3185  5399 6772 
 1143.29  3190  5474 7756 
 1143.34  3195  5549 5817 
 1143.38  3200  5623 6525 
 1143.41  3205  5698 8720 
 1143.45  3210  5773 8016 
 1143.49  3215  5848 7604 
 1143.54  3220  5923 6765 
 1143.58  3225  5998 5431 
 1143.62  3230  6073 5903 
 1143.66  3235  6149 7332 
 1143.7  3240  6224 8051 
 1143.75  3245  6300 7085 
 1143.79  3250  6375 5539 
dark 10.8 
 1143.92  3250  6375 5492 
 1143.96  3245  6300 6999 
 1144  3240  6224 7994 
 1144.04  3235  6149 7259 
 1144.08  3230  6073 5786 
 1144.12  3225  5998 5358 
 1144.16  3220  5923 6624 
 1144.2  3215  5848 7457 
 1144.24  3210  5773 7750 
 1144.28  3205  5698 8293 
 1144.33  3200  5623 6364 
 1144.37  3195  5549 5549 
 1144.41  3190  5474 7259 
 1144.45  3185  5399 6430 
 1144.48  3180  5325 4411 
 1144.53  3175  5251 5237 
 1144.57  3170  5176 5564 
 1144.61  3165  5102 4619 
 1144.65  3160  5028 3001 
 1144.69  3155  4954 2901 
 1144.73  3150  4880 3670 
 1144.78  3145  4806 2817 
 1144.82  3140  4732 2632 
 1144.86  3135  4658 1959 
 1144.89  3130  4585 1996 
 1144.93  3125  4511 1792 
 1144.97  3120  4438 1365 
 1145.02  3115  4364 1143 
 1145.06  3110  4291 1112 
 1145.1  3105  4218 906 
 1145.14  3100  4145 530 
 1145.18  3095  4071 486 
 1145.23  3090  3998 332 
 1145.27  3085  3926 378 
 1145.3  3080  3853 300 
 1145.34  3075  3780 287 
 1145.38  3070  3707 205 
 1145.42  3065  3635 152 
 1145.47  3060  3562 135 
 1145.51  3055  3490 153 
 1145.55  3050  3417 130 
 1145.59  3045  3345 73 
 1145.63  3040  3273 68 
 1145.68  3035  3200 59 
 1145.72  3030  3128 57 
 1145.76  3025  3056 41 
 1145.79  3020  2984 27 
 1145.83  3015  2912 35 
 1145.88  3010  2841 25 
 1145.92  3005  2769 21 
 1145.96  3000  2697 20 
 1146  2995  2626 19 
 1146.04  2990  2554 22 
 1146.09  2985  2483 16 
 1146.13  2980  2411 20 
 1146.17  2975  2340 16 
 1146.2  2970  2269 12 
 1146.24  2965  2198 14 
 1146.29  2960  2127 17 
 1146.33  2955  2056 18 
 1146.37  2950  1985 15 
 1146.41  2945  1914 17 
 1146.45  2940  1843 15 
 1146.49  2935  1773 11 
 1146.53  2930  1702 15 
 1146.57  2925  1631 15 
 1146.61  2920  1561 13 
 1146.65  2915  1490 18 
 1146.7  2910  1420 18 
 1146.74  2905  1350 14 
 1146.78  2900  1280 16 
end
