ufIntegration time is 0.2294 seconds per sampledt  4.1E-08 cy 4dh250619Arenosillo 37.1 6.73 3pr1000dark .8 
 290.29  2900  1261 1 
 290.32  2905  1333 2 
 290.36  2910  1405 0 
 290.39  2915  1477 1 
 290.43  2920  1549 1 
 290.46  2925  1621 1 
 290.5  2930  1693 0 
 290.53  2935  1765 1 
 290.57  2940  1837 0 
 290.6  2945  1909 0 
 290.64  2950  1981 1 
 290.67  2955  2054 0 
 290.71  2960  2126 2 
 290.74  2965  2199 2 
 290.78  2970  2271 2 
 290.81  2975  2344 0 
 290.85  2980  2416 2 
 290.88  2985  2489 3 
 290.92  2990  2562 2 
 290.95  2995  2635 1 
 290.99  3000  2708 2 
 291.02  3005  2781 2 
 291.06  3010  2854 1 
 291.09  3015  2927 2 
 291.12  3020  3000 2 
 291.16  3025  3073 3 
 291.2  3030  3147 5 
 291.23  3035  3220 8 
 291.26  3040  3294 7 
 291.3  3045  3367 6 
 291.34  3050  3441 6 
 291.37  3055  3514 13 
 291.4  3060  3588 10 
 291.44  3065  3662 13 
 291.47  3070  3736 21 
 291.51  3075  3810 23 
 291.54  3080  3884 25 
 291.58  3085  3958 28 
 291.61  3090  4032 20 
 291.65  3095  4106 25 
 291.68  3100  4181 30 
 291.72  3105  4255 46 
 291.75  3110  4329 48 
 291.79  3115  4404 50 
 291.82  3120  4479 49 
 291.86  3125  4553 63 
 291.89  3130  4628 66 
 291.93  3135  4703 61 
 291.96  3140  4778 74 
 292  3145  4853 66 
 292.03  3150  4928 84 
 292.07  3155  5003 66 
 292.1  3160  5078 64 
 292.14  3165  5153 114 
 292.17  3170  5228 120 
 292.21  3175  5304 108 
 292.24  3180  5379 80 
 292.28  3185  5455 98 
 292.31  3190  5530 113 
 292.35  3195  5606 89 
 292.38  3200  5682 109 
 292.42  3205  5758 151 
 292.45  3210  5834 137 
 292.49  3215  5910 139 
 292.52  3220  5986 101 
 292.56  3225  6062 74 
 292.59  3230  6138 79 
 292.63  3235  6214 111 
 292.66  3240  6291 148 
 292.7  3245  6367 130 
 292.73  3250  6444 80 
end
uaIntegration time is 0.2294 seconds per sampledt  4.1E-08 cy 1dh250619Arenosillo 37.1 6.73 3pr1000dark .15 
 330.02  2900  1261 4.5 
 330.07  2905  1333 3.75 
 330.12  2910  1405 5.75 
 330.17  2915  1477 5 
 330.22  2920  1549 5.25 
 330.27  2925  1621 5 
 330.32  2930  1693 5.25 
 330.37  2935  1765 5.25 
 330.42  2940  1837 4.75 
 330.47  2945  1909 5 
 330.52  2950  1981 6 
 330.57  2955  2054 5.25 
 330.62  2960  2126 5.75 
 330.67  2965  2199 6.25 
 330.72  2970  2271 6.5 
 330.77  2975  2344 7 
 330.82  2980  2416 7.25 
 330.87  2985  2489 7.5 
 330.92  2990  2562 7.75 
 330.97  2995  2635 8.75 
 331.02  3000  2708 9.5 
 331.07  3005  2781 9.75 
 331.12  3010  2854 12.5 
 331.17  3015  2927 13 
 331.22  3020  3000 13.25 
 331.27  3025  3073 18 
 331.32  3030  3147 31.25 
 331.37  3035  3220 35.75 
 331.42  3040  3294 32 
 331.47  3045  3367 39 
 331.52  3050  3441 52.5 
 331.57  3055  3514 52.5 
 331.62  3060  3588 59 
 331.67  3065  3662 63 
 331.72  3070  3736 88.5 
 331.77  3075  3810 109.25 
 331.82  3080  3884 115.75 
 331.87  3085  3958 132.75 
 331.92  3090  4032 117.5 
 331.97  3095  4106 137.5 
 332.02  3100  4181 150 
 332.07  3105  4255 226.75 
 332.12  3110  4329 277 
 332.17  3115  4404 267 
 332.22  3120  4479 296.75 
 332.27  3125  4553 366.25 
 332.32  3130  4628 390.5 
 332.37  3135  4703 380.75 
 332.42  3140  4778 493.25 
 332.47  3145  4853 507.5 
 332.52  3150  4928 647.25 
 332.57  3155  5003 506.75 
 332.62  3160  5078 524 
 332.67  3165  5153 818 
 332.72  3170  5228 937 
 332.77  3175  5304 882.25 
 332.82  3180  5379 755.5 
 332.87  3185  5455 1143 
 332.92  3190  5530 1301 
 332.97  3195  5606 956.25 
 333.02  3200  5682 1058 
 333.07  3205  5758 1458 
 333.12  3210  5834 1454 
 333.17  3215  5910 1343.75 
 333.22  3220  5986 1140 
 333.27  3225  6062 890.5 
 333.32  3230  6138 1009.5 
 333.37  3235  6214 1371.5 
 333.42  3240  6291 1500.5 
 333.47  3245  6367 1252 
 333.52  3250  6444 891 
end
uaIntegration time is 0.2294 seconds per sampledt  4.1E-08 cy 1dh250619Arenosillo 37.1 6.73 3pr1000dark .1 
 360.02  2900  1261 18.5 
 360.07  2905  1333 20.25 
 360.12  2910  1405 18.75 
 360.17  2915  1477 20.75 
 360.22  2920  1549 18.75 
 360.27  2925  1621 19 
 360.32  2930  1693 20.25 
 360.37  2935  1765 25.5 
 360.42  2940  1837 21.5 
 360.47  2945  1909 23.25 
 360.52  2950  1981 21 
 360.57  2955  2054 22.75 
 360.62  2960  2126 23.25 
 360.67  2965  2199 23.25 
 360.72  2970  2271 27.25 
 360.77  2975  2344 27.5 
 360.82  2980  2416 31 
 360.87  2985  2489 25.5 
 360.92  2990  2562 26 
 360.97  2995  2635 35 
 361.02  3000  2708 33.5 
 361.07  3005  2781 32.25 
 361.12  3010  2854 36.75 
 361.17  3015  2927 39.25 
 361.22  3020  3000 35.75 
 361.27  3025  3073 50.75 
 361.32  3030  3147 69 
 361.37  3035  3220 79.75 
 361.42  3040  3294 77.75 
 361.47  3045  3367 96 
 361.52  3050  3441 131.5 
 361.57  3055  3514 146.75 
 361.62  3060  3588 143.25 
 361.67  3065  3662 177.5 
 361.72  3070  3736 265 
 361.77  3075  3810 339 
 361.82  3080  3884 368.25 
 361.87  3085  3958 452.5 
 361.92  3090  4032 411 
 361.97  3095  4106 566.5 
 362.02  3100  4181 623.5 
 362.07  3105  4255 1036.25 
 362.12  3110  4329 1273.75 
 362.17  3115  4404 1320.25 
 362.22  3120  4479 1531.25 
 362.27  3125  4553 1983 
 362.32  3130  4628 2140 
 362.37  3135  4703 2116.5 
 362.42  3140  4778 2695 
 362.47  3145  4853 2844.75 
 362.52  3150  4928 3595.5 
 362.57  3155  5003 2741.5 
 362.62  3160  5078 2808 
 362.67  3165  5153 4201.25 
 362.72  3170  5228 4860.25 
 362.77  3175  5304 4557.75 
 362.82  3180  5379 3740.25 
 362.87  3185  5455 5212.75 
 362.92  3190  5530 5684.25 
 362.97  3195  5606 4383.5 
 363.02  3200  5682 4901 
 363.07  3205  5758 6197.25 
 363.12  3210  5834 5498 
 363.17  3215  5910 5129.5 
 363.22  3220  5986 4632 
 363.27  3225  6062 3615.5 
 363.32  3230  6138 3758 
 363.37  3235  6214 4575.25 
 363.42  3240  6291 4927 
 363.47  3245  6367 4269.25 
 363.52  3250  6444 3352.25 
end
uaIntegration time is 0.2294 seconds per sampledt  4.1E-08 cy 1dh250619Arenosillo 37.1 6.73 3.07pr1000dark .2 
 390.02  2900  1261 46.75 
 390.07  2905  1333 47 
 390.12  2910  1405 50.5 
 390.17  2915  1477 44 
 390.22  2920  1549 47.25 
 390.27  2925  1621 49 
 390.32  2930  1693 49.75 
 390.37  2935  1765 53.75 
 390.42  2940  1837 55 
 390.47  2945  1909 52 
 390.52  2950  1981 53.75 
 390.57  2955  2054 57.75 
 390.62  2960  2126 55.25 
 390.67  2965  2199 57.75 
 390.72  2970  2271 65.75 
 390.77  2975  2344 57.25 
 390.82  2980  2416 61.5 
 390.87  2985  2489 55.75 
 390.92  2990  2562 65.75 
 390.97  2995  2635 68.75 
 391.02  3000  2708 66.25 
 391.07  3005  2781 71 
 391.12  3010  2854 85 
 391.17  3015  2927 89.25 
 391.22  3020  3000 94 
 391.27  3025  3073 123.25 
 391.32  3030  3147 174.75 
 391.37  3035  3220 210.5 
 391.42  3040  3294 212 
 391.47  3045  3367 293.75 
 391.52  3050  3441 453.75 
 391.57  3055  3514 505 
 391.62  3060  3588 544 
 391.67  3065  3662 667.25 
 391.72  3070  3736 1081.75 
 391.77  3075  3810 1430.5 
 391.82  3080  3884 1567 
 391.87  3085  3958 1829 
 391.92  3090  4032 1725.75 
 391.97  3095  4106 2322.75 
 392.02  3100  4181 2525.75 
 392.07  3105  4255 4147.25 
 392.12  3110  4329 5049.25 
 392.17  3115  4404 5107 
 392.22  3120  4479 5469 
 392.27  3125  4553 6874.75 
 392.32  3130  4628 7301 
 392.37  3135  4703 7167 
 392.42  3140  4778 8796.5 
 392.47  3145  4853 8525.75 
 392.52  3150  4928 10684 
 392.57  3155  5003 8452.75 
 392.62  3160  5078 7938.25 
 392.67  3165  5153 11228 
 392.72  3170  5228 13154.75 
 392.77  3175  5304 12514.5 
 392.82  3180  5379 9775 
 392.87  3185  5455 12527.25 
 392.92  3190  5530 13437 
 392.97  3195  5606 10713.5 
 393.02  3200  5682 11988 
 393.07  3205  5758 14239.75 
 393.12  3210  5834 12015.5 
 393.17  3215  5910 11082.75 
 393.22  3220  5986 10576 
 393.27  3225  6062 8355.75 
 393.32  3230  6138 8175 
 393.37  3235  6214 9327.75 
 393.42  3240  6291 9929 
 393.47  3245  6367 8911 
 393.52  3250  6444 7145.75 
end
uaIntegration time is 0.2294 seconds per sampledt  4.1E-08 cy 1dh250619Arenosillo 37.1 6.73 3.19pr1000dark .2 
 420.02  2900  1261 89 
 420.07  2905  1333 84.5 
 420.12  2910  1405 89.5 
 420.17  2915  1477 101.5 
 420.22  2920  1549 99.25 
 420.27  2925  1621 99 
 420.32  2930  1693 103 
 420.37  2935  1765 100.5 
 420.42  2940  1837 98.75 
 420.47  2945  1909 100.75 
 420.52  2950  1981 101.75 
 420.57  2955  2054 104.75 
 420.62  2960  2126 103.5 
 420.67  2965  2199 110.75 
 420.72  2970  2271 106.75 
 420.77  2975  2344 115 
 420.82  2980  2416 116.5 
 420.87  2985  2489 116.75 
 420.92  2990  2562 124 
 420.97  2995  2635 136.5 
 421.02  3000  2708 132.5 
 421.07  3005  2781 150.25 
 421.12  3010  2854 185.75 
 421.17  3015  2927 229 
 421.22  3020  3000 222.25 
 421.27  3025  3073 355.25 
 421.32  3030  3147 555.25 
 421.37  3035  3220 695.5 
 421.42  3040  3294 726.5 
 421.47  3045  3367 1017.5 
 421.52  3050  3441 1599.25 
 421.57  3055  3514 1771.25 
 421.62  3060  3588 1816 
 421.67  3065  3662 2264 
 421.72  3070  3736 3509.5 
 421.77  3075  3810 4472.25 
 421.82  3080  3884 4814 
 421.87  3085  3958 5545 
 421.92  3090  4032 5081.25 
 421.97  3095  4106 6356 
 422.02  3100  4181 6713 
 422.07  3105  4255 10830.25 
 422.12  3110  4329 12923 
 422.17  3115  4404 12662.25 
 422.22  3120  4479 13040.5 
 422.27  3125  4553 15785 
 422.32  3130  4628 16405.25 
 422.37  3135  4703 16167.25 
 422.42  3140  4778 19023.75 
 422.47  3145  4853 17534.5 
 422.52  3150  4928 21708.5 
 422.57  3155  5003 17487 
 422.62  3160  5078 15677.75 
 422.67  3165  5153 21576 
 422.72  3170  5228 25193.25 
 422.77  3175  5304 24011 
 422.82  3180  5379 18374.5 
 422.87  3185  5455 22672.25 
 422.92  3190  5530 23883.25 
 422.97  3195  5606 19486.25 
 423.02  3200  5682 21920.75 
 423.07  3205  5758 24959.5 
 423.12  3210  5834 20442.75 
 423.17  3215  5910 18776.5 
 423.22  3220  5986 18565 
 423.27  3225  6062 14497.75 
 423.32  3230  6138 13757.75 
 423.37  3235  6214 15267 
 423.42  3240  6291 16181.5 
 423.47  3245  6367 14766.5 
 423.52  3250  6444 12053 
end
uaIntegration time is 0.2294 seconds per sampledt  4.1E-08 cy 1dh250619Arenosillo 37.1 6.73 3.29pr1000dark .25 
 450.02  2900  1261 155.25 
 450.07  2905  1333 153.25 
 450.12  2910  1405 155 
 450.17  2915  1477 155.75 
 450.22  2920  1549 165.5 
 450.27  2925  1621 155 
 450.32  2930  1693 163.5 
 450.37  2935  1765 162.25 
 450.42  2940  1837 171.25 
 450.47  2945  1909 166.75 
 450.52  2950  1981 168.75 
 450.57  2955  2054 171.5 
 450.62  2960  2126 175 
 450.67  2965  2199 188 
 450.72  2970  2271 182 
 450.77  2975  2344 194.5 
 450.82  2980  2416 198.5 
 450.87  2985  2489 203.25 
 450.92  2990  2562 244 
 450.97  2995  2635 273.25 
 451.02  3000  2708 282.25 
 451.07  3005  2781 335.25 
 451.12  3010  2854 468 
 451.17  3015  2927 595.5 
 451.22  3020  3000 613 
 451.27  3025  3073 1046 
 451.32  3030  3147 1671 
 451.37  3035  3220 2085.75 
 451.42  3040  3294 2135 
 451.47  3045  3367 2951.75 
 451.52  3050  3441 4435.25 
 451.57  3055  3514 4676.25 
 451.62  3060  3588 4780.75 
 451.67  3065  3662 5773.5 
 451.72  3070  3736 8431.75 
 451.77  3075  3810 10380.5 
 451.82  3080  3884 11004.25 
 451.87  3085  3958 12496.75 
 451.92  3090  4032 11136.5 
 451.97  3095  4106 13199.75 
 452.02  3100  4181 13559.75 
 452.07  3105  4255 21560.75 
 452.12  3110  4329 25315.25 
 452.17  3115  4404 24448.75 
 452.22  3120  4479 24196.75 
 452.27  3125  4553 28434.25 
 452.32  3130  4628 29371.25 
 452.37  3135  4703 29072.25 
 452.42  3140  4778 33126 
 452.47  3145  4853 29724 
 452.52  3150  4928 36356.75 
 452.57  3155  5003 29351.5 
 452.62  3160  5078 25888.25 
 452.67  3165  5153 34888.25 
 452.72  3170  5228 40499.25 
 452.77  3175  5304 38861.25 
 452.82  3180  5379 29183.25 
 452.87  3185  5455 35123.25 
 452.92  3190  5530 36271.25 
 452.97  3195  5606 30261.75 
 453.02  3200  5682 34122.75 
 453.07  3205  5758 37909.25 
 453.12  3210  5834 30162.25 
 453.17  3215  5910 28001.5 
 453.22  3220  5986 28029.75 
 453.27  3225  6062 21976 
 453.32  3230  6138 20581.25 
 453.37  3235  6214 22181.25 
 453.42  3240  6291 23475.25 
 453.47  3245  6367 21546.25 
 453.52  3250  6444 17810.5 
end
uaIntegration time is 0.2294 seconds per sampledt  4.1E-08 cy 1dh250619Arenosillo 37.1 6.73 3.37pr1000dark .35 
 480.02  2900  1261 229.75 
 480.07  2905  1333 225 
 480.12  2910  1405 227 
 480.17  2915  1477 232.25 
 480.22  2920  1549 234.5 
 480.27  2925  1621 241.75 
 480.32  2930  1693 244.25 
 480.37  2935  1765 246.25 
 480.42  2940  1837 252.25 
 480.47  2945  1909 249 
 480.52  2950  1981 256 
 480.57  2955  2054 266.25 
 480.62  2960  2126 266.25 
 480.67  2965  2199 283.25 
 480.72  2970  2271 278 
 480.77  2975  2344 314.75 
 480.82  2980  2416 343.75 
 480.87  2985  2489 349.25 
 480.92  2990  2562 451.5 
 480.97  2995  2635 572 
 481.02  3000  2708 592.25 
 481.07  3005  2781 744 
 481.12  3010  2854 1110 
 481.17  3015  2927 1474.25 
 481.22  3020  3000 1401.5 
 481.27  3025  3073 2489 
 481.32  3030  3147 4048.25 
 481.37  3035  3220 4843.75 
 481.42  3040  3294 4790.25 
 481.47  3045  3367 6516 
 481.52  3050  3441 9432.25 
 481.57  3055  3514 9562.5 
 481.62  3060  3588 9792 
 481.67  3065  3662 11434.75 
 481.72  3070  3736 16153 
 481.77  3075  3810 19162.75 
 481.82  3080  3884 20054.25 
 481.87  3085  3958 22405.5 
 481.92  3090  4032 19569 
 481.97  3095  4106 22512 
 482.02  3100  4181 22555 
 482.07  3105  4255 35595.75 
 482.12  3110  4329 41476.75 
 482.17  3115  4404 39455.5 
 482.22  3120  4479 38168.5 
 482.27  3125  4553 44135.25 
 482.32  3130  4628 45049.25 
 482.37  3135  4703 44739 
 482.42  3140  4778 50135.5 
 482.47  3145  4853 43716.25 
 482.52  3150  4928 53527.5 
 482.57  3155  5003 43474.75 
 482.62  3160  5078 37464 
 482.67  3165  5153 49655 
 482.72  3170  5228 57878.25 
 482.77  3175  5304 55952 
 482.82  3180  5379 41368 
 482.87  3185  5455 48669.5 
 482.92  3190  5530 50455.5 
 482.97  3195  5606 42424.75 
 483.02  3200  5682 47641.5 
 483.07  3205  5758 52196.5 
 483.12  3210  5834 41429.75 
 483.17  3215  5910 37800 
 483.22  3220  5986 38440.5 
 483.27  3225  6062 30127.5 
 483.32  3230  6138 27970.5 
 483.37  3235  6214 29821 
 483.42  3240  6291 31335.5 
 483.47  3245  6367 28999.25 
 483.52  3250  6444 24201.5 
end
uaIntegration time is 0.2294 seconds per sampledt  4.1E-08 cy 1dh250619Arenosillo 37.1 6.73 3.45pr1000dark .5 
 510.02  2900  1261 301.75 
 510.07  2905  1333 319 
 510.12  2910  1405 320.75 
 510.17  2915  1477 320.75 
 510.22  2920  1549 329.75 
 510.27  2925  1621 336 
 510.32  2930  1693 333.5 
 510.37  2935  1765 336.75 
 510.42  2940  1837 355.25 
 510.47  2945  1909 347.5 
 510.52  2950  1981 354.75 
 510.57  2955  2054 365.75 
 510.62  2960  2126 395.25 
 510.67  2965  2199 401 
 510.72  2970  2271 437.75 
 510.77  2975  2344 540.5 
 510.82  2980  2416 601.25 
 510.87  2985  2489 622.25 
 510.92  2990  2562 888.25 
 510.97  2995  2635 1171 
 511.02  3000  2708 1176.5 
 511.07  3005  2781 1526.75 
 511.12  3010  2854 2316.5 
 511.17  3015  2927 3008.5 
 511.22  3020  3000 2804 
 511.27  3025  3073 4982.25 
 511.32  3030  3147 7830.25 
 511.37  3035  3220 9162 
 511.42  3040  3294 9000.5 
 511.47  3045  3367 11885 
 511.52  3050  3441 16483.75 
 511.57  3055  3514 16644 
 511.62  3060  3588 16568.25 
 511.67  3065  3662 19143.5 
 511.72  3070  3736 26048 
 511.77  3075  3810 30353 
 511.82  3080  3884 31629.5 
 511.87  3085  3958 34936.25 
 511.92  3090  4032 30187.5 
 511.97  3095  4106 33613.75 
 512.0201  3100  4181 33430.5 
 512.07  3105  4255 52412.75 
 512.12  3110  4329 60232.25 
 512.17  3115  4404 56970 
 512.22  3120  4479 53937.75 
 512.2701  3125  4553 61499 
 512.32  3130  4628 62586.25 
 512.37  3135  4703 62277.75 
 512.42  3140  4778 68841.5 
 512.47  3145  4853 58989.75 
 512.5201  3150  4928 71936 
 512.57  3155  5003 58880 
 512.62  3160  5078 50032 
 512.67  3165  5153 65607.75 
 512.72  3170  5228 76320.75 
 512.7701  3175  5304 73757 
 512.82  3180  5379 54527 
 512.87  3185  5455 63153.25 
 512.92  3190  5530 64999.25 
 512.97  3195  5606 55190.5 
 513.0201  3200  5682 62001 
 513.07  3205  5758 66863.75 
 513.12  3210  5834 52564.5 
 513.17  3215  5910 48362.5 
 513.22  3220  5986 49418 
 513.2701  3225  6062 38937.25 
 513.32  3230  6138 35708.25 
 513.37  3235  6214 37596.5 
 513.42  3240  6291 39563 
 513.47  3245  6367 36756.75 
 513.5201  3250  6444 30860.75 
end
uaIntegration time is 0.2294 seconds per sampledt  4.1E-08 cy 1dh250619Arenosillo 37.1 6.73 3.5pr1000dark .4 
 540.02  2900  1261 388 
 540.07  2905  1333 402.75 
 540.12  2910  1405 404.25 
 540.17  2915  1477 416.75 
 540.22  2920  1549 409.5 
 540.27  2925  1621 423.75 
 540.32  2930  1693 429.25 
 540.37  2935  1765 434.75 
 540.42  2940  1837 449 
 540.47  2945  1909 473 
 540.52  2950  1981 474 
 540.57  2955  2054 512.5 
 540.62  2960  2126 568 
 540.67  2965  2199 593.5 
 540.72  2970  2271 638.5 
 540.77  2975  2344 903.5 
 540.82  2980  2416 996.5 
 540.87  2985  2489 1030.25 
 540.92  2990  2562 1607 
 540.97  2995  2635 2072.25 
 541.02  3000  2708 2094.5 
 541.07  3005  2781 2715 
 541.12  3010  2854 4121.25 
 541.17  3015  2927 5239 
 541.22  3020  3000 4757.75 
 541.27  3025  3073 8379 
 541.32  3030  3147 12935.5 
 541.37  3035  3220 14975 
 541.42  3040  3294 14366 
 541.47  3045  3367 18604.5 
 541.52  3050  3441 25107 
 541.57  3055  3514 24836.25 
 541.62  3060  3588 24723 
 541.67  3065  3662 28401.25 
 541.72  3070  3736 37930.5 
 541.77  3075  3810 43385.75 
 541.82  3080  3884 44584.25 
 541.87  3085  3958 48814.75 
 541.92  3090  4032 41525.5 
 541.97  3095  4106 45708.75 
 542.02  3100  4181 45306 
 542.07  3105  4255 69797 
 542.12  3110  4329 79663 
 542.17  3115  4404 75000 
 542.22  3120  4479 70289.25 
 542.27  3125  4553 79093.75 
 542.32  3130  4628 80335.25 
 542.37  3135  4703 79759.75 
 542.42  3140  4778 87829 
 542.47  3145  4853 74207 
 542.52  3150  4928 90206.75 
 542.57  3155  5003 74315.75 
 542.62  3160  5078 62382.25 
 542.67  3165  5153 81218.5 
 542.72  3170  5228 94339.75 
 542.77  3175  5304 91722.75 
 542.82  3180  5379 67008.25 
 542.87  3185  5455 77169.25 
 542.92  3190  5530 79364.5 
 542.97  3195  5606 67573.75 
 543.02  3200  5682 75784.5 
 543.07  3205  5758 81338.25 
 543.12  3210  5834 63479.5 
 543.17  3215  5910 58471.25 
 543.22  3220  5986 60340.75 
 543.27  3225  6062 47223.75 
 543.32  3230  6138 43313.25 
 543.37  3235  6214 45141.5 
 543.42  3240  6291 47498 
 543.47  3245  6367 44181.5 
 543.52  3250  6444 37416.5 
end
uaIntegration time is 0.2294 seconds per sampledt  4.1E-08 cy 1dh250619Arenosillo 37.1 6.73 3.56pr1000dark .55 
 570.02  2900  1261 489.25 
 570.07  2905  1333 500.75 
 570.12  2910  1405 521.5 
 570.17  2915  1477 512 
 570.22  2920  1549 514.5 
 570.27  2925  1621 515 
 570.32  2930  1693 540 
 570.37  2935  1765 544.75 
 570.42  2940  1837 566.25 
 570.47  2945  1909 577.25 
 570.52  2950  1981 611.5 
 570.57  2955  2054 684.25 
 570.62  2960  2126 809.25 
 570.67  2965  2199 842.25 
 570.72  2970  2271 952.75 
 570.77  2975  2344 1448 
 570.82  2980  2416 1597.25 
 570.87  2985  2489 1638.75 
 570.92  2990  2562 2648.25 
 570.97  2995  2635 3344.75 
 571.02  3000  2708 3350 
 571.07  3005  2781 4326 
 571.12  3010  2854 6445.75 
 571.17  3015  2927 8163.5 
 571.22  3020  3000 7240.5 
 571.27  3025  3073 12486.25 
 571.32  3030  3147 19006 
 571.37  3035  3220 21694.75 
 571.42  3040  3294 20676.75 
 571.47  3045  3367 26346.5 
 571.52  3050  3441 34667.25 
 571.57  3055  3514 34670.5 
 571.62  3060  3588 33402 
 571.67  3065  3662 38240.75 
 571.72  3070  3736 50050.75 
 571.77  3075  3810 56569.5 
 571.82  3080  3884 58066.5 
 571.87  3085  3958 63297.75 
 571.92  3090  4032 53474.75 
 571.97  3095  4106 58019.25 
 572.02  3100  4181 57026.75 
 572.07  3105  4255 87250.75 
 572.12  3110  4329 99091.25 
 572.17  3115  4404 92785 
 572.22  3120  4479 86297 
 572.27  3125  4553 96362.75 
 572.32  3130  4628 97383.5 
 572.37  3135  4703 97101 
 572.42  3140  4778 105985.5 
 572.47  3145  4853 89075.75 
 572.52  3150  4928 107741 
 572.57  3155  5003 89194.75 
 572.62  3160  5078 74512.75 
 572.67  3165  5153 96210.5 
 572.72  3170  5228 111489 
 572.77  3175  5304 108160 
 572.82  3180  5379 79235.75 
 572.87  3185  5455 90909.5 
 572.92  3190  5530 92443.5 
 572.97  3195  5606 79581.5 
 573.02  3200  5682 89239.75 
 573.07  3205  5758 94793.75 
 573.12  3210  5834 73526.75 
 573.17  3215  5910 68315.75 
 573.22  3220  5986 70259.75 
 573.27  3225  6062 55041 
 573.32  3230  6138 50682.25 
 573.37  3235  6214 52347.75 
 573.42  3240  6291 55039.75 
 573.47  3245  6367 51422.5 
 573.52  3250  6444 43674.25 
end
uaIntegration time is 0.2294 seconds per sampledt  4.1E-08 cy 1dh250619Arenosillo 37.1 6.73 3.62pr1000dark .55 
 600.02  2900  1261 568.75 
 600.07  2905  1333 577 
 600.12  2910  1405 587.5 
 600.17  2915  1477 610.75 
 600.22  2920  1549 608.5 
 600.27  2925  1621 625.25 
 600.32  2930  1693 638.5 
 600.37  2935  1765 659.75 
 600.42  2940  1837 685.5 
 600.47  2945  1909 710 
 600.52  2950  1981 792.25 
 600.57  2955  2054 893.25 
 600.62  2960  2126 1097.5 
 600.67  2965  2199 1143.75 
 600.72  2970  2271 1330 
 600.77  2975  2344 2082.75 
 600.82  2980  2416 2330.75 
 600.87  2985  2489 2325.25 
 600.92  2990  2562 3875.25 
 600.97  2995  2635 4898.25 
 601.02  3000  2708 4778 
 601.07  3005  2781 6133.5 
 601.12  3010  2854 9081.25 
 601.17  3015  2927 11394.5 
 601.22  3020  3000 10004 
 601.27  3025  3073 16902 
 601.32  3030  3147 25379.75 
 601.37  3035  3220 28876 
 601.42  3040  3294 27314.5 
 601.47  3045  3367 34528.75 
 601.52  3050  3441 44790 
 601.57  3055  3514 43376.75 
 601.62  3060  3588 42663.75 
 601.67  3065  3662 48251 
 601.72  3070  3736 62192.75 
 601.77  3075  3810 69352.75 
 601.82  3080  3884 70955.75 
 601.87  3085  3958 76916.75 
 601.92  3090  4032 65230.25 
 601.97  3095  4106 69609.75 
 602.02  3100  4181 67811 
 602.07  3105  4255 103205 
 602.12  3110  4329 116798 
 602.17  3115  4404 109302 
 602.22  3120  4479 100801.8 
 602.27  3125  4553 112140.3 
 602.32  3130  4628 113073.5 
 602.37  3135  4703 112709.3 
 602.42  3140  4778 122037.3 
 602.47  3145  4853 102655 
 602.52  3150  4928 123394.3 
 602.57  3155  5003 102458.5 
 602.62  3160  5078 85717 
 602.67  3165  5153 109811.8 
 602.72  3170  5228 126777.5 
 602.77  3175  5304 123211.3 
 602.82  3180  5379 90433 
 602.87  3185  5455 102346.3 
 602.92  3190  5530 104486.3 
 602.97  3195  5606 90270.5 
 603.02  3200  5682 100964.5 
 603.07  3205  5758 107138 
 603.12  3210  5834 83114.5 
 603.17  3215  5910 76494.25 
 603.22  3220  5986 79801.25 
 603.27  3225  6062 62774.5 
 603.32  3230  6138 56952.25 
 603.37  3235  6214 58966.25 
 603.42  3240  6291 61931.25 
 603.47  3245  6367 57965 
 603.52  3250  6444 49057.5 
end
uaIntegration time is 0.2294 seconds per sampledt  4.1E-08 cy 1dh250619Arenosillo 37.1 6.73 3.64pr1000dark .7 
 630.02  2900  1261 665.25 
 630.07  2905  1333 662.75 
 630.12  2910  1405 680 
 630.17  2915  1477 694 
 630.22  2920  1549 705.25 
 630.27  2925  1621 718.75 
 630.32  2930  1693 741.75 
 630.37  2935  1765 761.5 
 630.42  2940  1837 815.25 
 630.47  2945  1909 846.25 
 630.52  2950  1981 954 
 630.57  2955  2054 1145.5 
 630.62  2960  2126 1455.75 
 630.67  2965  2199 1509 
 630.72  2970  2271 1766.5 
 630.77  2975  2344 2865.75 
 630.82  2980  2416 3211.75 
 630.87  2985  2489 3167.5 
 630.92  2990  2562 5249.25 
 630.97  2995  2635 6599 
 631.02  3000  2708 6371 
 631.07  3005  2781 8077.75 
 631.12  3010  2854 11806 
 631.17  3015  2927 14756.25 
 631.22  3020  3000 12785.25 
 631.27  3025  3073 21761.5 
 631.32  3030  3147 32214 
 631.37  3035  3220 35964.25 
 631.42  3040  3294 33993.75 
 631.47  3045  3367 42373.5 
 631.52  3050  3441 54257.25 
 631.57  3055  3514 52372 
 631.62  3060  3588 51125 
 631.67  3065  3662 57554.75 
 631.72  3070  3736 73436 
 631.77  3075  3810 81262.25 
 631.82  3080  3884 82982.5 
 631.87  3085  3958 89604.25 
 631.92  3090  4032 75628.5 
 631.97  3095  4106 79959.25 
 632.02  3100  4181 77933.75 
 632.07  3105  4255 117884 
 632.12  3110  4329 132467.3 
 632.17  3115  4404 123592.5 
 632.22  3120  4479 113802.5 
 632.27  3125  4553 125902.3 
 632.32  3130  4628 126841.8 
 632.37  3135  4703 126471 
 632.42  3140  4778 136327.8 
 632.47  3145  4853 114192.3 
 632.52  3150  4928 137042.8 
 632.57  3155  5003 114146 
 632.62  3160  5078 95067.25 
 632.67  3165  5153 121304.3 
 632.72  3170  5228 140230.8 
 632.77  3175  5304 135384.5 
 632.82  3180  5379 99620 
 632.87  3185  5455 113043.8 
 632.92  3190  5530 114470 
 632.97  3195  5606 99448.75 
 633.02  3200  5682 111112.8 
 633.07  3205  5758 117372.3 
 633.12  3210  5834 91222 
 633.17  3215  5910 83915 
 633.22  3220  5986 87418.75 
 633.27  3225  6062 68942.75 
 633.32  3230  6138 62512.75 
 633.37  3235  6214 64602.5 
 633.42  3240  6291 67732.5 
 633.47  3245  6367 63515.25 
 633.52  3250  6444 53926 
end
uaIntegration time is 0.2294 seconds per sampledt  4.1E-08 cy 1dh250619Arenosillo 37.1 6.73 3.66pr1000dark .75 
 660.02  2900  1261 715.75 
 660.07  2905  1333 727.75 
 660.12  2910  1405 752.75 
 660.17  2915  1477 768.5 
 660.22  2920  1549 773.75 
 660.27  2925  1621 792 
 660.32  2930  1693 822.25 
 660.37  2935  1765 869.25 
 660.42  2940  1837 934.75 
 660.47  2945  1909 996 
 660.52  2950  1981 1139.75 
 660.57  2955  2054 1420.5 
 660.62  2960  2126 1812 
 660.67  2965  2199 1897.75 
 660.72  2970  2271 2161.5 
 660.77  2975  2344 3654.25 
 660.82  2980  2416 4114.75 
 660.87  2985  2489 3963.25 
 660.92  2990  2562 6649.75 
 660.97  2995  2635 8273.5 
 661.02  3000  2708 7905 
 661.07  3005  2781 10022.25 
 661.12  3010  2854 14654 
 661.17  3015  2927 17835.25 
 661.22  3020  3000 15542.5 
 661.27  3025  3073 25947 
 661.32  3030  3147 37962.5 
 661.37  3035  3220 42565.25 
 661.42  3040  3294 39703 
 661.47  3045  3367 49428 
 661.52  3050  3441 62336.75 
 661.57  3055  3514 60596 
 661.62  3060  3588 58535.25 
 661.67  3065  3662 65502.25 
 661.72  3070  3736 83054.5 
 661.77  3075  3810 91662.25 
 661.82  3080  3884 93307.75 
 661.87  3085  3958 100294.3 
 661.92  3090  4032 84261 
 661.97  3095  4106 88771.5 
 662.02  3100  4181 86228.75 
 662.07  3105  4255 130592.5 
 662.12  3110  4329 145718 
 662.17  3115  4404 135471 
 662.22  3120  4479 124870.5 
 662.27  3125  4553 137545.8 
 662.32  3130  4628 137874.3 
 662.37  3135  4703 138154 
 662.42  3140  4778 148050.8 
 662.47  3145  4853 123784.5 
 662.52  3150  4928 148310.5 
 662.57  3155  5003 123984.8 
 662.62  3160  5078 103479.8 
 662.67  3165  5153 131331.5 
 662.72  3170  5228 150915.8 
 662.77  3175  5304 146561.8 
 662.82  3180  5379 107369.5 
 662.87  3185  5455 121712 
 662.92  3190  5530 123185.5 
 662.97  3195  5606 107104.3 
 663.02  3200  5682 119621.8 
 663.07  3205  5758 125994.8 
 663.12  3210  5834 97468 
 663.17  3215  5910 90157.5 
 663.22  3220  5986 94201.75 
 663.27  3225  6062 74185.5 
 663.32  3230  6138 67271 
 663.37  3235  6214 69095.75 
 663.42  3240  6291 72425.5 
 663.47  3245  6367 68140.5 
 663.52  3250  6444 57870.25 
end
uvIntegration time is 0.2294 seconds per sampledt  4.1E-08 cy 4dh250619Arenosillo 37.1 6.73 3.7pr1000dark 3.2 
 692.01  2900  1261 3058 
 692.05  2905  1333 3114 
 692.09  2910  1405 3211 
 692.13  2915  1477 3224 
 692.17  2920  1549 3336 
 692.21  2925  1621 3435 
 692.25  2930  1693 3619 
 692.29  2935  1765 3817 
 692.33  2940  1837 4053 
 692.37  2945  1909 4481 
 692.41  2950  1981 5149 
 692.45  2955  2054 6665 
 692.49  2960  2126 8488 
 692.53  2965  2199 8942 
 692.57  2970  2271 10101 
 692.61  2975  2344 17085 
 692.65  2980  2416 19458 
 692.69  2985  2489 18220 
 692.73  2990  2562 31081 
 692.77  2995  2635 38511 
 692.81  3000  2708 36555 
 692.85  3005  2781 45598 
 692.89  3010  2854 65773 
 692.93  3015  2927 82051 
 692.97  3020  3000 70140 
 693.01  3025  3073 116906 
 693.05  3030  3147 170144 
 693.09  3035  3220 190209 
 693.13  3040  3294 177591 
 693.17  3045  3367 219183 
 693.21  3050  3441 276549 
 693.25  3055  3514 266118 
 693.29  3060  3588 257459 
 693.33  3065  3662 286885 
 693.37  3070  3736 362056 
 693.41  3075  3810 397074 
 693.45  3080  3884 403413 
 693.49  3085  3958 432353 
 693.53  3090  4032 365015 
 693.57  3095  4106 381725 
 693.61  3100  4181 369362 
 693.65  3105  4255 550539 
 693.69  3110  4329 621585 
 693.73  3115  4404 580837 
 693.77  3120  4479 531053 
 693.81  3125  4553 583749 
 693.85  3130  4628 586058 
 693.89  3135  4703 520541 
 693.93  3140  4778 627202 
 693.97  3145  4853 523611 
 694.01  3150  4928 626101 
 694.05  3155  5003 523089 
 694.09  3160  5078 434909 
 694.13  3165  5153 550993 
 694.17  3170  5228 633095 
 694.21  3175  5304 619827 
 694.25  3180  5379 454945 
 694.29  3185  5455 508154 
 694.33  3190  5530 520077 
 694.37  3195  5606 449499 
 694.41  3200  5682 503717 
 694.45  3205  5758 529423 
 694.49  3210  5834 409612 
 694.53  3215  5910 377800 
 694.57  3220  5986 395419 
 694.61  3225  6062 314024 
 694.65  3230  6138 282281 
 694.69  3235  6214 290399 
 694.73  3240  6291 303939 
 694.77  3245  6367 287284 
 694.81  3250  6444 243399 
dark 4.2 
 694.94  3250  6444 243782 
 694.98  3245  6367 287398 
 695.02  3240  6291 304454 
 695.07  3235  6214 290921 
 695.11  3230  6138 281882 
 695.15  3225  6062 314228 
 695.19  3220  5986 397708 
 695.23  3215  5910 377592 
 695.27  3210  5834 413016 
 695.3  3205  5758 530179 
 695.34  3200  5682 503470 
 695.38  3195  5606 449967 
 695.42  3190  5530 520298 
 695.47  3185  5455 508202 
 695.51  3180  5379 455929 
 695.55  3175  5304 620737 
 695.59  3170  5228 634393 
 695.63  3165  5153 550894 
 695.66  3160  5078 435818 
 695.7  3155  5003 527598 
 695.74  3150  4928 627963 
 695.78  3145  4853 523947 
 695.82  3140  4778 630668 
 695.87  3135  4703 584878 
 695.91  3130  4628 588591 
 695.95  3125  4553 585201 
 695.99  3120  4479 532540 
 696.03  3115  4404 583944 
 696.07  3110  4329 623003 
 696.11  3105  4255 552457 
 696.15  3100  4181 370503 
 696.18  3095  4106 383405 
 696.23  3090  4032 368861 
 696.27  3085  3958 434825 
 696.31  3080  3884 405692 
 696.35  3075  3810 398424 
 696.39  3070  3736 363283 
 696.43  3065  3662 288645 
 696.47  3060  3588 258284 
 696.51  3055  3514 268534 
 696.54  3050  3441 278109 
 696.58  3045  3367 221390 
 696.63  3040  3294 178259 
 696.67  3035  3220 191689 
 696.71  3030  3147 172361 
 696.75  3025  3073 116818 
 696.79  3020  3000 69911 
 696.83  3015  2927 82960 
 696.87  3010  2854 67169 
 696.91  3005  2781 46279 
 696.94  3000  2708 37370 
 696.99  2995  2635 39047 
 697.03  2990  2562 31420 
 697.07  2985  2489 18690 
 697.11  2980  2416 19903 
 697.15  2975  2344 17400 
 697.19  2970  2271 10273 
 697.23  2965  2199 9080 
 697.26  2960  2126 8597 
 697.3  2955  2054 6686 
 697.34  2950  1981 5235 
 697.39  2945  1909 4579 
 697.43  2940  1837 4108 
 697.47  2935  1765 3901 
 697.51  2930  1693 3608 
 697.55  2925  1621 3474 
 697.59  2920  1549 3355 
 697.62  2915  1477 3301 
 697.66  2910  1405 3235 
 697.7  2905  1333 3197 
 697.74  2900  1261 3116 
end
uvIntegration time is 0.2294 seconds per sampledt  4.1E-08 cy 4dh250619Arenosillo 37.1 6.73 3.74pr1000dark 10 
 720.64  2900  1261 3214 
 720.68  2905  1333 3320 
 720.72  2910  1405 3388 
 720.76  2915  1477 3445 
 720.8  2920  1549 3493 
 720.84  2925  1621 3624 
 720.88  2930  1693 3772 
 720.92  2935  1765 4123 
 720.96  2940  1837 4399 
 721.01  2945  1909 4854 
 721.05  2950  1981 5628 
 721.09  2955  2054 7213 
 721.13  2960  2126 9397 
 721.17  2965  2199 9858 
 721.21  2970  2271 11038 
 721.25  2975  2344 18846 
 721.29  2980  2416 21393 
 721.33  2985  2489 20321 
 721.37  2990  2562 33904 
 721.41  2995  2635 42198 
 721.46  3000  2708 40075 
 721.5  3005  2781 49710 
 721.54  3010  2854 71150 
 721.58  3015  2927 88601 
 721.62  3020  3000 75223 
 721.65  3025  3073 124866 
 721.69  3030  3147 181644 
 721.74  3035  3220 202998 
 721.78  3040  3294 189147 
 721.82  3045  3367 232657 
 721.86  3050  3441 292397 
 721.9  3055  3514 279922 
 721.95  3060  3588 271434 
 721.99  3065  3662 302244 
 722.03  3070  3736 378247 
 722.06  3075  3810 414971 
 722.1  3080  3884 421134 
 722.14  3085  3958 451927 
 722.18  3090  4032 381623 
 722.23  3095  4106 397438 
 722.27  3100  4181 384534 
 722.31  3105  4255 574538 
 722.35  3110  4329 643028 
 722.39  3115  4404 601715 
 722.43  3120  4479 548377 
 722.47  3125  4553 602685 
 722.52  3130  4628 604992 
 722.55  3135  4703 603506 
 722.59  3140  4778 647317 
 722.63  3145  4853 538317 
 722.67  3150  4928 644914 
 722.72  3155  5003 539242 
 722.76  3160  5078 444070 
 722.8  3165  5153 567433 
 722.84  3170  5228 651712 
 722.88  3175  5304 635260 
 722.92  3180  5379 468213 
 722.96  3185  5455 523127 
 723  3190  5530 533679 
 723.04  3195  5606 461154 
 723.08  3200  5682 517261 
 723.12  3205  5758 544025 
 723.16  3210  5834 423527 
 723.2  3215  5910 387840 
 723.25  3220  5986 407236 
 723.29  3225  6062 323196 
 723.33  3230  6138 289547 
 723.37  3235  6214 298672 
 723.4  3240  6291 312007 
 723.44  3245  6367 293862 
 723.49  3250  6444 250027 
dark 5.4 
 723.62  3250  6444 249710 
 723.66  3245  6367 293962 
 723.7  3240  6291 312293 
 723.74  3235  6214 298018 
 723.78  3230  6138 289583 
 723.83  3225  6062 322427 
 723.87  3220  5986 407545 
 723.91  3215  5910 387495 
 723.95  3210  5834 423758 
 723.99  3205  5758 544013 
 724.03  3200  5682 517186 
 724.07  3195  5606 462208 
 724.12  3190  5530 533540 
 724.15  3185  5455 522406 
 724.19  3180  5379 468984 
 724.23  3175  5304 636967 
 724.27  3170  5228 652753 
 724.32  3165  5153 566926 
 724.36  3160  5078 448549 
 724.4  3155  5003 541368 
 724.44  3150  4928 645662 
 724.48  3145  4853 539493 
 724.53  3140  4778 647275 
 724.57  3135  4703 605225 
 724.6  3130  4628 606289 
 724.64  3125  4553 604250 
 724.68  3120  4479 550001 
 724.72  3115  4404 603605 
 724.77  3110  4329 640470 
 724.81  3105  4255 573478 
 724.85  3100  4181 384531 
 724.89  3095  4106 397278 
 724.93  3090  4032 384856 
 724.97  3085  3958 453161 
 725.01  3080  3884 422818 
 725.06  3075  3810 416625 
 725.1  3070  3736 380151 
 725.14  3065  3662 302953 
 725.18  3060  3588 271645 
 725.21  3055  3514 283109 
 725.25  3050  3441 291510 
 725.29  3045  3367 234064 
 725.33  3040  3294 189577 
 725.37  3035  3220 204305 
 725.41  3030  3147 182670 
 725.45  3025  3073 123996 
 725.5  3020  3000 75339 
 725.54  3015  2927 89350 
 725.58  3010  2854 72322 
 725.62  3005  2781 50065 
 725.66  3000  2708 40325 
 725.7  2995  2635 42509 
 725.74  2990  2562 34357 
 725.78  2985  2489 20343 
 725.82  2980  2416 21765 
 725.86  2975  2344 19178 
 725.9  2970  2271 11250 
 725.95  2965  2199 9917 
 725.99  2960  2126 9483 
 726.03  2955  2054 7185 
 726.07  2950  1981 5583 
 726.11  2945  1909 4802 
 726.15  2940  1837 4426 
 726.19  2935  1765 4156 
 726.23  2930  1693 3829 
 726.27  2925  1621 3664 
 726.31  2920  1549 3532 
 726.35  2915  1477 3439 
 726.4  2910  1405 3377 
 726.44  2905  1333 3280 
 726.48  2900  1261 3231 
end
uvIntegration time is 0.2294 seconds per sampledt  4.1E-08 cy 4dh250619Arenosillo 37.1 6.73 3.76pr1000dark 8 
 750.06  2900  1261 3250 
 750.1  2905  1333 3347 
 750.15  2910  1405 3411 
 750.19  2915  1477 3496 
 750.23  2920  1549 3611 
 750.27  2925  1621 3644 
 750.31  2930  1693 3896 
 750.34  2935  1765 4233 
 750.39  2940  1837 4504 
 750.43  2945  1909 4873 
 750.47  2950  1981 5854 
 750.51  2955  2054 7415 
 750.55  2960  2126 9788 
 750.6  2965  2199 10281 
 750.64  2970  2271 11578 
 750.68  2975  2344 20011 
 750.71  2980  2416 22304 
 750.75  2985  2489 21249 
 750.79  2990  2562 35596 
 750.84  2995  2635 43791 
 750.88  3000  2708 41555 
 750.92  3005  2781 51689 
 750.96  3010  2854 74731 
 751  3015  2927 91116 
 751.04  3020  3000 77778 
 751.09  3025  3073 128918 
 751.12  3030  3147 187566 
 751.16  3035  3220 207905 
 751.2  3040  3294 193602 
 751.24  3045  3367 238347 
 751.29  3050  3441 298088 
 751.33  3055  3514 288815 
 751.37  3060  3588 276281 
 751.41  3065  3662 308273 
 751.45  3070  3736 384358 
 751.49  3075  3810 421577 
 751.54  3080  3884 428456 
 751.57  3085  3958 459385 
 751.61  3090  4032 386834 
 751.65  3095  4106 403146 
 751.69  3100  4181 390816 
 751.74  3105  4255 585460 
 751.78  3110  4329 651981 
 751.82  3115  4404 607335 
 751.86  3120  4479 556338 
 751.9  3125  4553 609241 
 751.95  3130  4628 611803 
 751.98  3135  4703 611187 
 752.02  3140  4778 653220 
 752.06  3145  4853 544695 
 752.11  3150  4928 651074 
 752.15  3155  5003 548901 
 752.19  3160  5078 453020 
 752.23  3165  5153 571399 
 752.27  3170  5228 657405 
 752.32  3175  5304 641892 
 752.36  3180  5379 471302 
 752.4  3185  5455 528494 
 752.44  3190  5530 535866 
 752.48  3195  5606 466394 
 752.52  3200  5682 522243 
 752.56  3205  5758 547640 
 752.61  3210  5834 425623 
 752.64  3215  5910 391374 
 752.68  3220  5986 410728 
 752.73  3225  6062 324028 
 752.77  3230  6138 293383 
 752.81  3235  6214 300475 
 752.85  3240  6291 314651 
 752.89  3245  6367 295726 
 752.93  3250  6444 252471 
dark 4 
 753.07  3250  6444 252524 
 753.11  3245  6367 295873 
 753.15  3240  6291 314909 
 753.19  3235  6214 300049 
 753.23  3230  6138 292840 
 753.28  3225  6062 325334 
 753.31  3220  5986 411063 
 753.35  3215  5910 391365 
 753.39  3210  5834 426595 
 753.43  3205  5758 548449 
 753.48  3200  5682 522116 
 753.52  3195  5606 465937 
 753.56  3190  5530 538568 
 753.6  3185  5455 526911 
 753.64  3180  5379 471902 
 753.68  3175  5304 642782 
 753.73  3170  5228 656700 
 753.77  3165  5153 571195 
 753.81  3160  5078 451898 
 753.84  3155  5003 546541 
 753.88  3150  4928 650449 
 753.92  3145  4853 543576 
 753.97  3140  4778 655071 
 754.01  3135  4703 610044 
 754.05  3130  4628 611600 
 754.09  3125  4553 609529 
 754.13  3120  4479 555434 
 754.17  3115  4404 610749 
 754.22  3110  4329 652020 
 754.26  3105  4255 579212 
 754.29  3100  4181 389530 
 754.33  3095  4106 402304 
 754.37  3090  4032 388870 
 754.42  3085  3958 459140 
 754.46  3080  3884 428556 
 754.5  3075  3810 420785 
 754.54  3070  3736 384104 
 754.58  3065  3662 308129 
 754.62  3060  3588 275032 
 754.66  3055  3514 288426 
 754.7  3050  3441 295341 
 754.74  3045  3367 238135 
 754.78  3040  3294 193047 
 754.83  3035  3220 208787 
 754.87  3030  3147 185785 
 754.91  3025  3073 126948 
 754.95  3020  3000 77120 
 754.99  3015  2927 91824 
 755.03  3010  2854 74225 
 755.08  3005  2781 51520 
 755.11  3000  2708 41706 
 755.15  2995  2635 43849 
 755.19  2990  2562 35271 
 755.23  2985  2489 20976 
 755.28  2980  2416 22443 
 755.32  2975  2344 19806 
 755.36  2970  2271 11581 
 755.4  2965  2199 10299 
 755.44  2960  2126 9792 
 755.49  2955  2054 7466 
 755.53  2950  1981 5765 
 755.56  2945  1909 4932 
 755.6  2940  1837 4511 
 755.64  2935  1765 4169 
 755.68  2930  1693 3936 
 755.73  2925  1621 3640 
 755.77  2920  1549 3608 
 755.81  2915  1477 3429 
 755.85  2910  1405 3439 
 755.89  2905  1333 3370 
 755.93  2900  1261 3273 
end
uaIntegration time is 0.2294 seconds per sampledt  4.1E-08 cy 1dh250619Arenosillo 37.1 6.73 3.74pr1000dark 2.05 
 780.04  2900  1261 802.25 
 780.1  2905  1333 835.5 
 780.15  2910  1405 836.25 
 780.2  2915  1477 868.25 
 780.25  2920  1549 864.5 
 780.29  2925  1621 900.5 
 780.35  2930  1693 943.75 
 780.4  2935  1765 1021.5 
 780.45  2940  1837 1115.25 
 780.5  2945  1909 1228.5 
 780.55  2950  1981 1423.75 
 780.6  2955  2054 1817.5 
 780.65  2960  2126 2413.25 
 780.7  2965  2199 2496.25 
 780.75  2970  2271 2844.75 
 780.8  2975  2344 4870.5 
 780.85  2980  2416 5441 
 780.9  2985  2489 5242.25 
 780.95  2990  2562 8722.75 
 781  2995  2635 10705.75 
 781.06  3000  2708 10121 
 781.09  3005  2781 12761.75 
 781.15  3010  2854 18382.25 
 781.2  3015  2927 22254.75 
 781.25  3020  3000 19190.5 
 781.3  3025  3073 31702.5 
 781.35  3030  3147 45896 
 781.4  3035  3220 51024.5 
 781.45  3040  3294 47620 
 781.5  3045  3367 58520.5 
 781.55  3050  3441 73259.5 
 781.6  3055  3514 70349 
 781.65  3060  3588 68289.25 
 781.7  3065  3662 75902.5 
 781.75  3070  3736 95294.5 
 781.8  3075  3810 104016.3 
 781.86  3080  3884 105734 
 781.9  3085  3958 113330.8 
 781.94  3090  4032 95053 
 782  3095  4106 99369.5 
 782.05  3100  4181 96377 
 782.1  3105  4255 144008.8 
 782.15  3110  4329 160772.8 
 782.2  3115  4404 149967.8 
 782.25  3120  4479 137122 
 782.3  3125  4553 150448.8 
 782.35  3130  4628 150976 
 782.4  3135  4703 150937 
 782.45  3140  4778 161163.8 
 782.5  3145  4853 134553.3 
 782.55  3150  4928 160838 
 782.6  3155  5003 135091 
 782.65  3160  5078 111861 
 782.7  3165  5153 141225.5 
 782.75  3170  5228 162866.8 
 782.8  3175  5304 157864.5 
 782.85  3180  5379 116124.8 
 782.91  3185  5455 130690.5 
 782.95  3190  5530 132656.5 
 783  3195  5606 115063 
 783.05  3200  5682 128859.3 
 783.1  3205  5758 135232.8 
 783.15  3210  5834 104673.5 
 783.2  3215  5910 96758 
 783.25  3220  5986 101294 
 783.3  3225  6062 80113.5 
 783.35  3230  6138 72088.75 
 783.4  3235  6214 74279.75 
 783.45  3240  6291 77630.5 
 783.5  3245  6367 73224.75 
 783.55  3250  6444 62258 
end
uaIntegration time is 0.2294 seconds per sampledt  4.1E-08 cy 1dh250619Arenosillo 37.1 6.73 3.76pr1000dark 1.2 
 810.05  2900  1261 779.5 
 810.1  2905  1333 784.75 
 810.15  2910  1405 793 
 810.2  2915  1477 810.75 
 810.25  2920  1549 833 
 810.3  2925  1621 850.75 
 810.35  2930  1693 902.75 
 810.4  2935  1765 961.5 
 810.46  2940  1837 1021.75 
 810.5  2945  1909 1126.5 
 810.56  2950  1981 1308.5 
 810.6  2955  2054 1662.5 
 810.65  2960  2126 2147.25 
 810.7  2965  2199 2245 
 810.76  2970  2271 2585.5 
 810.8  2975  2344 4385.5 
 810.85  2980  2416 4874 
 810.9  2985  2489 4750.5 
 810.95  2990  2562 7841 
 811  2995  2635 9750.5 
 811.05  3000  2708 9289.5 
 811.1  3005  2781 11607.25 
 811.15  3010  2854 16762.5 
 811.2  3015  2927 20510.25 
 811.25  3020  3000 17633.75 
 811.31  3025  3073 29657 
 811.35  3030  3147 42940.75 
 811.4  3035  3220 47381.5 
 811.45  3040  3294 44569.25 
 811.5  3045  3367 55036.5 
 811.55  3050  3441 69203 
 811.61  3055  3514 65839 
 811.65  3060  3588 64637.75 
 811.7  3065  3662 71581 
 811.75  3070  3736 90437 
 811.8  3075  3810 99156.5 
 811.86  3080  3884 100636.3 
 811.9  3085  3958 107957.3 
 811.95  3090  4032 90663 
 812.01  3095  4106 94969.5 
 812.05  3100  4181 92198.5 
 812.1  3105  4255 138528.8 
 812.16  3110  4329 154770 
 812.2  3115  4404 143852.5 
 812.26  3120  4479 131718 
 812.3  3125  4553 144754.3 
 812.35  3130  4628 145578.5 
 812.41  3135  4703 145191 
 812.45  3140  4778 155682.3 
 812.5  3145  4853 129823 
 812.55  3150  4928 155533.3 
 812.6  3155  5003 130503.3 
 812.65  3160  5078 107879.8 
 812.71  3165  5153 136491.3 
 812.75  3170  5228 157550.5 
 812.8  3175  5304 152855.8 
 812.85  3180  5379 112498.3 
 812.9  3185  5455 126508 
 812.96  3190  5530 128344.5 
 813  3195  5606 111709 
 813.05  3200  5682 124761.3 
 813.1  3205  5758 131253.8 
 813.15  3210  5834 101334.5 
 813.21  3215  5910 93648.25 
 813.26  3220  5986 98088 
 813.3  3225  6062 77412.75 
 813.35  3230  6138 69937.25 
 813.4  3235  6214 71855.75 
 813.46  3240  6291 75205.75 
 813.5  3245  6367 70911.5 
 813.55  3250  6444 60272.25 
end
uaIntegration time is 0.2294 seconds per sampledt  4.1E-08 cy 1dh250619Arenosillo 37.1 6.73 3.76pr1000dark 1.4 
 840.04  2900  1261 723.25 
 840.09  2905  1333 741 
 840.14  2910  1405 752.25 
 840.19  2915  1477 754 
 840.24  2920  1549 781.5 
 840.29  2925  1621 801 
 840.34  2930  1693 833.5 
 840.4  2935  1765 870.75 
 840.44  2940  1837 939.25 
 840.49  2945  1909 1001.25 
 840.54  2950  1981 1152.5 
 840.59  2955  2054 1426 
 840.64  2960  2126 1861 
 840.69  2965  2199 1903.5 
 840.74  2970  2271 2189.5 
 840.79  2975  2344 3642 
 840.84  2980  2416 4117.75 
 840.89  2985  2489 4022 
 840.94  2990  2562 6638.75 
 840.99  2995  2635 8308 
 841.04  3000  2708 7930 
 841.09  3005  2781 9929.75 
 841.14  3010  2854 14433 
 841.19  3015  2927 17982.75 
 841.24  3020  3000 15324 
 841.29  3025  3073 25789.75 
 841.35  3030  3147 37850.5 
 841.39  3035  3220 42339.25 
 841.44  3040  3294 39643.25 
 841.49  3045  3367 49270.75 
 841.54  3050  3441 62117.75 
 841.59  3055  3514 60245.25 
 841.64  3060  3588 58127.25 
 841.69  3065  3662 65076 
 841.74  3070  3736 82807.5 
 841.79  3075  3810 91056.75 
 841.85  3080  3884 92466.75 
 841.89  3085  3958 99524.75 
 841.94  3090  4032 83770.75 
 841.99  3095  4106 88167.75 
 842.04  3100  4181 85522.5 
 842.09  3105  4255 129070.8 
 842.14  3110  4329 144430.8 
 842.19  3115  4404 134480.8 
 842.24  3120  4479 123490.8 
 842.29  3125  4553 136327.8 
 842.35  3130  4628 136826.5 
 842.39  3135  4703 136749.8 
 842.44  3140  4778 145840.3 
 842.49  3145  4853 122942.8 
 842.54  3150  4928 146810 
 842.59  3155  5003 121875.5 
 842.64  3160  5078 102210.5 
 842.69  3165  5153 129743.8 
 842.74  3170  5228 149260.8 
 842.8  3175  5304 144766.8 
 842.84  3180  5379 106436.3 
 842.89  3185  5455 119854 
 842.94  3190  5530 121971.8 
 842.99  3195  5606 105598.5 
 843.04  3200  5682 118387.8 
 843.09  3205  5758 124423.8 
 843.14  3210  5834 96081.5 
 843.19  3215  5910 89131.25 
 843.24  3220  5986 92968.5 
 843.3  3225  6062 73004 
 843.34  3230  6138 66607 
 843.39  3235  6214 68224.25 
 843.44  3240  6291 71496 
 843.49  3245  6367 67334.25 
 843.54  3250  6444 57132.75 
end
uaIntegration time is 0.2294 seconds per sampledt  4.1E-08 cy 1dh250619Arenosillo 37.1 6.73 3.76pr1000dark 2.45 
 870.05  2900  1261 645.5 
 870.1  2905  1333 646.5 
 870.15  2910  1405 682 
 870.21  2915  1477 702.5 
 870.25  2920  1549 695 
 870.3  2925  1621 716.5 
 870.35  2930  1693 735.5 
 870.4  2935  1765 772 
 870.46  2940  1837 809.75 
 870.5  2945  1909 859.75 
 870.55  2950  1981 966.25 
 870.6  2955  2054 1169.75 
 870.65  2960  2126 1451.5 
 870.71  2965  2199 1523 
 870.75  2970  2271 1748 
 870.8  2975  2344 2881 
 870.85  2980  2416 3214.25 
 870.9  2985  2489 3188.75 
 870.95  2990  2562 5282.75 
 871.01  2995  2635 6664 
 871.05  3000  2708 6380 
 871.1  3005  2781 8090.75 
 871.15  3010  2854 11988.75 
 871.2  3015  2927 14738.75 
 871.26  3020  3000 12888.5 
 871.3  3025  3073 21799.75 
 871.35  3030  3147 32234 
 871.4  3035  3220 35919.5 
 871.45  3040  3294 33856.25 
 871.5  3045  3367 42368.5 
 871.56  3050  3441 54477.25 
 871.6  3055  3514 51826.5 
 871.66  3060  3588 51380.5 
 871.7  3065  3662 57140.5 
 871.75  3070  3736 72748.25 
 871.81  3075  3810 80710 
 871.85  3080  3884 82355.5 
 871.9  3085  3958 88713 
 871.95  3090  4032 74863.75 
 872  3095  4106 79105.75 
 872.06  3100  4181 77017 
 872.1  3105  4255 117526.5 
 872.15  3110  4329 131198 
 872.2  3115  4404 122542.3 
 872.25  3120  4479 112570.5 
 872.3  3125  4553 124571.3 
 872.35  3130  4628 125210.5 
 872.4  3135  4703 125403 
 872.45  3140  4778 134406.5 
 872.5  3145  4853 112863.8 
 872.55  3150  4928 135411.5 
 872.61  3155  5003 112390 
 872.65  3160  5078 93798.75 
 872.71  3165  5153 119672.5 
 872.75  3170  5228 137934 
 872.8  3175  5304 134517.5 
 872.85  3180  5379 98574.75 
 872.91  3185  5455 111177.3 
 872.95  3190  5530 113214.8 
 873  3195  5606 97729.25 
 873.05  3200  5682 109615.8 
 873.1  3205  5758 115739.5 
 873.15  3210  5834 89850.25 
 873.21  3215  5910 82891.5 
 873.25  3220  5986 86251.75 
 873.3  3225  6062 67842.5 
 873.35  3230  6138 61586 
 873.4  3235  6214 63487.25 
 873.45  3240  6291 66664.25 
 873.51  3245  6367 62401.5 
 873.55  3250  6444 52998.75 
end
uaIntegration time is 0.2294 seconds per sampledt  4.1E-08 cy 1dh250619Arenosillo 37.1 6.73 3.74pr1000dark 1.1 
 900.05  2900  1261 565.75 
 900.1  2905  1333 583.75 
 900.15  2910  1405 602.25 
 900.21  2915  1477 604.5 
 900.25  2920  1549 605.75 
 900.3  2925  1621 618.25 
 900.35  2930  1693 638 
 900.4  2935  1765 661.25 
 900.46  2940  1837 679.5 
 900.5  2945  1909 712.75 
 900.56  2950  1981 800 
 900.6  2955  2054 910.25 
 900.65  2960  2126 1093.75 
 900.71  2965  2199 1158 
 900.75  2970  2271 1311.5 
 900.81  2975  2344 2084.5 
 900.85  2980  2416 2355 
 900.91  2985  2489 2364.5 
 900.95  2990  2562 3886.5 
 901  2995  2635 4959.25 
 901.05  3000  2708 4788 
 901.1  3005  2781 6183.75 
 901.16  3010  2854 9107.5 
 901.2  3015  2927 11311.5 
 901.25  3020  3000 9891.75 
 901.3  3025  3073 17096.25 
 901.35  3030  3147 25444.75 
 901.4  3035  3220 28676.25 
 901.46  3040  3294 27137 
 901.5  3045  3367 34121.25 
 901.55  3050  3441 44114.75 
 901.6  3055  3514 43346.25 
 901.65  3060  3588 42184.75 
 901.71  3065  3662 47556.25 
 901.75  3070  3736 61381 
 901.8  3075  3810 68747.75 
 901.86  3080  3884 70122.75 
 901.9  3085  3958 75895.75 
 901.95  3090  4032 63979 
 902  3095  4106 68341 
 902.05  3100  4181 66787.25 
 902.1  3105  4255 101870.5 
 902.15  3110  4329 114913.3 
 902.2  3115  4404 107399.3 
 902.26  3120  4479 99278.5 
 902.31  3125  4553 110315 
 902.35  3130  4628 111131.5 
 902.4  3135  4703 110894.3 
 902.45  3140  4778 119601 
 902.51  3145  4853 100655.8 
 902.55  3150  4928 121349.3 
 902.6  3155  5003 100298.3 
 902.65  3160  5078 83910 
 902.7  3165  5153 107711.8 
 902.76  3170  5228 124495.5 
 902.8  3175  5304 120201.8 
 902.85  3180  5379 88132.5 
 902.9  3185  5455 100837 
 902.96  3190  5530 102139.3 
 903  3195  5606 88280.25 
 903.05  3200  5682 98913 
 903.1  3205  5758 104695.3 
 903.15  3210  5834 80734.75 
 903.2  3215  5910 75232.75 
 903.26  3220  5986 77950.25 
 903.31  3225  6062 60981.75 
 903.36  3230  6138 55861.5 
 903.4  3235  6214 57658.25 
 903.46  3240  6291 60467.75 
 903.5  3245  6367 56618.75 
 903.55  3250  6444 48004.75 
end
uaIntegration time is 0.2294 seconds per sampledt  4.1E-08 cy 1dh250619Arenosillo 37.1 6.73 3.74pr1000dark 1.05 
 930.05  2900  1261 488.25 
 930.1  2905  1333 498.75 
 930.16  2910  1405 496.5 
 930.21  2915  1477 511 
 930.26  2920  1549 521.75 
 930.3  2925  1621 515.5 
 930.35  2930  1693 534.25 
 930.4  2935  1765 541.75 
 930.46  2940  1837 560 
 930.5  2945  1909 573.75 
 930.55  2950  1981 619.75 
 930.6  2955  2054 689.5 
 930.65  2960  2126 784.5 
 930.7  2965  2199 837.75 
 930.76  2970  2271 926.25 
 930.81  2975  2344 1397.25 
 930.85  2980  2416 1583.25 
 930.91  2985  2489 1599.75 
 930.96  2990  2562 2573.75 
 931.01  2995  2635 3315.75 
 931.06  3000  2708 3282 
 931.1  3005  2781 4271.75 
 931.15  3010  2854 6456.75 
 931.2  3015  2927 7967 
 931.25  3020  3000 7182.5 
 931.31  3025  3073 12359 
 931.35  3030  3147 18695 
 931.41  3035  3220 21302.25 
 931.46  3040  3294 20333.5 
 931.5  3045  3367 25827.75 
 931.55  3050  3441 34271.25 
 931.61  3055  3514 33489.5 
 931.65  3060  3588 32794.75 
 931.71  3065  3662 37255.75 
 931.75  3070  3736 49244.75 
 931.8  3075  3810 55211.5 
 931.86  3080  3884 56604.25 
 931.91  3085  3958 61595 
 931.96  3090  4032 52136.75 
 932.01  3095  4106 56563 
 932.05  3100  4181 55482.25 
 932.11  3105  4255 85550.5 
 932.15  3110  4329 96628 
 932.2  3115  4404 90193.75 
 932.25  3120  4479 84129.75 
 932.3  3125  4553 93881 
 932.36  3130  4628 94666.25 
 932.41  3135  4703 94404 
 932.46  3140  4778 102951 
 932.51  3145  4853 86869.25 
 932.55  3150  4928 104954.8 
 932.6  3155  5003 86864.25 
 932.66  3160  5078 72538.75 
 932.71  3165  5153 93474.5 
 932.75  3170  5228 108294.5 
 932.8  3175  5304 105189.5 
 932.85  3180  5379 76915 
 932.91  3185  5455 88069 
 932.96  3190  5530 89688.75 
 933.01  3195  5606 77149.5 
 933.06  3200  5682 86427.75 
 933.11  3205  5758 91917.75 
 933.16  3210  5834 71441.5 
 933.21  3215  5910 66072.75 
 933.25  3220  5986 68381.5 
 933.3  3225  6062 53540 
 933.35  3230  6138 48998.75 
 933.41  3235  6214 50829.5 
 933.46  3240  6291 53275.75 
 933.51  3245  6367 49774 
 933.56  3250  6444 42076.5 
end
uaIntegration time is 0.2294 seconds per sampledt  4.1E-08 cy 1dh250619Arenosillo 37.1 6.73 3.72pr1000dark .9 
 960.04  2900  1261 402.25 
 960.09  2905  1333 400.25 
 960.14  2910  1405 402.25 
 960.19  2915  1477 408.25 
 960.24  2920  1549 423.25 
 960.29  2925  1621 417.25 
 960.34  2930  1693 421.5 
 960.39  2935  1765 436.5 
 960.45  2940  1837 448 
 960.49  2945  1909 452 
 960.54  2950  1981 470.75 
 960.59  2955  2054 508.25 
 960.64  2960  2126 556 
 960.69  2965  2199 581.25 
 960.74  2970  2271 641 
 960.79  2975  2344 866.5 
 960.84  2980  2416 976 
 960.88  2985  2489 2097 
 960.94  2990  2562 1532.75 
 960.99  2995  2635 2025.25 
 961.04  3000  2708 2038 
 961.09  3005  2781 2607.75 
 961.14  3010  2854 3981.5 
 961.19  3015  2927 5082.25 
 961.24  3020  3000 4624.5 
 961.29  3025  3073 8086.75 
 961.34  3030  3147 12531 
 961.39  3035  3220 14367.25 
 961.45  3040  3294 13891.25 
 961.49  3045  3367 18014.75 
 961.54  3050  3441 24239.75 
 961.59  3055  3514 23905.75 
 961.64  3060  3588 23827.75 
 961.69  3065  3662 27298.75 
 961.74  3070  3736 36484.25 
 961.79  3075  3810 41641.75 
 961.84  3080  3884 42872 
 961.89  3085  3958 47019.5 
 961.94  3090  4032 40012 
 961.99  3095  4106 43950.5 
 962.04  3100  4181 43550.25 
 962.09  3105  4255 67677.75 
 962.14  3110  4329 76784 
 962.19  3115  4404 72122.75 
 962.24  3120  4479 67773.75 
 962.29  3125  4553 76311.75 
 962.34  3130  4628 77431.25 
 962.4  3135  4703 77154 
 962.44  3140  4778 84279.5 
 962.49  3145  4853 71703.5 
 962.54  3150  4928 87096.5 
 962.59  3155  5003 71374.5 
 962.64  3160  5078 60339 
 962.69  3165  5153 78514.75 
 962.74  3170  5228 90918.25 
 962.79  3175  5304 87764.75 
 962.84  3180  5379 64431 
 962.9  3185  5455 74759.25 
 962.94  3190  5530 75698.75 
 962.99  3195  5606 65092.5 
 963.04  3200  5682 72946.75 
 963.09  3205  5758 78230.5 
 963.14  3210  5834 61056 
 963.19  3215  5910 56226.5 
 963.24  3220  5986 57940.25 
 963.29  3225  6062 45418.5 
 963.34  3230  6138 41543 
 963.39  3235  6214 43515.75 
 963.44  3240  6291 45726.75 
 963.49  3245  6367 42606.5 
 963.54  3250  6444 35913 
end
uaIntegration time is 0.2294 seconds per sampledt  4.1E-08 cy 1dh250619Arenosillo 37.1 6.73 3.68pr1000dark 1.05 
 990.05  2900  1261 304 
 990.1  2905  1333 309.5 
 990.15  2910  1405 313.5 
 990.23  2915  1477 318.5 
 990.27  2920  1549 324.75 
 990.31  2925  1621 330 
 990.35  2930  1693 338.25 
 990.4  2935  1765 337 
 990.45  2940  1837 339.75 
 990.51  2945  1909 344 
 990.55  2950  1981 361.75 
 990.6  2955  2054 367.25 
 990.65  2960  2126 379.5 
 990.7  2965  2199 387.75 
 990.75  2970  2271 420.75 
 990.81  2975  2344 518 
 990.85  2980  2416 566.5 
 990.9  2985  2489 587 
 990.95  2990  2562 846.75 
 991  2995  2635 1075.25 
 991.06  3000  2708 1124 
 991.1  3005  2781 1442 
 991.15  3010  2854 2167.25 
 991.21  3015  2927 2804.5 
 991.25  3020  3000 2629 
 991.3  3025  3073 4612.75 
 991.36  3030  3147 7281 
 991.4  3035  3220 8564.25 
 991.45  3040  3294 8392.5 
 991.5  3045  3367 11093.25 
 991.55  3050  3441 15481 
 991.6  3055  3514 15463.5 
 991.65  3060  3588 15569 
 991.7  3065  3662 17921 
 991.75  3070  3736 24596.25 
 991.8  3075  3810 28590 
 991.85  3080  3884 29763.75 
 991.9  3085  3958 32766.25 
 991.96  3090  4032 28397.75 
 992  3095  4106 31657.75 
 992.05  3100  4181 31568.5 
 992.1  3105  4255 49217 
 992.15  3110  4329 56852.5 
 992.2  3115  4404 53723.5 
 992.26  3120  4479 51045.75 
 992.3  3125  4553 58188.5 
 992.35  3130  4628 59146.5 
 992.41  3135  4703 58807.5 
 992.46  3140  4778 65192.25 
 992.5  3145  4853 56054.25 
 992.55  3150  4928 68288.75 
 992.6  3155  5003 55604.25 
 992.65  3160  5078 47554 
 992.7  3165  5153 62422.25 
 992.75  3170  5228 72381.5 
 992.81  3175  5304 70164.25 
 992.85  3180  5379 51717 
 992.9  3185  5455 60084.25 
 992.95  3190  5530 61825.75 
 993  3195  5606 52238 
 993.06  3200  5682 58700.25 
 993.1  3205  5758 63735.5 
 993.15  3210  5834 50126 
 993.2  3215  5910 46048.75 
 993.25  3220  5986 47000.25 
 993.3  3225  6062 37081.75 
 993.36  3230  6138 33869.25 
 993.4  3235  6214 35757.5 
 993.45  3240  6291 37664.75 
 993.5  3245  6367 35012 
 993.55  3250  6444 29304.75 
end
uaIntegration time is 0.2294 seconds per sampledt  4.1E-08 cy 1dh250619Arenosillo 37.1 6.73 3.66pr1000dark 1.15 
 1020.04  2900  1261 214.75 
 1020.1  2905  1333 225.75 
 1020.14  2910  1405 227.5 
 1020.2  2915  1477 234 
 1020.25  2920  1549 235 
 1020.3  2925  1621 232.5 
 1020.35  2930  1693 234.25 
 1020.4  2935  1765 241.75 
 1020.45  2940  1837 241 
 1020.5  2945  1909 250.5 
 1020.55  2950  1981 254.75 
 1020.59  2955  2054 257.5 
 1020.65  2960  2126 272 
 1020.7  2965  2199 275.75 
 1020.75  2970  2271 272.75 
 1020.8  2975  2344 298.75 
 1020.85  2980  2416 322.25 
 1020.9  2985  2489 335.75 
 1020.95  2990  2562 421.5 
 1021  2995  2635 525.25 
 1021.05  3000  2708 540 
 1021.09  3005  2781 678.5 
 1021.15  3010  2854 1023 
 1021.2  3015  2927 1312 
 1021.24  3020  3000 1273.5 
 1021.3  3025  3073 2250.5 
 1021.35  3030  3147 3614 
 1021.4  3035  3220 4329 
 1021.45  3040  3294 4336.5 
 1021.5  3045  3367 5814.25 
 1021.55  3050  3441 8407 
 1021.6  3055  3514 8771 
 1021.65  3060  3588 8776.25 
 1021.7  3065  3662 10390.5 
 1021.75  3070  3736 14729 
 1021.8  3075  3810 17538 
 1021.85  3080  3884 18365 
 1021.89  3085  3958 20537.25 
 1021.95  3090  4032 17958.25 
 1022  3095  4106 20732.5 
 1022.05  3100  4181 20942.25 
 1022.09  3105  4255 32975.25 
 1022.15  3110  4329 38399.75 
 1022.2  3115  4404 36431.75 
 1022.26  3120  4479 35411 
 1022.29  3125  4553 40904.25 
 1022.35  3130  4628 41871.25 
 1022.4  3135  4703 41576.5 
 1022.44  3140  4778 46737 
 1022.5  3145  4853 40769.5 
 1022.55  3150  4928 49933.5 
 1022.6  3155  5003 40217.75 
 1022.65  3160  5078 34940 
 1022.7  3165  5153 46522 
 1022.76  3170  5228 54136.75 
 1022.8  3175  5304 52132 
 1022.85  3180  5379 38730 
 1022.9  3185  5455 45720.5 
 1022.95  3190  5530 47210 
 1023  3195  5606 39675.75 
 1023.05  3200  5682 44530.5 
 1023.1  3205  5758 48745.75 
 1023.15  3210  5834 38933 
 1023.19  3215  5910 35703.5 
 1023.25  3220  5986 35969.75 
 1023.31  3225  6062 28251.75 
 1023.34  3230  6138 26205.5 
 1023.4  3235  6214 27965.25 
 1023.45  3240  6291 29536 
 1023.5  3245  6367 27229.5 
 1023.55  3250  6444 22711 
end
uaIntegration time is 0.2294 seconds per sampledt  4.1E-08 cy 1dh250619Arenosillo 37.1 6.73 3.62pr1000dark .85 
 1050.04  2900  1261 148 
 1050.1  2905  1333 151.25 
 1050.15  2910  1405 156.5 
 1050.2  2915  1477 151 
 1050.25  2920  1549 150 
 1050.3  2925  1621 153 
 1050.36  2930  1693 169.5 
 1050.4  2935  1765 159.5 
 1050.45  2940  1837 167.25 
 1050.5  2945  1909 170.75 
 1050.55  2950  1981 169.75 
 1050.6  2955  2054 165.25 
 1050.64  2960  2126 168.25 
 1050.7  2965  2199 173.25 
 1050.75  2970  2271 173.5 
 1050.8  2975  2344 175.5 
 1050.85  2980  2416 191.75 
 1050.9  2985  2489 198.75 
 1050.95  2990  2562 219.75 
 1051.01  2995  2635 245.25 
 1051.05  3000  2708 246.75 
 1051.1  3005  2781 302 
 1051.15  3010  2854 408 
 1051.2  3015  2927 535 
 1051.25  3020  3000 521.5 
 1051.3  3025  3073 887.25 
 1051.35  3030  3147 1427.5 
 1051.4  3035  3220 1787.75 
 1051.45  3040  3294 1812 
 1051.5  3045  3367 2517 
 1051.55  3050  3441 3807.5 
 1051.6  3055  3514 4057.25 
 1051.65  3060  3588 4090 
 1051.7  3065  3662 5029.5 
 1051.75  3070  3736 7429 
 1051.79  3075  3810 9069.75 
 1051.85  3080  3884 9636.5 
 1051.9  3085  3958 10920.25 
 1051.95  3090  4032 9775.5 
 1052  3095  4106 11718.25 
 1052.05  3100  4181 12072 
 1052.1  3105  4255 19317.5 
 1052.15  3110  4329 22631 
 1052.2  3115  4404 21806.75 
 1052.25  3120  4479 21726.25 
 1052.3  3125  4553 25639.5 
 1052.35  3130  4628 26355.25 
 1052.4  3135  4703 26246.75 
 1052.45  3140  4778 29861 
 1052.5  3145  4853 26945.25 
 1052.55  3150  4928 33085.25 
 1052.6  3155  5003 26493.75 
 1052.65  3160  5078 23459.75 
 1052.71  3165  5153 31689 
 1052.75  3170  5228 36905 
 1052.8  3175  5304 35375.75 
 1052.85  3180  5379 26565.25 
 1052.9  3185  5455 32113.75 
 1052.95  3190  5530 33586 
 1053  3195  5606 27669.5 
 1053.05  3200  5682 30980.75 
 1053.1  3205  5758 34727.75 
 1053.15  3210  5834 28085 
 1053.2  3215  5910 25606.25 
 1053.25  3220  5986 25789.75 
 1053.3  3225  6062 20157.5 
 1053.35  3230  6138 18876.25 
 1053.4  3235  6214 20399 
 1053.45  3240  6291 21632.75 
 1053.5  3245  6367 19891.25 
 1053.55  3250  6444 16398 
end
uaIntegration time is 0.2294 seconds per sampledt  4.1E-08 cy 1dh250619Arenosillo 37.1 6.73 3.6pr1000dark .65 
 1080.04  2900  1261 86.75 
 1080.09  2905  1333 93.75 
 1080.14  2910  1405 90.75 
 1080.19  2915  1477 89.25 
 1080.24  2920  1549 94.75 
 1080.29  2925  1621 102.5 
 1080.34  2930  1693 90.5 
 1080.4  2935  1765 106 
 1080.44  2940  1837 100.5 
 1080.49  2945  1909 101 
 1080.54  2950  1981 103.25 
 1080.59  2955  2054 104.5 
 1080.64  2960  2126 102.25 
 1080.69  2965  2199 102.5 
 1080.74  2970  2271 103 
 1080.79  2975  2344 108.5 
 1080.84  2980  2416 110 
 1080.9  2985  2489 113 
 1080.94  2990  2562 113.75 
 1080.99  2995  2635 123.25 
 1081.04  3000  2708 126.5 
 1081.09  3005  2781 134.5 
 1081.14  3010  2854 167.25 
 1081.19  3015  2927 195.75 
 1081.24  3020  3000 206.25 
 1081.29  3025  3073 305.5 
 1081.34  3030  3147 478.5 
 1081.4  3035  3220 573.25 
 1081.44  3040  3294 603.25 
 1081.49  3045  3367 854.5 
 1081.54  3050  3441 1321.5 
 1081.59  3055  3514 1424.25 
 1081.64  3060  3588 1542.5 
 1081.69  3065  3662 1886.75 
 1081.74  3070  3736 2932.5 
 1081.79  3075  3810 3748 
 1081.84  3080  3884 4027.5 
 1081.9  3085  3958 4668.25 
 1081.94  3090  4032 4265.25 
 1081.99  3095  4106 5406.5 
 1082.04  3100  4181 5693.75 
 1082.09  3105  4255 9258.25 
 1082.14  3110  4329 10999.75 
 1082.19  3115  4404 10804.25 
 1082.24  3120  4479 11229.25 
 1082.29  3125  4553 13524 
 1082.34  3130  4628 14195.5 
 1082.4  3135  4703 13963.25 
 1082.44  3140  4778 16454 
 1082.49  3145  4853 15437 
 1082.54  3150  4928 18987.75 
 1082.59  3155  5003 15127 
 1082.64  3160  5078 13804.5 
 1082.69  3165  5153 19059.25 
 1082.74  3170  5228 22199 
 1082.79  3175  5304 21084 
 1082.84  3180  5379 16142 
 1082.9  3185  5455 20125.25 
 1082.94  3190  5530 21166 
 1082.99  3195  5606 17235 
 1083.04  3200  5682 19348.75 
 1083.09  3205  5758 22080 
 1083.14  3210  5834 18091 
 1083.19  3215  5910 16856.25 
 1083.24  3220  5986 16284.5 
 1083.29  3225  6062 12750.25 
 1083.34  3230  6138 12335.25 
 1083.4  3235  6214 13691.5 
 1083.44  3240  6291 14476.5 
 1083.49  3245  6367 13091.5 
 1083.54  3250  6444 10746.75 
end
uaIntegration time is 0.2294 seconds per sampledt  4.1E-08 cy 1dh250619Arenosillo 37.1 6.73 3.54pr1000dark .75 
 1110.04  2900  1261 44 
 1110.1  2905  1333 47.5 
 1110.15  2910  1405 48.75 
 1110.2  2915  1477 47.25 
 1110.24  2920  1549 49.5 
 1110.29  2925  1621 49 
 1110.34  2930  1693 50.5 
 1110.39  2935  1765 49 
 1110.44  2940  1837 51.25 
 1110.5  2945  1909 51.5 
 1110.54  2950  1981 52.5 
 1110.59  2955  2054 53.75 
 1110.65  2960  2126 53.25 
 1110.7  2965  2199 49.5 
 1110.75  2970  2271 54.5 
 1110.8  2975  2344 56 
 1110.84  2980  2416 57 
 1110.89  2985  2489 62.25 
 1110.94  2990  2562 55.5 
 1110.99  2995  2635 65 
 1111.04  3000  2708 61.75 
 1111.1  3005  2781 63.25 
 1111.15  3010  2854 77.75 
 1111.2  3015  2927 81.75 
 1111.25  3020  3000 79.5 
 1111.3  3025  3073 109 
 1111.34  3030  3147 159 
 1111.4  3035  3220 174.25 
 1111.45  3040  3294 185.25 
 1111.49  3045  3367 244.75 
 1111.54  3050  3441 362.5 
 1111.59  3055  3514 397 
 1111.65  3060  3588 427.75 
 1111.7  3065  3662 533.25 
 1111.75  3070  3736 840 
 1111.8  3075  3810 1117.5 
 1111.85  3080  3884 1203.75 
 1111.89  3085  3958 1422 
 1111.95  3090  4032 1340.25 
 1112  3095  4106 1848 
 1112.04  3100  4181 1985 
 1112.09  3105  4255 3279 
 1112.14  3110  4329 3989.75 
 1112.2  3115  4404 3980 
 1112.25  3120  4479 4392.25 
 1112.29  3125  4553 5490.5 
 1112.35  3130  4628 5822.25 
 1112.39  3135  4703 5756.75 
 1112.45  3140  4778 7060 
 1112.5  3145  4853 6937 
 1112.55  3150  4928 8703.25 
 1112.59  3155  5003 6843.25 
 1112.64  3160  5078 6514.5 
 1112.69  3165  5153 9296 
 1112.74  3170  5228 10898.5 
 1112.8  3175  5304 10251.25 
 1112.85  3180  5379 8102.25 
 1112.9  3185  5455 10622.25 
 1112.95  3190  5530 11268.75 
 1113  3195  5606 8934.75 
 1113.05  3200  5682 10004 
 1113.1  3205  5758 11936 
 1113.14  3210  5834 10142 
 1113.19  3215  5910 9434.25 
 1113.24  3220  5986 8897 
 1113.29  3225  6062 6974.5 
 1113.35  3230  6138 6891.75 
 1113.4  3235  6214 7906.75 
 1113.45  3240  6291 8497 
 1113.5  3245  6367 7595.5 
 1113.55  3250  6444 6025 
end
uaIntegration time is 0.2294 seconds per sampledt  4.1E-08 cy 1dh250619Arenosillo 37.1 6.73 3.5pr1000dark .6 
 1140.04  2900  1261 20.5 
 1140.1  2905  1333 17.5 
 1140.15  2910  1405 18.5 
 1140.21  2915  1477 20.5 
 1140.25  2920  1549 18.25 
 1140.3  2925  1621 20.5 
 1140.35  2930  1693 19.75 
 1140.4  2935  1765 20.75 
 1140.44  2940  1837 20.5 
 1140.5  2945  1909 20.75 
 1140.54  2950  1981 21.25 
 1140.6  2955  2054 20 
 1140.65  2960  2126 23.25 
 1140.7  2965  2199 23.5 
 1140.75  2970  2271 22 
 1140.8  2975  2344 21.5 
 1140.85  2980  2416 22 
 1140.9  2985  2489 23 
 1140.95  2990  2562 23.5 
 1140.99  2995  2635 25 
 1141.05  3000  2708 30.75 
 1141.1  3005  2781 28 
 1141.15  3010  2854 30.25 
 1141.2  3015  2927 34.5 
 1141.25  3020  3000 33.25 
 1141.3  3025  3073 44.5 
 1141.35  3030  3147 62.5 
 1141.4  3035  3220 69.25 
 1141.45  3040  3294 70.25 
 1141.49  3045  3367 86 
 1141.55  3050  3441 118 
 1141.6  3055  3514 119.75 
 1141.65  3060  3588 125.75 
 1141.7  3065  3662 140.25 
 1141.75  3070  3736 213.75 
 1141.8  3075  3810 265.5 
 1141.85  3080  3884 290.75 
 1141.9  3085  3958 333.5 
 1141.95  3090  4032 307.75 
 1142  3095  4106 429.5 
 1142.05  3100  4181 465.75 
 1142.1  3105  4255 771.25 
 1142.15  3110  4329 939.75 
 1142.2  3115  4404 955.5 
 1142.25  3120  4479 1088.25 
 1142.3  3125  4553 1443.75 
 1142.35  3130  4628 1544 
 1142.4  3135  4703 1525.25 
 1142.45  3140  4778 1947.75 
 1142.5  3145  4853 2077.75 
 1142.55  3150  4928 2616 
 1142.61  3155  5003 2021.75 
 1142.65  3160  5078 2050.5 
 1142.7  3165  5153 3071 
 1142.74  3170  5228 3596.5 
 1142.8  3175  5304 3369.25 
 1142.85  3180  5379 2767 
 1142.9  3185  5455 3938.5 
 1142.95  3190  5530 4313 
 1143  3195  5606 3283.5 
 1143.05  3200  5682 3661.25 
 1143.1  3205  5758 4690.75 
 1143.15  3210  5834 4252.25 
 1143.2  3215  5910 4001.75 
 1143.24  3220  5986 3521.75 
 1143.3  3225  6062 2740.5 
 1143.35  3230  6138 2886.5 
 1143.4  3235  6214 3583 
 1143.45  3240  6291 3821.5 
 1143.5  3245  6367 3360.75 
 1143.55  3250  6444 2555.5 
end
