uaIntegration time is 0.2294 seconds per sampledt  3.3E-08 cy 1dh270619El Arenosillo 37.1 6.73 2.804185pr1000dark .3 
 390.03  2900  777 4.5 
 390.09  2905  842 4.5 
 390.14  2910  907 3.5 
 390.19  2915  972 4.5 
 390.25  2920  1037 3.75 
 390.29  2925  1102 3 
 390.34  2930  1168 4.75 
 390.39  2935  1233 4.5 
 390.44  2940  1299 4.25 
 390.49  2945  1365 4.75 
 390.54  2950  1431 5 
 390.59  2955  1497 4.5 
 390.64  2960  1563 4.75 
 390.69  2965  1629 5 
 390.74  2970  1695 4.5 
 390.79  2975  1761 5 
 390.84  2980  1828 6 
 390.9  2985  1894 6.25 
 390.94  2990  1961 5.75 
 390.99  2995  2028 7.25 
 391.04  3000  2095 7.75 
 391.09  3005  2162 8.75 
 391.14  3010  2229 12.25 
 391.19  3015  2296 14.5 
 391.24  3020  2364 15.5 
 391.3  3025  2431 23.25 
 391.34  3030  2499 35.25 
 391.39  3035  2566 47 
 391.44  3040  2634 52.25 
 391.49  3045  2702 69.5 
 391.54  3050  2770 113.5 
 391.59  3055  2838 131.25 
 391.64  3060  2906 133.75 
 391.7  3065  2975 184.25 
 391.74  3070  3043 296.5 
 391.79  3075  3112 402.75 
 391.84  3080  3180 456 
 391.89  3085  3249 544.5 
 391.94  3090  3318 535.25 
 391.99  3095  3387 706.5 
 392.04  3100  3456 784.25 
 392.1  3105  3525 1250.5 
 392.14  3110  3594 1650.75 
 392.19  3115  3664 1690.25 
 392.24  3120  3733 1812.25 
 392.29  3125  3803 2295.75 
 392.34  3130  3873 2540.5 
 392.39  3135  3943 2488.75 
 392.44  3140  4013 3121.5 
 392.5  3145  4083 2993.5 
 392.54  3150  4153 3863.5 
 392.59  3155  4223 3242 
 392.64  3160  4294 2881.25 
 392.69  3165  4364 4143.75 
 392.74  3170  4435 4975.75 
 392.79  3175  4506 4938.5 
 392.85  3180  4576 3865.75 
 392.89  3185  4647 4749.5 
 392.94  3190  4718 5516 
 392.99  3195  4790 4357.75 
 393.04  3200  4861 4856.75 
 393.09  3205  4932 5784 
 393.14  3210  5004 5161.5 
 393.19  3215  5076 4609 
 393.24  3220  5147 4579.75 
 393.29  3225  5219 3665.75 
 393.34  3230  5291 3481.5 
 393.39  3235  5363 4042.5 
 393.44  3240  5436 4384 
 393.49  3245  5508 4036.25 
 393.55  3250  5580 3239.5 
 393.76  3255  3743 3255 
 393.79  3260  3817 4060.75 
 393.83  3265  3890 4142.5 
 393.86  3270  3963 4207 
 393.9  3275  4037 3953 
 393.93  3280  4110 3524.75 
 393.97  3285  4184 3698 
 394.01  3290  4258 4442.5 
 394.05  3295  4332 5109.25 
 394.08  3300  4406 5151.25 
 394.12  3305  4481 4160.5 
 394.16  3310  4555 4141 
 394.19  3315  4630 4180.5 
 394.23  3320  4704 4550.5 
 394.27  3325  4779 4516.75 
 394.31  3330  4854 4445.75 
 394.34  3335  4929 4073.25 
 394.38  3340  5005 4065.5 
 394.41  3345  5080 4686.75 
 394.45  3350  5155 4439.25 
 394.49  3355  5231 5019.75 
 394.53  3360  5307 3527.75 
 394.57  3365  5383 4130.5 
 394.6  3370  5459 3385.5 
 394.64  3375  5535 4124.5 
 394.67  3380  5611 4014.5 
 394.71  3385  5688 4486.75 
 394.74  3390  5764 4490.75 
 394.79  3395  5841 4271 
 394.82  3400  5918 5098.5 
 394.86  3405  5995 4557.5 
 394.9  3410  6072 4383.75 
 394.93  3415  6149 4054.75 
 394.97  3420  6226 4748 
 395  3425  6304 4420 
 395.05  3430  6381 4779 
 395.08  3435  6459 4455.75 
 395.12  3440  6537 3298.25 
 395.15  3445  6615 3305.5 
 395.19  3450  6693 4300 
 395.23  3455  6771 4398.75 
 395.26  3460  6850 3726.25 
 395.31  3465  6928 4193.75 
 395.34  3470  7007 4447.25 
 395.38  3475  7086 3521.75 
 395.41  3480  7165 4045 
 395.45  3485  7244 4001.25 
 395.48  3490  7323 3669.5 
 395.53  3495  7402 3651.5 
 395.56  3500  7482 4432.5 
 395.6  3505  7561 4590 
 395.64  3510  7641 4087.75 
 395.67  3515  7721 3881 
 395.71  3520  7801 4114.25 
 395.74  3525  7881 3236.5 
 395.78  3530  7961 4046.75 
 395.82  3535  8042 4263.5 
 395.86  3540  8122 4372.5 
 395.89  3545  8203 4393.5 
 395.93  3550  8283 4344 
 395.97  3555  8364 3870.5 
 396  3560  8445 4003.75 
 396.04  3565  8527 3313.5 
 396.08  3570  8608 2815 
 396.12  3575  8689 3359.25 
 396.16  3580  8771 2562.5 
 396.19  3585  8853 2232.75 
 396.23  3590  8934 3129 
 396.26  3595  9016 3800.25 
 396.3  3600  9099 3920.75 
 396.34  3605  9181 3080.5 
 396.38  3610  9263 2819.5 
 396.42  3615  9346 3171.25 
 396.45  3620  9428 2718.5 
 396.49  3625  9511 3685.75 
 396.53  3630  9594 3091.5 
end
uxIntegration time is 0.2294 seconds per sampledt  3.3E-08 cy 1dh270619El Arenosillo 37.1 6.73 2.857833pr1000dark .15 
 397.9  2900  777 5.25 
 397.94  2905  842 5 
 397.97  2910  907 5.25 
 398.01  2915  972 5.25 
 398.05  2920  1037 5 
 398.08  2925  1102 4.5 
 398.12  2930  1168 5.5 
 398.15  2935  1233 5.75 
 398.19  2940  1299 5.75 
 398.22  2945  1365 5.5 
 398.26  2950  1431 4 
 398.29  2955  1497 4.75 
 398.33  2960  1563 5.25 
 398.37  2965  1629 6 
 398.41  2970  1695 5 
 398.44  2975  1761 6.25 
 398.48  2980  1828 7.25 
 398.51  2985  1894 6.5 
 398.55  2990  1961 10.75 
 398.59  2995  2028 9.75 
 398.61  3000  2095 10 
 398.64  3005  2162 12 
 398.67  3010  2229 13 
 398.7  3015  2296 17.5 
 398.72  3020  2364 18 
 398.75  3025  2431 31.5 
 398.79  3030  2499 45.5 
 398.81  3035  2566 65 
 398.84  3040  2634 65 
 398.87  3045  2702 95.5 
 398.9  3050  2770 159.5 
 398.92  3055  2838 201 
 398.95  3060  2906 189 
 398.98  3065  2975 251.5 
 399.01  3070  3043 393.5 
 399.04  3075  3112 556.5 
 399.07  3080  3180 619 
 399.1  3085  3249 754.5 
 399.12  3090  3318 717 
 399.15  3095  3387 907 
 399.18  3100  3456 1032 
 399.21  3105  3525 1653 
 399.24  3110  3594 2122 
 399.27  3115  3664 2172 
 399.29  3120  3733 2279 
 399.32  3125  3803 2871 
 399.35  3130  3873 3151 
 399.38  3135  3943 3082 
 399.41  3140  4013 3842 
 399.44  3145  4083 3645 
 399.47  3150  4153 4722 
 399.49  3155  4223 3911.5 
 399.52  3160  4294 3441 
 399.55  3165  4364 4937 
 399.58  3170  4435 5880 
 399.61  3175  4506 5890.5 
 399.64  3180  4576 4576.5 
 399.67  3185  4647 5569.5 
 399.7  3190  4718 6430 
 399.72  3195  4790 5099 
 399.75  3200  4861 5700.5 
 399.78  3205  4932 6777.5 
 399.81  3210  5004 5898 
 399.84  3215  5076 5321.5 
 399.87  3220  5147 5322.5 
 399.9  3225  5219 4250 
 399.92  3230  5291 3962.5 
 399.95  3235  5363 4575.5 
 399.98  3240  5436 4913 
 400.01  3245  5508 4614 
 400.04  3250  5580 3667 
 400.24  3255  3743 3676.5 
 400.26  3260  3817 4625 
 400.29  3265  3890 4638.5 
 400.32  3270  3963 4684 
 400.35  3275  4037 4433.5 
 400.37  3280  4110 4007.5 
 400.41  3285  4184 4104 
 400.44  3290  4258 4974.5 
 400.47  3295  4332 5686 
 400.49  3300  4406 5745 
 400.52  3305  4481 4647.5 
 400.55  3310  4555 4588 
 400.58  3315  4630 4670 
 400.61  3320  4704 5050 
 400.64  3325  4779 5040.5 
 400.67  3330  4854 4960.5 
 400.69  3335  4929 4565.5 
 400.72  3340  5005 4526 
 400.75  3345  5080 5219 
 400.78  3350  5155 4862.5 
 400.81  3355  5231 5584.5 
 400.84  3360  5307 3884.5 
 400.87  3365  5383 4589 
 400.9  3370  5459 3743 
 400.92  3375  5535 4589 
 400.95  3380  5611 4448 
 400.98  3385  5688 5027 
 401.01  3390  5764 4975.5 
 401.04  3395  5841 4708 
 401.07  3400  5918 5601 
 401.1  3405  5995 4991.5 
 401.13  3410  6072 4896 
 401.16  3415  6149 4452 
 401.18  3420  6226 5252 
 401.21  3425  6304 4879.5 
 401.25  3430  6381 5303 
 401.28  3435  6459 4904.5 
 401.3  3440  6537 3638 
 401.33  3445  6615 3646 
 401.36  3450  6693 4695 
 401.39  3455  6771 4867 
 401.42  3460  6850 4134 
 401.45  3465  6928 4560.5 
 401.48  3470  7007 4899.5 
 401.51  3475  7086 3892.5 
 401.53  3480  7165 4494 
 401.56  3485  7244 4418 
 401.59  3490  7323 4025 
 401.62  3495  7402 4039 
 401.66  3500  7482 4854.5 
 401.68  3505  7561 4982 
 401.71  3510  7641 4592 
 401.74  3515  7721 4280 
 401.77  3520  7801 4586 
 401.8  3525  7881 3560.5 
 401.82  3530  7961 4446 
 401.86  3535  8042 4722.5 
 401.89  3540  8122 4816.5 
 401.92  3545  8203 4851 
 401.94  3550  8283 4742.5 
 401.97  3555  8364 4256 
 402  3560  8445 4368.5 
 402.03  3565  8527 3657.5 
 402.06  3570  8608 3075 
 402.09  3575  8689 3742.5 
 402.12  3580  8771 2811.5 
 402.15  3585  8853 2470.5 
 402.18  3590  8934 3429.5 
 402.2  3595  9016 4172 
 402.23  3600  9099 4314 
 402.26  3605  9181 3343 
 402.29  3610  9263 3147.5 
 402.33  3615  9346 3486.5 
 402.35  3620  9428 2954 
 402.38  3625  9511 4055.5 
 402.41  3630  9594 3362 
end
uaIntegration time is 0.2294 seconds per sampledt  3.3E-08 cy 1dh270619El Arenosillo 37.1 6.73 2.857833pr1000dark .4 
 420.04  2900  777 7.75 
 420.09  2905  842 8 
 420.15  2910  907 8 
 420.19  2915  972 8.25 
 420.24  2920  1037 9.25 
 420.29  2925  1102 8.75 
 420.34  2930  1168 6.75 
 420.39  2935  1233 7.25 
 420.44  2940  1299 9.75 
 420.49  2945  1365 8.5 
 420.54  2950  1431 8 
 420.59  2955  1497 9.5 
 420.64  2960  1563 9.75 
 420.69  2965  1629 10 
 420.75  2970  1695 9.75 
 420.79  2975  1761 10 
 420.84  2980  1828 13 
 420.89  2985  1894 13 
 420.94  2990  1961 15 
 420.99  2995  2028 17.25 
 421.04  3000  2095 19.5 
 421.09  3005  2162 20.25 
 421.14  3010  2229 31.25 
 421.19  3015  2296 39.75 
 421.24  3020  2364 44.75 
 421.29  3025  2431 79 
 421.34  3030  2499 129 
 421.4  3035  2566 164.25 
 421.44  3040  2634 182.25 
 421.49  3045  2702 266.25 
 421.54  3050  2770 416.25 
 421.59  3055  2838 482.25 
 421.64  3060  2906 489.75 
 421.7  3065  2975 625.25 
 421.74  3070  3043 950.25 
 421.79  3075  3112 1318 
 421.84  3080  3180 1443.25 
 421.89  3085  3249 1697.75 
 421.94  3090  3318 1607 
 422  3095  3387 1976.5 
 422.04  3100  3456 2130.25 
 422.09  3105  3525 3414.5 
 422.14  3110  3594 4288.75 
 422.19  3115  3664 4330.25 
 422.24  3120  3733 4387 
 422.29  3125  3803 5343.25 
 422.35  3130  3873 5786.75 
 422.39  3135  3943 5728.5 
 422.44  3140  4013 6939.5 
 422.49  3145  4083 6299.5 
 422.54  3150  4153 8063.5 
 422.59  3155  4223 6731.5 
 422.64  3160  4294 5890.75 
 422.7  3165  4364 8154.5 
 422.74  3170  4435 9711.5 
 422.79  3175  4506 9676.25 
 422.84  3180  4576 7369.5 
 422.89  3185  4647 8881 
 422.95  3190  4718 9870.25 
 422.99  3195  4790 8083.75 
 423.04  3200  4861 9089.5 
 423.09  3205  4932 10435.75 
 423.14  3210  5004 8870.25 
 423.19  3215  5076 8039.25 
 423.25  3220  5147 8111.75 
 423.29  3225  5219 6474.5 
 423.34  3230  5291 6087.75 
 423.39  3235  5363 6784.75 
 423.44  3240  5436 7279.5 
 423.49  3245  5508 6742.5 
 423.55  3250  5580 5560.75 
 423.76  3255  3743 5545.25 
 423.8  3260  3817 6722.75 
 423.83  3265  3890 6756.25 
 423.87  3270  3963 6794 
 423.9  3275  4037 6478.75 
 423.94  3280  4110 5850.75 
 423.98  3285  4184 6037 
 424.02  3290  4258 7142 
 424.06  3295  4332 8116 
 424.09  3300  4406 8205.25 
 424.13  3305  4481 6679.75 
 424.17  3310  4555 6698 
 424.21  3315  4630 6775.5 
 424.24  3320  4704 7250.75 
 424.28  3325  4779 7147.75 
 424.31  3330  4854 7078 
 424.35  3335  4929 6428 
 424.39  3340  5005 6553.25 
 424.43  3345  5080 7416 
 424.47  3350  5155 7011.75 
 424.5  3355  5231 7885 
 424.54  3360  5307 5448.5 
 424.57  3365  5383 6549.5 
 424.61  3370  5459 5299.5 
 424.65  3375  5535 6631 
 424.69  3380  5611 6282.5 
 424.73  3385  5688 7126 
 424.76  3390  5764 7036.25 
 424.8  3395  5841 6788 
 424.83  3400  5918 7977 
 424.87  3405  5995 7072.5 
 424.91  3410  6072 6838.75 
 424.95  3415  6149 6350.5 
 424.98  3420  6226 7457 
 425.02  3425  6304 6900.25 
 425.06  3430  6381 7471 
 425.09  3435  6459 6953.25 
 425.14  3440  6537 5019 
 425.17  3445  6615 5195.75 
 425.21  3450  6693 6800.5 
 425.24  3455  6771 6818.75 
 425.28  3460  6850 5782.75 
 425.32  3465  6928 6501.75 
 425.35  3470  7007 6864.25 
 425.4  3475  7086 5504.5 
 425.43  3480  7165 6331 
 425.47  3485  7244 6248.5 
 425.5  3490  7323 5653.5 
 425.54  3495  7402 5660.5 
 425.58  3500  7482 6905.5 
 425.62  3505  7561 7147.75 
 425.66  3510  7641 6355.5 
 425.69  3515  7721 6151.75 
 425.73  3520  7801 6440.75 
 425.76  3525  7881 5048 
 425.8  3530  7961 6306.25 
 425.84  3535  8042 6666.75 
 425.88  3540  8122 6837.5 
 425.92  3545  8203 6888 
 425.95  3550  8283 6744.5 
 425.99  3555  8364 6021.75 
 426.02  3560  8445 6272.25 
 426.06  3565  8527 5097.5 
 426.11  3570  8608 4418.75 
 426.14  3575  8689 5278.75 
 426.18  3580  8771 3911.25 
 426.21  3585  8853 3499.25 
 426.25  3590  8934 4950 
 426.29  3595  9016 5959.75 
 426.33  3600  9099 6093.25 
 426.37  3605  9181 4741.25 
 426.4  3610  9263 4400.25 
 426.44  3615  9346 4906.25 
 426.48  3620  9428 4244.5 
 426.52  3625  9511 5821.25 
 426.56  3630  9594 4701.75 
end
uaIntegration time is 0.2294 seconds per sampledt  3.3E-08 cy 1dh270619El Arenosillo 37.1 6.73 2.965129pr1000dark .4 
 450.04  2900  777 12.25 
 450.09  2905  842 12.75 
 450.14  2910  907 13.75 
 450.2  2915  972 12.75 
 450.24  2920  1037 12.5 
 450.29  2925  1102 14.25 
 450.34  2930  1168 14.5 
 450.39  2935  1233 13 
 450.45  2940  1299 14.25 
 450.49  2945  1365 16.5 
 450.54  2950  1431 13.75 
 450.59  2955  1497 14.75 
 450.64  2960  1563 15 
 450.69  2965  1629 13.25 
 450.74  2970  1695 17.75 
 450.8  2975  1761 19.25 
 450.84  2980  1828 21.5 
 450.89  2985  1894 22.25 
 450.94  2990  1961 29 
 450.99  2995  2028 38 
 451.05  3000  2095 41 
 451.09  3005  2162 59.5 
 451.14  3010  2229 90.75 
 451.19  3015  2296 121.75 
 451.24  3020  2364 125.5 
 451.29  3025  2431 233.75 
 451.35  3030  2499 401.25 
 451.39  3035  2566 513.75 
 451.44  3040  2634 524.25 
 451.49  3045  2702 753.25 
 451.54  3050  2770 1123 
 451.59  3055  2838 1297 
 451.64  3060  2906 1277.25 
 451.7  3065  2975 1615.25 
 451.74  3070  3043 2343.25 
 451.79  3075  3112 3006.25 
 451.84  3080  3180 3248.5 
 451.89  3085  3249 3759 
 451.94  3090  3318 3479 
 452  3095  3387 4074.25 
 452.04  3100  3456 4269.25 
 452.09  3105  3525 6702.75 
 452.14  3110  3594 8422.5 
 452.19  3115  3664 8302 
 452.24  3120  3733 8223.25 
 452.3  3125  3803 9751 
 452.34  3130  3873 10381.25 
 452.39  3135  3943 10249.25 
 452.44  3140  4013 12198.25 
 452.49  3145  4083 10709.25 
 452.54  3150  4153 13536.5 
 452.59  3155  4223 11504.75 
 452.64  3160  4294 9649.75 
 452.69  3165  4364 13261.25 
 452.74  3170  4435 15705.25 
 452.79  3175  4506 15758.25 
 452.84  3180  4576 11887 
 452.89  3185  4647 13800 
 452.94  3190  4718 15274 
 452.99  3195  4790 12555 
 453.04  3200  4861 14221.25 
 453.09  3205  4932 15976 
 453.14  3210  5004 13351 
 453.2  3215  5076 11965 
 453.24  3220  5147 12398.25 
 453.29  3225  5219 9815.75 
 453.34  3230  5291 9041 
 453.39  3235  5363 9918.75 
 453.44  3240  5436 10603.75 
 453.5  3245  5508 9923.25 
 453.54  3250  5580 8216 
 453.76  3255  3743 8171.5 
 453.79  3260  3817 9761.5 
 453.83  3265  3890 9682.25 
 453.87  3270  3963 9746.75 
 453.9  3275  4037 9309.5 
 453.95  3280  4110 8570.75 
 453.98  3285  4184 8645.5 
 454.02  3290  4258 10110.5 
 454.05  3295  4332 11477.25 
 454.09  3300  4406 11617.25 
 454.13  3305  4481 9560.75 
 454.17  3310  4555 9616.75 
 454.2  3315  4630 9601.25 
 454.24  3320  4704 10288.75 
 454.28  3325  4779 10005.75 
 454.31  3330  4854 9973 
 454.35  3335  4929 9198 
 454.39  3340  5005 9364.5 
 454.43  3345  5080 10471.75 
 454.46  3350  5155 9848.25 
 454.5  3355  5231 11068.5 
 454.53  3360  5307 7681.5 
 454.57  3365  5383 9202.25 
 454.61  3370  5459 7512 
 454.65  3375  5535 9300.25 
 454.68  3380  5611 8834.25 
 454.72  3385  5688 9913.25 
 454.76  3390  5764 9790 
 454.79  3395  5841 9432.5 
 454.84  3400  5918 11203.5 
 454.87  3405  5995 9980.5 
 454.91  3410  6072 9541.25 
 454.94  3415  6149 8794.25 
 454.98  3420  6226 10338.75 
 455.02  3425  6304 9655.5 
 455.05  3430  6381 10462.5 
 455.1  3435  6459 9735.25 
 455.13  3440  6537 7117.75 
 455.17  3445  6615 7255.5 
 455.2  3450  6693 9426 
 455.24  3455  6771 9548.75 
 455.28  3460  6850 8106 
 455.32  3465  6928 9024.25 
 455.36  3470  7007 9608.5 
 455.39  3475  7086 7665.25 
 455.43  3480  7165 8821.25 
 455.46  3485  7244 8713.25 
 455.51  3490  7323 7859.25 
 455.55  3495  7402 7884 
 455.58  3500  7482 9564.75 
 455.62  3505  7561 9942.75 
 455.65  3510  7641 8846.25 
 455.69  3515  7721 8494.25 
 455.73  3520  7801 8991.5 
 455.77  3525  7881 6991.5 
 455.81  3530  7961 8786.5 
 455.84  3535  8042 9260.75 
 455.88  3540  8122 9493 
 455.91  3545  8203 9591.25 
 455.96  3550  8283 9403.25 
 455.99  3555  8364 8411 
 456.03  3560  8445 8658.75 
 456.07  3565  8527 7133.75 
 456.1  3570  8608 6112.75 
 456.14  3575  8689 7300.75 
 456.18  3580  8771 5521 
 456.22  3585  8853 4817.75 
 456.25  3590  8934 6871.25 
 456.29  3595  9016 8323 
 456.33  3600  9099 8534 
 456.36  3605  9181 6595.75 
 456.41  3610  9263 6152.5 
 456.44  3615  9346 6852.75 
 456.48  3620  9428 5892.5 
 456.52  3625  9511 8087 
 456.55  3630  9594 6586 
end
uaIntegration time is 0.2294 seconds per sampledt  3.3E-08 cy 1dh270619El Arenosillo 37.1 6.73 3.072425pr1000dark .3 
 480.04  2900  777 16.5 
 480.09  2905  842 17.25 
 480.14  2910  907 20.25 
 480.2  2915  972 17 
 480.24  2920  1037 19.75 
 480.29  2925  1102 17.75 
 480.34  2930  1168 19.5 
 480.39  2935  1233 18.75 
 480.44  2940  1299 20.75 
 480.5  2945  1365 21.25 
 480.54  2950  1431 23.5 
 480.59  2955  1497 24 
 480.64  2960  1563 23.5 
 480.69  2965  1629 25.5 
 480.74  2970  1695 27.25 
 480.8  2975  1761 38 
 480.84  2980  1828 40.5 
 480.89  2985  1894 45 
 480.94  2990  1961 73.25 
 480.99  2995  2028 94 
 481.04  3000  2095 107 
 481.09  3005  2162 144 
 481.15  3010  2229 241.5 
 481.19  3015  2296 324.75 
 481.24  3020  2364 322.25 
 481.29  3025  2431 581.25 
 481.34  3030  2499 986 
 481.39  3035  2566 1211.25 
 481.45  3040  2634 1213.25 
 481.49  3045  2702 1676 
 481.54  3050  2770 2426 
 481.59  3055  2838 2668.25 
 481.64  3060  2906 2624.5 
 481.69  3065  2975 3195.75 
 481.74  3070  3043 4503.25 
 481.79  3075  3112 5590 
 481.84  3080  3180 6003 
 481.89  3085  3249 6781.5 
 481.94  3090  3318 6173.5 
 481.99  3095  3387 7006 
 482.04  3100  3456 7237.75 
 482.1  3105  3525 11271.25 
 482.14  3110  3594 13888.75 
 482.19  3115  3664 13537 
 482.24  3120  3733 13058.75 
 482.29  3125  3803 15299.75 
 482.35  3130  3873 15939.25 
 482.39  3135  3943 15897.25 
 482.44  3140  4013 18461 
 482.49  3145  4083 16052.25 
 482.54  3150  4153 20058.25 
 482.59  3155  4223 17065 
 482.65  3160  4294 14264.5 
 482.69  3165  4364 19111.5 
 482.74  3170  4435 22685 
 482.79  3175  4506 22758 
 482.84  3180  4576 16908.25 
 482.89  3185  4647 19407.5 
 482.95  3190  4718 21196.5 
 482.99  3195  4790 17610 
 483.04  3200  4861 19995.5 
 483.09  3205  4932 22154.25 
 483.14  3210  5004 18046.75 
 483.19  3215  5076 16313.25 
 483.25  3220  5147 16995.75 
 483.29  3225  5219 13546.5 
 483.34  3230  5291 12353.25 
 483.39  3235  5363 13373.5 
 483.44  3240  5436 14153.5 
 483.49  3245  5508 13362 
 483.54  3250  5580 11175.25 
 483.77  3255  3743 11013.25 
 483.8  3260  3817 13058.75 
 483.84  3265  3890 12872.5 
 483.88  3270  3963 12996 
 483.91  3275  4037 12390 
 483.95  3280  4110 11455.5 
 483.99  3285  4184 11526.25 
 484.03  3290  4258 13445.5 
 484.06  3295  4332 15072 
 484.1  3300  4406 15310.25 
 484.13  3305  4481 12605 
 484.17  3310  4555 12714.5 
 484.21  3315  4630 12731 
 484.25  3320  4704 13373 
 484.28  3325  4779 13137.75 
 484.32  3330  4854 13085.25 
 484.36  3335  4929 12041 
 484.39  3340  5005 12283 
 484.44  3345  5080 13677.25 
 484.47  3350  5155 12871.5 
 484.51  3355  5231 14443.25 
 484.54  3360  5307 9925 
 484.58  3365  5383 12069.25 
 484.61  3370  5459 9773.75 
 484.66  3375  5535 12292.5 
 484.69  3380  5611 11549.5 
 484.73  3385  5688 12985.75 
 484.77  3390  5764 12725.25 
 484.8  3395  5841 12362.25 
 484.84  3400  5918 14562 
 484.88  3405  5995 12925.75 
 484.92  3410  6072 12450.75 
 484.95  3415  6149 11449.5 
 484.99  3420  6226 13526.75 
 485.03  3425  6304 12458 
 485.06  3430  6381 13532.75 
 485.11  3435  6459 12617.75 
 485.14  3440  6537 9162.75 
 485.18  3445  6615 9460 
 485.21  3450  6693 12321.5 
 485.25  3455  6771 12390.25 
 485.28  3460  6850 10513.75 
 485.33  3465  6928 11807 
 485.36  3470  7007 12449.75 
 485.4  3475  7086 9937.5 
 485.44  3480  7165 11428.25 
 485.47  3485  7244 11274 
 485.51  3490  7323 10234 
 485.54  3495  7402 10244.5 
 485.59  3500  7482 12481.25 
 485.62  3505  7561 12926 
 485.66  3510  7641 11475.5 
 485.69  3515  7721 11070.75 
 485.73  3520  7801 11534 
 485.77  3525  7881 9086.25 
 485.81  3530  7961 11400.75 
 485.85  3535  8042 11975.25 
 485.88  3540  8122 12221.75 
 485.92  3545  8203 12362.25 
 485.96  3550  8283 12157.5 
 486  3555  8364 10921.5 
 486.04  3560  8445 11253.75 
 486.07  3565  8527 9164 
 486.11  3570  8608 7875 
 486.15  3575  8689 9474.75 
 486.18  3580  8771 7082.75 
 486.23  3585  8853 6245.75 
 486.26  3590  8934 8918.25 
 486.3  3595  9016 10753.5 
 486.33  3600  9099 10962.5 
 486.37  3605  9181 8519.25 
 486.42  3610  9263 7953.75 
 486.45  3615  9346 8809.75 
 486.49  3620  9428 7600.5 
 486.52  3625  9511 10424.5 
 486.56  3630  9594 8402 
end
uaIntegration time is 0.2294 seconds per sampledt  3.3E-08 cy 1dh270619El Arenosillo 37.1 6.73 3.179721pr1000dark .5 
 510.04  2900  777 25 
 510.09  2905  842 27 
 510.14  2910  907 25 
 510.19  2915  972 26.25 
 510.24  2920  1037 25.25 
 510.29  2925  1102 26.75 
 510.34  2930  1168 27.75 
 510.39  2935  1233 25.5 
 510.44  2940  1299 29 
 510.49  2945  1365 31.25 
 510.54  2950  1431 30 
 510.59  2955  1497 34.5 
 510.64  2960  1563 37.5 
 510.69  2965  1629 39.25 
 510.74  2970  1695 48.5 
 510.79  2975  1761 75 
 510.84  2980  1828 86.75 
 510.89  2985  1894 94.75 
 510.94  2990  1961 158.25 
 510.99  2995  2028 213.5 
 511.04  3000  2095 236.25 
 511.1  3005  2162 317.25 
 511.14  3010  2229 506.5 
 511.19  3015  2296 701.5 
 511.24  3020  2364 655.25 
 511.29  3025  2431 1171.25 
 511.35  3030  2499 1897 
 511.39  3035  2566 2309.25 
 511.44  3040  2634 2278.25 
 511.49  3045  2702 3081.5 
 511.54  3050  2770 4307 
 511.59  3055  2838 4573 
 511.64  3060  2906 4475 
 511.7  3065  2975 5404.75 
 511.74  3070  3043 7406.5 
 511.79  3075  3112 8888.75 
 511.84  3080  3180 9493 
 511.89  3085  3249 10614 
 511.94  3090  3318 9551 
 511.99  3095  3387 10495.5 
 512.05  3100  3456 10695.25 
 512.0901  3105  3525 16715.75 
 512.14  3110  3594 20218.25 
 512.19  3115  3664 19543.25 
 512.24  3120  3733 18618.5 
 512.29  3125  3803 21429.75 
 512.35  3130  3873 22398.5 
 512.39  3135  3943 22327.5 
 512.44  3140  4013 25586.5 
 512.49  3145  4083 21761 
 512.54  3150  4153 27057 
 512.5901  3155  4223 23250.5 
 512.6501  3160  4294 19043.75 
 512.69  3165  4364 25249 
 512.74  3170  4435 30102.25 
 512.79  3175  4506 30186.25 
 512.8401  3180  4576 22253.25 
 512.89  3185  4647 25271.25 
 512.95  3190  4718 27394.75 
 512.99  3195  4790 22874 
 513.04  3200  4861 26065.75 
 513.0901  3205  4932 28582 
 513.14  3210  5004 23112 
 513.19  3215  5076 20861 
 513.25  3220  5147 21889.5 
 513.29  3225  5219 17512.5 
 513.3401  3230  5291 15694.5 
 513.39  3235  5363 16884.25 
 513.44  3240  5436 17900.5 
 513.49  3245  5508 16862.25 
 513.55  3250  5580 14218.25 
 513.76  3255  3743 13940.75 
 513.8  3260  3817 16395.25 
 513.8301  3265  3890 15999 
 513.87  3270  3963 16115 
 513.91  3275  4037 15550.5 
 513.95  3280  4110 14401.25 
 513.98  3285  4184 14401.5 
 514.0201  3290  4258 16574.5 
 514.05  3295  4332 18741.75 
 514.0901  3300  4406 19019.75 
 514.13  3305  4481 15597.25 
 514.17  3310  4555 15831.75 
 514.2101  3315  4630 15713.75 
 514.24  3320  4704 16490.75 
 514.2801  3325  4779 16172.75 
 514.32  3330  4854 16087.5 
 514.36  3335  4929 14798.5 
 514.39  3340  5005 15137.25 
 514.43  3345  5080 16863.25 
 514.4601  3350  5155 15783 
 514.5  3355  5231 17692.75 
 514.54  3360  5307 12174.75 
 514.5801  3365  5383 14760.75 
 514.62  3370  5459 12026.25 
 514.6501  3375  5535 15078.5 
 514.69  3380  5611 14185 
 514.72  3385  5688 15886.75 
 514.76  3390  5764 15637.75 
 514.8  3395  5841 15137.25 
 514.8401  3400  5918 17925.5 
 514.88  3405  5995 15877 
 514.91  3410  6072 15267.5 
 514.95  3415  6149 14038.5 
 514.98  3420  6226 16497.75 
 515.0301  3425  6304 15332.25 
 515.06  3430  6381 16612.5 
 515.1  3435  6459 15505.25 
 515.13  3440  6537 11245.75 
 515.17  3445  6615 11584.5 
 515.2101  3450  6693 15074.25 
 515.24  3455  6771 15142 
 515.29  3460  6850 12805.75 
 515.32  3465  6928 14400.25 
 515.36  3470  7007 15317.75 
 515.39  3475  7086 12146.75 
 515.43  3480  7165 14009.25 
 515.47  3485  7244 13788 
 515.51  3490  7323 12520.5 
 515.55  3495  7402 12482 
 515.5801  3500  7482 15301 
 515.62  3505  7561 15824 
 515.66  3510  7641 13993.25 
 515.69  3515  7721 13521.5 
 515.74  3520  7801 14203.25 
 515.7701  3525  7881 11052.25 
 515.81  3530  7961 13935 
 515.8401  3535  8042 14685.75 
 515.88  3540  8122 14967 
 515.92  3545  8203 15106.5 
 515.95  3550  8283 14859.75 
 516  3555  8364 13287.5 
 516.0301  3560  8445 13767.5 
 516.07  3565  8527 11235.75 
 516.11  3570  8608 9573.25 
 516.14  3575  8689 11574.5 
 516.18  3580  8771 8581 
 516.22  3585  8853 7604.75 
 516.26  3590  8934 10893.75 
 516.29  3595  9016 13155.25 
 516.3301  3600  9099 13425 
 516.37  3605  9181 10340.25 
 516.41  3610  9263 9714.25 
 516.45  3615  9346 10753.75 
 516.48  3620  9428 9278.25 
 516.5201  3625  9511 12722.5 
 516.55  3630  9594 10271.25 
end
uaIntegration time is 0.2294 seconds per sampledt  3.3E-08 cy 1dh270619El Arenosillo 37.1 6.73 3.287017pr1000dark .7 
 540.04  2900  777 33.5 
 540.09  2905  842 31 
 540.14  2910  907 36 
 540.2  2915  972 32.25 
 540.24  2920  1037 35.5 
 540.29  2925  1102 34.5 
 540.34  2930  1168 33.75 
 540.39  2935  1233 34.5 
 540.44  2940  1299 36.75 
 540.5  2945  1365 42 
 540.54  2950  1431 43.5 
 540.59  2955  1497 51 
 540.64  2960  1563 68.75 
 540.69  2965  1629 70 
 540.74  2970  1695 84.75 
 540.79  2975  1761 150.25 
 540.85  2980  1828 171.75 
 540.89  2985  1894 187.5 
 540.94  2990  1961 313.25 
 540.99  2995  2028 429.25 
 541.04  3000  2095 445.25 
 541.09  3005  2162 607.5 
 541.15  3010  2229 961.5 
 541.19  3015  2296 1251.25 
 541.24  3020  2364 1140.25 
 541.29  3025  2431 2057.75 
 541.34  3030  2499 3245.25 
 541.39  3035  2566 3820.75 
 541.45  3040  2634 3723.75 
 541.49  3045  2702 4940.75 
 541.54  3050  2770 6735.25 
 541.59  3055  2838 7009 
 541.64  3060  2906 6835.75 
 541.69  3065  2975 8079.5 
 541.75  3070  3043 10794.25 
 541.79  3075  3112 12770.75 
 541.84  3080  3180 13525.25 
 541.89  3085  3249 15039.5 
 541.94  3090  3318 13249.25 
 541.99  3095  3387 14528.75 
 542.05  3100  3456 14488.75 
 542.09  3105  3525 22543.25 
 542.14  3110  3594 27079.25 
 542.19  3115  3664 26082.25 
 542.24  3120  3733 24371 
 542.29  3125  3803 27896 
 542.35  3130  3873 28930.25 
 542.39  3135  3943 28909 
 542.44  3140  4013 32852.5 
 542.49  3145  4083 27625.5 
 542.54  3150  4153 34314.75 
 542.59  3155  4223 29244.5 
 542.64  3160  4294 24043 
 542.7  3165  4364 31764.5 
 542.74  3170  4435 37581.75 
 542.79  3175  4506 37595.5 
 542.84  3180  4576 27655.5 
 542.89  3185  4647 31196 
 542.95  3190  4718 33502.25 
 542.99  3195  4790 28350.75 
 543.04  3200  4861 32261.75 
 543.09  3205  4932 35022.25 
 543.14  3210  5004 27908 
 543.19  3215  5076 25388.75 
 543.25  3220  5147 26709 
 543.29  3225  5219 21315.5 
 543.34  3230  5291 19245.5 
 543.39  3235  5363 20441 
 543.44  3240  5436 21578.5 
 543.49  3245  5508 20400.5 
 543.55  3250  5580 17281 
 543.76  3255  3743 16909.5 
 543.79  3260  3817 19635.5 
 543.83  3265  3890 19203.25 
 543.87  3270  3963 19303 
 543.9  3275  4037 18635 
 543.95  3280  4110 17320 
 543.98  3285  4184 17216.5 
 544.02  3290  4258 19906.5 
 544.05  3295  4332 22272 
 544.09  3300  4406 22575.25 
 544.13  3305  4481 18596.5 
 544.17  3310  4555 18955.75 
 544.2  3315  4630 18807.25 
 544.24  3320  4704 19635.5 
 544.28  3325  4779 19284.5 
 544.31  3330  4854 19177.25 
 544.36  3335  4929 17648.5 
 544.39  3340  5005 18119.25 
 544.43  3345  5080 19990 
 544.46  3350  5155 18807.5 
 544.5  3355  5231 21074.75 
 544.53  3360  5307 14363.25 
 544.57  3365  5383 17613.25 
 544.61  3370  5459 14240.25 
 544.65  3375  5535 17964.75 
 544.69  3380  5611 16758.5 
 544.72  3385  5688 18819 
 544.76  3390  5764 18432.25 
 544.79  3395  5841 17961.75 
 544.84  3400  5918 21246.25 
 544.87  3405  5995 18787.75 
 544.91  3410  6072 18040 
 544.94  3415  6149 16694.25 
 544.98  3420  6226 19638.5 
 545.02  3425  6304 18046 
 545.05  3430  6381 19627.5 
 545.1  3435  6459 18295.25 
 545.13  3440  6537 13198.75 
 545.17  3445  6615 13671.25 
 545.2  3450  6693 17717.75 
 545.24  3455  6771 17876.75 
 545.28  3460  6850 15122.25 
 545.32  3465  6928 16991.75 
 545.36  3470  7007 17996.25 
 545.39  3475  7086 14275.75 
 545.43  3480  7165 16527.5 
 545.46  3485  7244 16302 
 545.51  3490  7323 14663.75 
 545.55  3495  7402 14671 
 545.58  3500  7482 18065 
 545.62  3505  7561 18474.25 
 545.65  3510  7641 16412 
 545.69  3515  7721 15930 
 545.73  3520  7801 16545.25 
 545.77  3525  7881 12969.5 
 545.81  3530  7961 16385.75 
 545.84  3535  8042 17250 
 545.88  3540  8122 17626 
 545.91  3545  8203 17775 
 545.95  3550  8283 17340 
 546  3555  8364 15503.5 
 546.03  3560  8445 16184 
 546.07  3565  8527 13045.5 
 546.1  3570  8608 11310.5 
 546.14  3575  8689 13669.5 
 546.18  3580  8771 10105.5 
 546.22  3585  8853 9006.5 
 546.26  3590  8934 12884 
 546.29  3595  9016 15557.5 
 546.33  3600  9099 15827.5 
 546.37  3605  9181 12211.75 
 546.4  3610  9263 11443.5 
 546.45  3615  9346 12768.5 
 546.48  3620  9428 11041.75 
 546.52  3625  9511 15167.25 
 546.55  3630  9594 12100.25 
end
uaIntegration time is 0.2294 seconds per sampledt  3.3E-08 cy 1dh270619El Arenosillo 37.1 6.73 3.394313pr1000dark .95 
 570.04  2900  777 40.25 
 570.09  2905  842 39 
 570.14  2910  907 36.75 
 570.2  2915  972 42.5 
 570.24  2920  1037 39 
 570.29  2925  1102 40.75 
 570.34  2930  1168 44.5 
 570.39  2935  1233 46.25 
 570.44  2940  1299 51.5 
 570.5  2945  1365 55.25 
 570.54  2950  1431 61.5 
 570.59  2955  1497 78.5 
 570.64  2960  1563 108.25 
 570.69  2965  1629 111.25 
 570.74  2970  1695 141.75 
 570.8  2975  1761 248 
 570.84  2980  1828 300.5 
 570.89  2985  1894 309.5 
 570.94  2990  1961 543.75 
 570.99  2995  2028 736.5 
 571.04  3000  2095 734.5 
 571.09  3005  2162 971.25 
 571.15  3010  2229 1524.5 
 571.19  3015  2296 1963.75 
 571.24  3020  2364 1746 
 571.29  3025  2431 3073.75 
 571.34  3030  2499 4786.5 
 571.39  3035  2566 5645 
 571.45  3040  2634 5394.75 
 571.49  3045  2702 7036.75 
 571.54  3050  2770 9418.75 
 571.59  3055  2838 9717.5 
 571.64  3060  2906 9328.5 
 571.69  3065  2975 10996 
 571.75  3070  3043 14412.5 
 571.79  3075  3112 16925 
 571.84  3080  3180 17787.75 
 571.89  3085  3249 19725.5 
 571.94  3090  3318 17397 
 571.99  3095  3387 18470.5 
 572.05  3100  3456 18415 
 572.09  3105  3525 28344.5 
 572.14  3110  3594 34041.5 
 572.19  3115  3664 32757 
 572.24  3120  3733 30442.25 
 572.29  3125  3803 34444 
 572.35  3130  3873 35510 
 572.39  3135  3943 35524 
 572.44  3140  4013 40236 
 572.49  3145  4083 33322.5 
 572.54  3150  4153 41501.25 
 572.59  3155  4223 35672.25 
 572.65  3160  4294 28830.25 
 572.69  3165  4364 37710.5 
 572.74  3170  4435 44851.25 
 572.79  3175  4506 45162.25 
 572.84  3180  4576 32965.75 
 572.89  3185  4647 36597.25 
 572.95  3190  4718 39531.75 
 572.99  3195  4790 33310.75 
 573.04  3200  4861 38016.5 
 573.09  3205  4932 41104.75 
 573.14  3210  5004 32817.5 
 573.19  3215  5076 29599.5 
 573.25  3220  5147 31503.25 
 573.29  3225  5219 25118.25 
 573.34  3230  5291 22478 
 573.39  3235  5363 23707.25 
 573.44  3240  5436 25084 
 573.5  3245  5508 23944.25 
 573.54  3250  5580 20187 
 573.76  3255  3743 19786.25 
 573.8  3260  3817 22892 
 573.83  3265  3890 22291.25 
 573.87  3270  3963 22517.5 
 573.91  3275  4037 21654.5 
 573.95  3280  4110 20203.75 
 573.98  3285  4184 19986.5 
 574.02  3290  4258 23022.5 
 574.05  3295  4332 25836.25 
 574.09  3300  4406 26241 
 574.13  3305  4481 21698 
 574.17  3310  4555 22110 
 574.2  3315  4630 21864 
 574.24  3320  4704 22829.25 
 574.28  3325  4779 22264 
 574.31  3330  4854 22171.5 
 574.35  3335  4929 20492.25 
 574.39  3340  5005 20977.5 
 574.43  3345  5080 23252 
 574.46  3350  5155 21645.75 
 574.5  3355  5231 24246.75 
 574.53  3360  5307 16649.75 
 574.57  3365  5383 20307.5 
 574.62  3370  5459 16551.25 
 574.65  3375  5535 20774.75 
 574.69  3380  5611 19489.25 
 574.72  3385  5688 21821.75 
 574.76  3390  5764 21333.5 
 574.8  3395  5841 20756.25 
 574.84  3400  5918 24688.75 
 574.87  3405  5995 21778 
 574.91  3410  6072 20861.25 
 574.95  3415  6149 19203 
 574.98  3420  6226 22555 
 575.03  3425  6304 20979.75 
 575.06  3430  6381 22772.75 
 575.1  3435  6459 21204.75 
 575.13  3440  6537 15321.75 
 575.17  3445  6615 15802.25 
 575.2  3450  6693 20591.5 
 575.25  3455  6771 20715.25 
 575.29  3460  6850 17418.5 
 575.32  3465  6928 19625 
 575.36  3470  7007 20770.25 
 575.39  3475  7086 16482.25 
 575.43  3480  7165 19087.25 
 575.47  3485  7244 18849.25 
 575.51  3490  7323 16995.5 
 575.55  3495  7402 17043.25 
 575.58  3500  7482 20868 
 575.62  3505  7561 21551.5 
 575.65  3510  7641 19060.75 
 575.7  3515  7721 18391 
 575.73  3520  7801 19321.5 
 575.77  3525  7881 15047.5 
 575.81  3530  7961 18864.25 
 575.84  3535  8042 19935.5 
 575.89  3540  8122 20317.75 
 575.92  3545  8203 20602.75 
 575.96  3550  8283 20213.75 
 575.99  3555  8364 18017.75 
 576.03  3560  8445 18712 
 576.07  3565  8527 15279 
 576.11  3570  8608 13055.75 
 576.15  3575  8689 15796.5 
 576.18  3580  8771 11744 
 576.22  3585  8853 10403.75 
 576.26  3590  8934 14807 
 576.29  3595  9016 17871.25 
 576.34  3600  9099 18254 
 576.37  3605  9181 14189.25 
 576.41  3610  9263 13204.5 
 576.45  3615  9346 14637.5 
 576.48  3620  9428 12649 
 576.52  3625  9511 17367.5 
 576.56  3630  9594 14000.25 
end
uaIntegration time is 0.2294 seconds per sampledt  3.3E-08 cy 1dh270619El Arenosillo 37.1 6.73 3.394313pr1000dark 1.05 
 600.04  2900  777 47.5 
 600.09  2905  842 47.25 
 600.15  2910  907 48.25 
 600.19  2915  972 45.5 
 600.24  2920  1037 49.25 
 600.29  2925  1102 49.75 
 600.34  2930  1168 55 
 600.39  2935  1233 61.75 
 600.44  2940  1299 64.75 
 600.49  2945  1365 71 
 600.54  2950  1431 85 
 600.59  2955  1497 119.75 
 600.64  2960  1563 167.5 
 600.69  2965  1629 178.75 
 600.75  2970  1695 216.25 
 600.79  2975  1761 401.5 
 600.84  2980  1828 468.75 
 600.89  2985  1894 478.25 
 600.94  2990  1961 848.75 
 600.99  2995  2028 1116.25 
 601.04  3000  2095 1104 
 601.1  3005  2162 1438.25 
 601.14  3010  2229 2205.25 
 601.19  3015  2296 2815 
 601.24  3020  2364 2464.25 
 601.29  3025  2431 4303.25 
 601.34  3030  2499 6580.5 
 601.4  3035  2566 7712.25 
 601.44  3040  2634 7332.75 
 601.49  3045  2702 9432.25 
 601.54  3050  2770 12341.5 
 601.59  3055  2838 12696.75 
 601.64  3060  2906 12158.75 
 601.69  3065  2975 14268.25 
 601.75  3070  3043 18464.5 
 601.79  3075  3112 21395.25 
 601.84  3080  3180 22371 
 601.89  3085  3249 24579.25 
 601.94  3090  3318 21568.5 
 601.99  3095  3387 22642.75 
 602.05  3100  3456 22649.25 
 602.09  3105  3525 34583 
 602.14  3110  3594 41497 
 602.19  3115  3664 39771.5 
 602.24  3120  3733 36523.75 
 602.29  3125  3803 41135 
 602.34  3130  3873 42367 
 602.4  3135  3943 42272.75 
 602.44  3140  4013 47661 
 602.49  3145  4083 39309.75 
 602.54  3150  4153 48672 
 602.59  3155  4223 41976.75 
 602.64  3160  4294 33792 
 602.7  3165  4364 43941 
 602.74  3170  4435 52048.5 
 602.79  3175  4506 52553.25 
 602.84  3180  4576 38306.5 
 602.89  3185  4647 42398.75 
 602.95  3190  4718 45675.25 
 602.99  3195  4790 38670.25 
 603.04  3200  4861 43953.75 
 603.09  3205  4932 47300.25 
 603.14  3210  5004 37544.75 
 603.19  3215  5076 33771.5 
 603.25  3220  5147 36075 
 603.29  3225  5219 28881.75 
 603.34  3230  5291 25633.75 
 603.39  3235  5363 26977.25 
 603.44  3240  5436 28608.75 
 603.49  3245  5508 27180.25 
 603.55  3250  5580 23055.25 
 603.76  3255  3743 22389 
 603.8  3260  3817 25869.5 
 603.83  3265  3890 25164.75 
 603.87  3270  3963 25334.5 
 603.9  3275  4037 24542.5 
 603.95  3280  4110 22830.25 
 603.98  3285  4184 22580.75 
 604.02  3290  4258 25874.25 
 604.05  3295  4332 29036.5 
 604.09  3300  4406 29546.25 
 604.13  3305  4481 24422 
 604.17  3310  4555 24882 
 604.21  3315  4630 24616.75 
 604.24  3320  4704 25614.75 
 604.28  3325  4779 25006.75 
 604.31  3330  4854 24897.25 
 604.35  3335  4929 23033 
 604.39  3340  5005 23639.75 
 604.43  3345  5080 26086.5 
 604.46  3350  5155 24356 
 604.5  3355  5231 27418 
 604.54  3360  5307 18778.25 
 604.58  3365  5383 22891.75 
 604.62  3370  5459 18632.25 
 604.65  3375  5535 23362.5 
 604.69  3380  5611 21921.25 
 604.72  3385  5688 24626.25 
 604.76  3390  5764 23995.75 
 604.8  3395  5841 23167.75 
 604.84  3400  5918 27577 
 604.88  3405  5995 24350.5 
 604.91  3410  6072 23386 
 604.95  3415  6149 21561 
 604.98  3420  6226 25443.5 
 605.02  3425  6304 23510.25 
 605.05  3430  6381 25672.25 
 605.1  3435  6459 23809 
 605.14  3440  6537 17198.5 
 605.17  3445  6615 17821.5 
 605.21  3450  6693 23117.5 
 605.24  3455  6771 23246 
 605.29  3460  6850 19601 
 605.32  3465  6928 22007.5 
 605.36  3470  7007 23412.75 
 605.4  3475  7086 18550.25 
 605.43  3480  7165 21336.75 
 605.48  3485  7244 21126.5 
 605.51  3490  7323 19089 
 605.55  3495  7402 19049.25 
 605.58  3500  7482 23283.75 
 605.62  3505  7561 24040.25 
 605.66  3510  7641 21382.25 
 605.7  3515  7721 20566.75 
 605.74  3520  7801 21656.25 
 605.77  3525  7881 16800.25 
 605.81  3530  7961 21161 
 605.85  3535  8042 22295.75 
 605.88  3540  8122 22854.25 
 605.92  3545  8203 23042.25 
 605.96  3550  8283 22582 
 606  3555  8364 20177.25 
 606.03  3560  8445 20947 
 606.07  3565  8527 17149 
 606.11  3570  8608 14530 
 606.14  3575  8689 17652.25 
 606.19  3580  8771 13148.25 
 606.22  3585  8853 11523.75 
 606.26  3590  8934 16570 
 606.3  3595  9016 19921 
 606.33  3600  9099 20449.75 
 606.38  3605  9181 15832 
 606.41  3610  9263 14754.5 
 606.45  3615  9346 16504.75 
 606.49  3620  9428 14088.5 
 606.52  3625  9511 19375 
 606.56  3630  9594 15605 
end
uaIntegration time is 0.2294 seconds per sampledt  3.3E-08 cy 1dh270619El Arenosillo 37.1 6.73 3.394313pr1000dark 1.1 
 630.04  2900  777 50.25 
 630.09  2905  842 53.75 
 630.14  2910  907 54.5 
 630.2  2915  972 58 
 630.24  2920  1037 59 
 630.29  2925  1102 59.25 
 630.34  2930  1168 65.25 
 630.39  2935  1233 70.75 
 630.44  2940  1299 79 
 630.5  2945  1365 90 
 630.54  2950  1431 111.75 
 630.59  2955  1497 161 
 630.64  2960  1563 227.25 
 630.69  2965  1629 253.75 
 630.74  2970  1695 318.25 
 630.79  2975  1761 587.25 
 630.84  2980  1828 643.5 
 630.89  2985  1894 666 
 630.94  2990  1961 1174 
 630.99  2995  2028 1494.75 
 631.04  3000  2095 1462.25 
 631.1  3005  2162 1909 
 631.14  3010  2229 2898.75 
 631.19  3015  2296 3639.75 
 631.24  3020  2364 3183.25 
 631.29  3025  2431 5488.75 
 631.34  3030  2499 8253 
 631.39  3035  2566 9603.75 
 631.45  3040  2634 9009.75 
 631.49  3045  2702 11582.25 
 631.54  3050  2770 15058.25 
 631.59  3055  2838 15292.5 
 631.64  3060  2906 14613 
 631.69  3065  2975 16978.25 
 631.75  3070  3043 21874 
 631.79  3075  3112 25136.5 
 631.84  3080  3180 26273.25 
 631.89  3085  3249 28818.25 
 631.94  3090  3318 25040.25 
 631.99  3095  3387 26297.25 
 632.05  3100  3456 25990 
 632.09  3105  3525 39956.5 
 632.14  3110  3594 47346.75 
 632.19  3115  3664 45192 
 632.24  3120  3733 41488.5 
 632.29  3125  3803 46637 
 632.35  3130  3873 47995.5 
 632.39  3135  3943 47779.25 
 632.44  3140  4013 53735.25 
 632.49  3145  4083 44196.25 
 632.54  3150  4153 54791.25 
 632.59  3155  4223 46954.5 
 632.65  3160  4294 37944.25 
 632.69  3165  4364 49269.25 
 632.74  3170  4435 58330.5 
 632.79  3175  4506 58424 
 632.84  3180  4576 42536 
 632.89  3185  4647 47087.5 
 632.95  3190  4718 50405.5 
 632.99  3195  4790 42999.25 
 633.04  3200  4861 48771.75 
 633.09  3205  4932 52505.5 
 633.14  3210  5004 41493 
 633.19  3215  5076 37576.5 
 633.25  3220  5147 39988.25 
 633.29  3225  5219 31938.5 
 633.34  3230  5291 28490 
 633.39  3235  5363 29845.5 
 633.44  3240  5436 31531.5 
 633.49  3245  5508 29962.5 
 633.55  3250  5580 25490.75 
 633.76  3255  3743 24757.5 
 633.8  3260  3817 28466.5 
 633.83  3265  3890 27771.25 
 633.87  3270  3963 27843.75 
 633.89  3275  4037 26841 
 633.93  3280  4110 25232.5 
 633.97  3285  4184 24813.75 
 634  3290  4258 28572.25 
 634.04  3295  4332 31829.75 
 634.07  3300  4406 32342.75 
 634.11  3305  4481 26802.5 
 634.15  3310  4555 27446 
 634.19  3315  4630 27133.75 
 634.22  3320  4704 28117.5 
 634.26  3325  4779 27554.5 
 634.3  3330  4854 27428.75 
 634.33  3335  4929 25379.5 
 634.38  3340  5005 26096.5 
 634.41  3345  5080 28750.5 
 634.45  3350  5155 26903.75 
 634.48  3355  5231 30194 
 634.52  3360  5307 20589.25 
 634.56  3365  5383 25203.75 
 634.6  3370  5459 20501.5 
 634.64  3375  5535 25842 
 634.67  3380  5611 24051 
 634.71  3385  5688 27000.5 
 634.74  3390  5764 26246 
 634.79  3395  5841 25521.5 
 634.82  3400  5918 30293.5 
 634.86  3405  5995 26723.5 
 634.89  3410  6072 25669 
 634.93  3415  6149 23581.5 
 634.96  3420  6226 27887 
 635  3425  6304 25756.5 
 635.05  3430  6381 27956.5 
 635.08  3435  6459 26117.75 
 635.12  3440  6537 18822.25 
 635.15  3445  6615 19548.75 
 635.19  3450  6693 25345 
 635.23  3455  6771 25402 
 635.27  3460  6850 21507.25 
 635.3  3465  6928 24228.5 
 635.34  3470  7007 25719.75 
 635.38  3475  7086 20250 
 635.41  3480  7165 23547 
 635.46  3485  7244 23236.75 
 635.49  3490  7323 20970.25 
 635.53  3495  7402 21006.5 
 635.56  3500  7482 25658.5 
 635.6  3505  7561 26356.25 
 635.64  3510  7641 23405.75 
 635.67  3515  7721 22717.5 
 635.72  3520  7801 23590 
 635.75  3525  7881 18477.5 
 635.79  3530  7961 23193.5 
 635.82  3535  8042 24529.5 
 635.86  3540  8122 25009.5 
 635.91  3545  8203 25246 
 635.94  3550  8283 24681.25 
 635.98  3555  8364 22044.75 
 636.01  3560  8445 22862 
 636.05  3565  8527 18596.5 
 636.09  3570  8608 15937 
 636.13  3575  8689 19315.5 
 636.17  3580  8771 14286 
 636.2  3585  8853 12615.25 
 636.24  3590  8934 18138 
 636.27  3595  9016 21946.5 
 636.31  3600  9099 22472.75 
 636.36  3605  9181 17304 
 636.39  3610  9263 16174 
 636.43  3615  9346 17937 
 636.46  3620  9428 15511 
 636.5  3625  9511 21199.25 
 636.54  3630  9594 16949 
end
uaIntegration time is 0.2294 seconds per sampledt  3.3E-08 cy 1dh270619El Arenosillo 37.1 6.73 3.447962pr1000dark 1.05 
 660.04  2900  777 60.5 
 660.09  2905  842 55.25 
 660.14  2910  907 58 
 660.2  2915  972 61.25 
 660.24  2920  1037 65.5 
 660.29  2925  1102 65.75 
 660.34  2930  1168 78.75 
 660.39  2935  1233 82.25 
 660.44  2940  1299 94.75 
 660.5  2945  1365 115.25 
 660.54  2950  1431 145 
 660.59  2955  1497 207.5 
 660.64  2960  1563 299.25 
 660.69  2965  1629 313.75 
 660.74  2970  1695 398.5 
 660.8  2975  1761 748 
 660.84  2980  1828 859.75 
 660.89  2985  1894 842 
 660.94  2990  1961 1468.25 
 660.99  2995  2028 1903.25 
 661.04  3000  2095 1835 
 661.1  3005  2162 2380.75 
 661.14  3010  2229 3526.5 
 661.19  3015  2296 4408 
 661.24  3020  2364 3834.25 
 661.29  3025  2431 6567.25 
 661.34  3030  2499 9877.5 
 661.4  3035  2566 11317.75 
 661.44  3040  2634 10684 
 661.49  3045  2702 13557 
 661.54  3050  2770 17401.75 
 661.59  3055  2838 17622.5 
 661.64  3060  2906 16784.25 
 661.7  3065  2975 19476 
 661.74  3070  3043 24853.75 
 661.79  3075  3112 28419 
 661.84  3080  3180 29541 
 661.89  3085  3249 32472 
 661.94  3090  3318 28213.25 
 661.99  3095  3387 29429 
 662.05  3100  3456 28956 
 662.09  3105  3525 44504.25 
 662.14  3110  3594 52620.75 
 662.19  3115  3664 50049.25 
 662.24  3120  3733 45508.5 
 662.3  3125  3803 51300.5 
 662.34  3130  3873 52673.25 
 662.39  3135  3943 52604 
 662.44  3140  4013 58826.5 
 662.49  3145  4083 48270.25 
 662.54  3150  4153 59553.25 
 662.6  3155  4223 51197.5 
 662.64  3160  4294 41244.75 
 662.69  3165  4364 53325.5 
 662.74  3170  4435 63121 
 662.79  3175  4506 63628.75 
 662.84  3180  4576 46182 
 662.9  3185  4647 50891.5 
 662.94  3190  4718 54406.25 
 662.99  3195  4790 46444.75 
 663.04  3200  4861 52882.25 
 663.09  3205  4932 56669.25 
 663.14  3210  5004 44810 
 663.19  3215  5076 40430.75 
 663.24  3220  5147 43254.25 
 663.29  3225  5219 34584 
 663.34  3230  5291 30699.5 
 663.39  3235  5363 32100.5 
 663.44  3240  5436 34040 
 663.49  3245  5508 32323.25 
 663.54  3250  5580 27595.75 
 663.76  3255  3743 26663.5 
 663.8  3260  3817 30784.25 
 663.83  3265  3890 29925.25 
 663.88  3270  3963 30009 
 663.91  3275  4037 28971 
 663.95  3280  4110 27130.75 
 663.98  3285  4184 26738.5 
 664.02  3290  4258 30519 
 664.07  3295  4332 34169.75 
 664.12  3300  4406 34784.25 
 664.15  3305  4481 28725.5 
 664.19  3310  4555 29344 
 664.22  3315  4630 28969.5 
 664.26  3320  4704 30049.75 
 664.3  3325  4779 29493.5 
 664.34  3330  4854 29281.5 
 664.37  3335  4929 27035.25 
 664.41  3340  5005 27743.25 
 664.45  3345  5080 30659 
 664.48  3350  5155 28645 
 664.53  3355  5231 32165.75 
 664.56  3360  5307 21960.25 
 664.6  3365  5383 26849.75 
 664.63  3370  5459 21885.75 
 664.67  3375  5535 27556.5 
 664.71  3380  5611 25601.5 
 664.74  3385  5688 28723.25 
 664.79  3390  5764 28085.25 
 664.82  3395  5841 27263.5 
 664.86  3400  5918 32433.75 
 664.89  3405  5995 28535.75 
 664.93  3410  6072 27438.25 
 664.97  3415  6149 25176.5 
 665.01  3420  6226 29687.25 
 665.05  3425  6304 27488.75 
 665.08  3430  6381 29916 
 665.12  3435  6459 27814.25 
 665.15  3440  6537 20064.25 
 665.2  3445  6615 20775.5 
 665.23  3450  6693 26911.25 
 665.27  3455  6771 27022.75 
 665.31  3460  6850 22811.75 
 665.34  3465  6928 25587.5 
 665.39  3470  7007 27194.75 
 665.42  3475  7086 21514.75 
 665.46  3480  7165 24811 
 665.49  3485  7244 24522.75 
 665.53  3490  7323 22121.75 
 665.56  3495  7402 22173.25 
 665.61  3500  7482 27036.75 
 665.65  3505  7561 27859.75 
 665.68  3510  7641 24679.25 
 665.72  3515  7721 23869 
 665.75  3520  7801 24922.25 
 665.8  3525  7881 19452 
 665.83  3530  7961 24502.75 
 665.87  3535  8042 25786 
 665.91  3540  8122 26327 
 665.94  3545  8203 26612.75 
 665.98  3550  8283 26122.5 
 666.02  3555  8364 23272.75 
 666.06  3560  8445 24254.5 
 666.1  3565  8527 19671.75 
 666.13  3570  8608 16977.75 
 666.17  3575  8689 20476.75 
 666.2  3580  8771 15044.25 
 666.25  3585  8853 13368.5 
 666.29  3590  8934 19194.5 
 666.32  3595  9016 23179.5 
 666.36  3600  9099 23684.75 
 666.4  3605  9181 18308 
 666.43  3610  9263 17133.75 
 666.48  3615  9346 18983 
 666.51  3620  9428 16290.25 
 666.55  3625  9511 22430.25 
 666.58  3630  9594 18095.25 
end
uaIntegration time is 0.2294 seconds per sampledt  3.3E-08 cy 1dh270619El Arenosillo 37.1 6.73 3.447962pr1000dark 1.2 
 690.05  2900  777 65.5 
 690.1  2905  842 64.5 
 690.15  2910  907 66.75 
 690.21  2915  972 67.25 
 690.25  2920  1037 69.75 
 690.3  2925  1102 74 
 690.35  2930  1168 84.25 
 690.4  2935  1233 93 
 690.45  2940  1299 107.25 
 690.51  2945  1365 130.25 
 690.55  2950  1431 177.75 
 690.6  2955  1497 242.25 
 690.65  2960  1563 362.5 
 690.7  2965  1629 379.5 
 690.75  2970  1695 485.75 
 690.8  2975  1761 898.25 
 690.86  2980  1828 1009.25 
 690.9  2985  1894 999 
 690.95  2990  1961 1752.25 
 691  2995  2028 2231.5 
 691.05  3000  2095 2121 
 691.11  3005  2162 2766.25 
 691.15  3010  2229 4103.75 
 691.2  3015  2296 5063 
 691.25  3020  2364 4385 
 691.3  3025  2431 7467.25 
 691.35  3030  2499 11135.25 
 691.4  3035  2566 12731.5 
 691.46  3040  2634 11959.5 
 691.5  3045  2702 15113.25 
 691.55  3050  2770 19394.75 
 691.6  3055  2838 19525.5 
 691.65  3060  2906 18573.5 
 691.7  3065  2975 21451.5 
 691.76  3070  3043 27309.75 
 691.8  3075  3112 31035.25 
 691.85  3080  3180 32223.5 
 691.9  3085  3249 35419.75 
 691.95  3090  3318 30648.25 
 692  3095  3387 31842.75 
 692.06  3100  3456 31482.25 
 692.1  3105  3525 48112.25 
 692.15  3110  3594 56821.5 
 692.2  3115  3664 54109 
 692.25  3120  3733 49232.5 
 692.3  3125  3803 55138.75 
 692.36  3130  3873 56462.25 
 692.4  3135  3943 56563.75 
 692.45  3140  4013 62997.5 
 692.5  3145  4083 51513.25 
 692.55  3150  4153 63576.75 
 692.61  3155  4223 54732.75 
 692.65  3160  4294 43947 
 692.7  3165  4364 56859.75 
 692.75  3170  4435 67241.25 
 692.8  3175  4506 67595 
 692.85  3180  4576 49070.25 
 692.91  3185  4647 54204.5 
 692.95  3190  4718 57969.5 
 693  3195  4790 49344.75 
 693.05  3200  4861 56040.25 
 693.1  3205  4932 60012.5 
 693.15  3210  5004 47241.75 
 693.2  3215  5076 42719 
 693.25  3220  5147 45566 
 693.3  3225  5219 36355 
 693.35  3230  5291 32375.25 
 693.4  3235  5363 33772 
 693.46  3240  5436 35784.25 
 693.5  3245  5508 34099.75 
 693.55  3250  5580 29109.25 
 693.77  3255  3743 28142 
 693.8  3260  3817 32274.25 
 693.84  3265  3890 31270.25 
 693.88  3270  3963 31502.5 
 693.92  3275  4037 30490.75 
 693.96  3280  4110 28530.5 
 693.99  3285  4184 28155.75 
 694.03  3290  4258 32113.25 
 694.06  3295  4332 35896 
 694.1  3300  4406 36569 
 694.14  3305  4481 30144.5 
 694.18  3310  4555 30819 
 694.21  3315  4630 30505.75 
 694.25  3320  4704 31612 
 694.29  3325  4779 30886.75 
 694.32  3330  4854 30743.75 
 694.36  3335  4929 28476.75 
 694.39  3340  5005 29209.25 
 694.43  3345  5080 32248.75 
 694.47  3350  5155 30097.5 
 694.5  3355  5231 33733.25 
 694.54  3360  5307 23086.75 
 694.58  3365  5383 28311.25 
 694.62  3370  5459 22954.75 
 694.65  3375  5535 28987.25 
 694.69  3380  5611 27036.75 
 694.72  3385  5688 30183.5 
 694.76  3390  5764 29643.5 
 694.81  3395  5841 28765.75 
 694.84  3400  5918 34205 
 694.88  3405  5995 30150 
 694.91  3410  6072 28834 
 694.95  3415  6149 26629.25 
 694.99  3420  6226 31384.75 
 695.03  3425  6304 29097.75 
 695.07  3430  6381 31391.5 
 695.1  3435  6459 29323.25 
 695.14  3440  6537 21109.25 
 695.17  3445  6615 21907 
 695.22  3450  6693 28399.5 
 695.25  3455  6771 28513.75 
 695.29  3460  6850 24071.5 
 695.33  3465  6928 26918.75 
 695.36  3470  7007 28659 
 695.4  3475  7086 22631.25 
 695.44  3480  7165 26187 
 695.48  3485  7244 25934.5 
 695.51  3490  7323 23371 
 695.55  3495  7402 23366.75 
 695.58  3500  7482 28596.25 
 695.62  3505  7561 29541 
 695.66  3510  7641 25966.75 
 695.7  3515  7721 25191 
 695.74  3520  7801 26272.5 
 695.77  3525  7881 20448.75 
 695.81  3530  7961 25762 
 695.85  3535  8042 27164 
 695.88  3540  8122 27637.75 
 695.93  3545  8203 27898.25 
 695.96  3550  8283 27421.75 
 696  3555  8364 24570 
 696.04  3560  8445 25406.25 
 696.07  3565  8527 20726.75 
 696.12  3570  8608 17786.75 
 696.15  3575  8689 21422 
 696.19  3580  8771 15781 
 696.22  3585  8853 14003.5 
 696.26  3590  8934 20025.25 
 696.3  3595  9016 24269 
 696.34  3600  9099 24709.5 
 696.38  3605  9181 19179 
 696.41  3610  9263 17960.25 
 696.45  3615  9346 19993 
 696.49  3620  9428 17092 
 696.52  3625  9511 23494.5 
 696.57  3630  9594 18881 
end
uaIntegration time is 0.2294 seconds per sampledt  3.3E-08 cy 1dh270619El Arenosillo 37.1 6.73 3.50161pr1000dark 1.4 
 720.04  2900  777 68.75 
 720.09  2905  842 62.75 
 720.14  2910  907 72.25 
 720.2  2915  972 72.75 
 720.24  2920  1037 71.75 
 720.29  2925  1102 77 
 720.34  2930  1168 89.75 
 720.39  2935  1233 104.75 
 720.45  2940  1299 117.75 
 720.49  2945  1365 145.5 
 720.54  2950  1431 190.75 
 720.59  2955  1497 286.5 
 720.64  2960  1563 406.75 
 720.69  2965  1629 420 
 720.74  2970  1695 536.5 
 720.8  2975  1761 994 
 720.84  2980  1828 1090.5 
 720.89  2985  1894 1102.5 
 720.94  2990  1961 1933.25 
 720.99  2995  2028 2410.75 
 721.04  3000  2095 2317.75 
 721.1  3005  2162 3008 
 721.14  3010  2229 4398.75 
 721.19  3015  2296 5460.75 
 721.24  3020  2364 4724 
 721.29  3025  2431 7993.5 
 721.35  3030  2499 11861 
 721.39  3035  2566 13635 
 721.44  3040  2634 12821.5 
 721.49  3045  2702 16084.25 
 721.54  3050  2770 20541.5 
 721.59  3055  2838 20547 
 721.65  3060  2906 19669.5 
 721.69  3065  2975 22661.25 
 721.74  3070  3043 28797 
 721.79  3075  3112 32607 
 721.84  3080  3180 34007.75 
 721.89  3085  3249 37150 
 721.95  3090  3318 32094.5 
 721.99  3095  3387 33290.75 
 722.04  3100  3456 32795 
 722.09  3105  3525 50349.5 
 722.14  3110  3594 59041.5 
 722.19  3115  3664 56241.5 
 722.25  3120  3733 51128.25 
 722.29  3125  3803 57153.25 
 722.34  3130  3873 58539.5 
 722.39  3135  3943 58690.75 
 722.44  3140  4013 65277 
 722.49  3145  4083 53438.25 
 722.55  3150  4153 66048.25 
 722.59  3155  4223 56655 
 722.64  3160  4294 45540.75 
 722.69  3165  4364 58879 
 722.74  3170  4435 69672.25 
 722.79  3175  4506 69829.5 
 722.85  3180  4576 50626 
 722.89  3185  4647 56127.25 
 722.94  3190  4718 59585 
 722.99  3195  4790 51063.75 
 723.04  3200  4861 57936.25 
 723.09  3205  4932 61931.5 
 723.14  3210  5004 48580.5 
 723.19  3215  5076 44029.25 
 723.24  3220  5147 47092.5 
 723.29  3225  5219 37742.75 
 723.34  3230  5291 33385.5 
 723.4  3235  5363 34821.75 
 723.44  3240  5436 36851.25 
 723.49  3245  5508 35132.75 
 723.54  3250  5580 29903.5 
 723.76  3255  3743 29106 
 723.79  3260  3817 33256.75 
 723.84  3265  3890 32183.25 
 723.87  3270  3963 32366.75 
 723.91  3275  4037 31488.5 
 723.95  3280  4110 29431.25 
 723.98  3285  4184 28911.25 
 724.02  3290  4258 33061.25 
 724.05  3295  4332 36933.75 
 724.1  3300  4406 37633.5 
 724.13  3305  4481 31033.75 
 724.17  3310  4555 31740.25 
 724.2  3315  4630 31352.5 
 724.24  3320  4704 32476.5 
 724.27  3325  4779 31766 
 724.32  3330  4854 31568.75 
 724.35  3335  4929 29267.5 
 724.39  3340  5005 30150 
 724.43  3345  5080 33147.5 
 724.46  3350  5155 30962.25 
 724.5  3355  5231 34605.75 
 724.53  3360  5307 23630.25 
 724.58  3365  5383 29008 
 724.61  3370  5459 23582.25 
 724.65  3375  5535 29796.25 
 724.68  3380  5611 27703.25 
 724.72  3385  5688 31137.75 
 724.76  3390  5764 30247.25 
 724.8  3395  5841 29532 
 724.84  3400  5918 34953.5 
 724.87  3405  5995 30868.5 
 724.91  3410  6072 29434 
 724.94  3415  6149 27198.75 
 724.99  3420  6226 32017 
 725.02  3425  6304 29628.75 
 725.06  3430  6381 32088 
 725.1  3435  6459 30073 
 725.13  3440  6537 21526.25 
 725.17  3445  6615 22437 
 725.2  3450  6693 29117.25 
 725.25  3455  6771 29102 
 725.28  3460  6850 24663.75 
 725.32  3465  6928 27657 
 725.36  3470  7007 29325.5 
 725.39  3475  7086 23280.25 
 725.43  3480  7165 26867 
 725.47  3485  7244 26569.75 
 725.51  3490  7323 23875 
 725.54  3495  7402 23872 
 725.58  3500  7482 29268.5 
 725.62  3505  7561 30120 
 725.65  3510  7641 26660.25 
 725.7  3515  7721 26046 
 725.73  3520  7801 27078 
 725.77  3525  7881 21095.75 
 725.81  3530  7961 26558.25 
 725.84  3535  8042 27994.5 
 725.88  3540  8122 28460.5 
 725.92  3545  8203 28925.75 
 725.96  3550  8283 28234.25 
 725.99  3555  8364 25266.25 
 726.03  3560  8445 26264.75 
 726.07  3565  8527 21315 
 726.1  3570  8608 18435.5 
 726.15  3575  8689 22182.75 
 726.18  3580  8771 16348.25 
 726.22  3585  8853 14521.5 
 726.25  3590  8934 20919 
 726.29  3595  9016 25101.5 
 726.33  3600  9099 25528.75 
 726.37  3605  9181 19752.5 
 726.41  3610  9263 18440.25 
 726.44  3615  9346 20456.5 
 726.48  3620  9428 17646.25 
 726.51  3625  9511 24251 
 726.55  3630  9594 19336 
end
uaIntegration time is 0.2294 seconds per sampledt  3.3E-08 cy 1dh270619El Arenosillo 37.1 6.73 3.50161pr1000dark 1.45 
 750.05  2900  777 67.75 
 750.1  2905  842 67.75 
 750.15  2910  907 71.75 
 750.21  2915  972 75.25 
 750.25  2920  1037 76.25 
 750.3  2925  1102 79.5 
 750.35  2930  1168 91.5 
 750.4  2935  1233 103 
 750.45  2940  1299 126 
 750.5  2945  1365 146.25 
 750.56  2950  1431 202.75 
 750.6  2955  1497 287.5 
 750.65  2960  1563 418.5 
 750.7  2965  1629 444.5 
 750.75  2970  1695 549.5 
 750.8  2975  1761 1051.5 
 750.86  2980  1828 1143.75 
 750.9  2985  1894 1140.5 
 750.95  2990  1961 1976.5 
 751  2995  2028 2499 
 751.05  3000  2095 2376.75 
 751.1  3005  2162 3073.5 
 751.16  3010  2229 4478 
 751.2  3015  2296 5601 
 751.25  3020  2364 4780.75 
 751.3  3025  2431 8160.25 
 751.35  3030  2499 12051.75 
 751.4  3035  2566 13857.25 
 751.46  3040  2634 12996.75 
 751.5  3045  2702 16321.25 
 751.55  3050  2770 20841.75 
 751.6  3055  2838 21053.5 
 751.65  3060  2906 19964 
 751.7  3065  2975 23003.5 
 751.76  3070  3043 29165.5 
 751.8  3075  3112 33064 
 751.85  3080  3180 34503.75 
 751.9  3085  3249 37604.75 
 751.95  3090  3318 32580.75 
 752  3095  3387 33866.75 
 752.06  3100  3456 33294.5 
 752.1  3105  3525 50801.5 
 752.15  3110  3594 59884 
 752.2  3115  3664 57165 
 752.25  3120  3733 51901.5 
 752.3  3125  3803 58090.75 
 752.36  3130  3873 59450.25 
 752.4  3135  3943 59588.75 
 752.45  3140  4013 66460.75 
 752.5  3145  4083 54171.75 
 752.55  3150  4153 66794.5 
 752.6  3155  4223 57696 
 752.66  3160  4294 46062.25 
 752.7  3165  4364 59487.75 
 752.75  3170  4435 70355.5 
 752.8  3175  4506 71029 
 752.85  3180  4576 51492.75 
 752.9  3185  4647 56524 
 752.96  3190  4718 60614 
 753  3195  4790 51624 
 753.05  3200  4861 58718 
 753.1  3205  4932 62941.5 
 753.15  3210  5004 49527 
 753.21  3215  5076 44587.25 
 753.25  3220  5147 47781 
 753.3  3225  5219 38152 
 753.35  3230  5291 33860.75 
 753.4  3235  5363 35339.75 
 753.46  3240  5436 37237.75 
 753.5  3245  5508 35687.5 
 753.55  3250  5580 30350.5 
 753.77  3255  3743 29479 
 753.81  3260  3817 33653 
 753.84  3265  3890 32638.75 
 753.88  3270  3963 32909.25 
 753.92  3275  4037 31771 
 753.96  3280  4110 29795.25 
 753.99  3285  4184 29277 
 754.03  3290  4258 33380.25 
 754.07  3295  4332 37405.5 
 754.11  3300  4406 38061.25 
 754.14  3305  4481 31435 
 754.18  3310  4555 32046.25 
 754.21  3315  4630 31703 
 754.25  3320  4704 32915 
 754.29  3325  4779 32102 
 754.33  3330  4854 32032 
 754.37  3335  4929 29617 
 754.4  3340  5005 30397 
 754.44  3345  5080 33540.25 
 754.47  3350  5155 31256.75 
 754.51  3355  5231 35074 
 754.55  3360  5307 23955.25 
 754.59  3365  5383 29296.75 
 754.63  3370  5459 23819 
 754.66  3375  5535 30027.75 
 754.7  3380  5611 28028.75 
 754.73  3385  5688 31289.5 
 754.78  3390  5764 30574.75 
 754.81  3395  5841 29657.25 
 754.85  3400  5918 35319 
 754.89  3405  5995 31145.5 
 754.92  3410  6072 29857.75 
 754.96  3415  6149 27330 
 754.99  3420  6226 32393 
 755.04  3425  6304 29863.25 
 755.07  3430  6381 32470.75 
 755.11  3435  6459 30266.25 
 755.14  3440  6537 21949.25 
 755.18  3445  6615 22544 
 755.22  3450  6693 29318.75 
 755.26  3455  6771 29569.75 
 755.3  3460  6850 24902.75 
 755.33  3465  6928 27969.5 
 755.37  3470  7007 29617 
 755.4  3475  7086 23464.5 
 755.44  3480  7165 27080 
 755.48  3485  7244 26765.25 
 755.52  3490  7323 24046.25 
 755.56  3495  7402 24083.75 
 755.59  3500  7482 29486 
 755.63  3505  7561 30403 
 755.67  3510  7641 26943 
 755.7  3515  7721 26112.5 
 755.75  3520  7801 27241.5 
 755.78  3525  7881 21151 
 755.82  3530  7961 26754 
 755.86  3535  8042 28205 
 755.89  3540  8122 28740.5 
 755.93  3545  8203 28992.25 
 755.97  3550  8283 28383.25 
 756.01  3555  8364 25404.75 
 756.04  3560  8445 26372 
 756.08  3565  8527 21417.5 
 756.12  3570  8608 18391 
 756.15  3575  8689 22274.25 
 756.19  3580  8771 16516.5 
 756.23  3585  8853 14576 
 756.27  3590  8934 20804.5 
 756.31  3595  9016 25242.75 
 756.34  3600  9099 25679.5 
 756.38  3605  9181 19947.25 
 756.41  3610  9263 18623.75 
 756.46  3615  9346 20651.5 
 756.49  3620  9428 17732.25 
 756.53  3625  9511 24303.25 
 756.57  3630  9594 19683.25 
end
uaIntegration time is 0.2294 seconds per sampledt  3.3E-08 cy 1dh270619El Arenosillo 37.1 6.73 3.50161pr1000dark 1.4 
 780.05  2900  777 67.5 
 780.1  2905  842 71.75 
 780.15  2910  907 69.5 
 780.21  2915  972 74.75 
 780.25  2920  1037 79.5 
 780.3  2925  1102 79.75 
 780.35  2930  1168 94.75 
 780.4  2935  1233 112.25 
 780.45  2940  1299 128.75 
 780.5  2945  1365 152.75 
 780.55  2950  1431 200 
 780.6  2955  1497 291 
 780.65  2960  1563 414.25 
 780.7  2965  1629 431.25 
 780.76  2970  1695 548.25 
 780.8  2975  1761 1033.5 
 780.85  2980  1828 1139.25 
 780.9  2985  1894 1140.5 
 780.95  2990  1961 1939 
 781  2995  2028 2411 
 781.05  3000  2095 2396.5 
 781.1  3005  2162 3087.5 
 781.15  3010  2229 4409.5 
 781.2  3015  2296 5453.5 
 781.25  3020  2364 4699.5 
 781.3  3025  2431 7759.75 
 781.36  3030  2499 11291.25 
 781.4  3035  2566 12964.5 
 781.45  3040  2634 12481.75 
 781.5  3045  2702 14117.75 
 781.55  3050  2770 17739.75 
 781.6  3055  2838 18332.75 
 781.65  3060  2906 17893.75 
 781.71  3065  2975 19968.25 
 781.75  3070  3043 25614.5 
 781.8  3075  3112 29689 
 781.85  3080  3180 31968 
 781.9  3085  3249 32317.5 
 781.96  3090  3318 26150 
 782  3095  3387 26832.75 
 782.05  3100  3456 25904.25 
 782.1  3105  3525 43218 
 782.15  3110  3594 52735.25 
 782.2  3115  3664 50003 
 782.26  3120  3733 43822.25 
 782.3  3125  3803 47692.75 
 782.35  3130  3873 47452.75 
 782.4  3135  3943 47470.25 
 782.45  3140  4013 52694.25 
 782.5  3145  4083 42977.25 
 782.55  3150  4153 52205 
 782.61  3155  4223 43870.5 
 782.65  3160  4294 35016 
 782.7  3165  4364 45042.75 
 782.75  3170  4435 53684.5 
 782.8  3175  4506 53946.25 
 782.86  3180  4576 39506.5 
 782.9  3185  4647 43128.75 
 782.95  3190  4718 46968 
 783  3195  4790 41718 
 783.05  3200  4861 47853.25 
 783.1  3205  4932 51957 
 783.16  3210  5004 42193.5 
 783.2  3215  5076 38824.5 
 783.25  3220  5147 40713.5 
 783.3  3225  5219 32875.75 
 783.35  3230  5291 30321.75 
 783.4  3235  5363 30946 
 783.45  3240  5436 31664.75 
 783.5  3245  5508 29646.75 
 783.55  3250  5580 25420.25 
 783.77  3255  3743 27364.5 
 783.8  3260  3817 31310.25 
 783.84  3265  3890 30301.5 
 783.88  3270  3963 30681.25 
 783.92  3275  4037 28653.75 
 783.96  3280  4110 26386 
 783.99  3285  4184 26641.5 
 784.03  3290  4258 30038 
 784.06  3295  4332 32846.5 
 784.11  3300  4406 34316.25 
 784.14  3305  4481 27388.75 
 784.18  3310  4555 28166.25 
 784.21  3315  4630 27443 
 784.25  3320  4704 27419.75 
 784.29  3325  4779 26776.25 
 784.33  3330  4854 27073.5 
 784.37  3335  4929 24658.75 
 784.4  3340  5005 25143.25 
 784.44  3345  5080 27924.25 
 784.47  3350  5155 25038 
 784.52  3355  5231 27075.25 
 784.55  3360  5307 18821.25 
 784.59  3365  5383 24185 
 784.62  3370  5459 20102 
 784.66  3375  5535 25466.75 
 784.7  3380  5611 24356.25 
 784.74  3385  5688 27484.5 
 784.78  3390  5764 26883.25 
 784.81  3395  5841 29053.75 
 784.85  3400  5918 32454.75 
 784.88  3405  5995 27956 
 784.93  3410  6072 27057 
 784.96  3415  6149 24849.5 
 785  3420  6226 28666 
 785.04  3425  6304 26837 
 785.07  3430  6381 29187 
 785.11  3435  6459 25896.75 
 785.14  3440  6537 17916.5 
 785.19  3445  6615 18832.25 
 785.22  3450  6693 24909 
 785.26  3455  6771 24675 
 785.3  3460  6850 21386.25 
 785.33  3465  6928 23826.5 
 785.38  3470  7007 25397.75 
 785.41  3475  7086 20316.25 
 785.45  3480  7165 22840.5 
 785.48  3485  7244 20951.75 
 785.52  3490  7323 18917.25 
 785.55  3495  7402 19658.75 
 785.6  3500  7482 24773 
 785.64  3505  7561 26368.25 
 785.67  3510  7641 22752.75 
 785.71  3515  7721 22102.5 
 785.74  3520  7801 23037.75 
 785.79  3525  7881 17923.5 
 785.82  3530  7961 24194.5 
 785.86  3535  8042 25887.25 
 785.9  3540  8122 26235.75 
 785.93  3545  8203 26772.75 
 785.97  3550  8283 26069.75 
 786.01  3555  8364 22715.25 
 786.05  3560  8445 21780.5 
 786.09  3565  8527 18112.75 
 786.12  3570  8608 16872.5 
 786.16  3575  8689 20181 
 786.19  3580  8771 14296.25 
 786.24  3585  8853 12216.25 
 786.27  3590  8934 16723.25 
 786.31  3595  9016 19367.75 
 786.35  3600  9099 19805.75 
 786.38  3605  9181 15536.5 
 786.42  3610  9263 14238.25 
 786.46  3615  9346 15601.5 
 786.5  3620  9428 13439.75 
 786.54  3625  9511 18524.25 
 786.57  3630  9594 15193.5 
end
uaIntegration time is 0.2294 seconds per sampledt  3.3E-08 cy 1dh270619El Arenosillo 37.1 6.73 3.447962pr1000dark 1.25 
 810.04  2900  777 62 
 810.09  2905  842 66.25 
 810.14  2910  907 69.75 
 810.2  2915  972 67.5 
 810.24  2920  1037 70 
 810.29  2925  1102 70.5 
 810.34  2930  1168 82.75 
 810.39  2935  1233 94.75 
 810.44  2940  1299 106.75 
 810.5  2945  1365 125.75 
 810.54  2950  1431 159.75 
 810.59  2955  1497 239 
 810.64  2960  1563 335.5 
 810.69  2965  1629 369.5 
 810.74  2970  1695 447 
 810.8  2975  1761 850.5 
 810.84  2980  1828 949.25 
 810.89  2985  1894 970.25 
 810.94  2990  1961 1637.5 
 810.99  2995  2028 2079.5 
 811.04  3000  2095 2027.5 
 811.09  3005  2162 2571.5 
 811.15  3010  2229 3832.25 
 811.19  3015  2296 4832.25 
 811.24  3020  2364 4179.5 
 811.29  3025  2431 7105.75 
 811.34  3030  2499 10590.75 
 811.4  3035  2566 12200.25 
 811.44  3040  2634 11500 
 811.49  3045  2702 14463.75 
 811.54  3050  2770 18560 
 811.59  3055  2838 18768.5 
 811.65  3060  2906 17819.75 
 811.69  3065  2975 20606.75 
 811.74  3070  3043 26313 
 811.79  3075  3112 29951 
 811.84  3080  3180 31153.5 
 811.89  3085  3249 34120.25 
 811.95  3090  3318 29563.75 
 811.99  3095  3387 30647.75 
 812.04  3100  3456 30265.25 
 812.09  3105  3525 46348.5 
 812.14  3110  3594 54860.25 
 812.19  3115  3664 52244.25 
 812.25  3120  3733 47538.75 
 812.29  3125  3803 53266.25 
 812.34  3130  3873 54707.25 
 812.39  3135  3943 54762 
 812.44  3140  4013 61364 
 812.49  3145  4083 49936.25 
 812.54  3150  4153 61744.75 
 812.59  3155  4223 53133 
 812.64  3160  4294 42640.5 
 812.69  3165  4364 55237.75 
 812.74  3170  4435 65470.75 
 812.79  3175  4506 65977 
 812.84  3180  4576 47895.5 
 812.89  3185  4647 52691 
 812.94  3190  4718 56336.5 
 812.99  3195  4790 48002.25 
 813.04  3200  4861 54610 
 813.1  3205  4932 58457.75 
 813.14  3210  5004 45944.75 
 813.19  3215  5076 41397 
 813.24  3220  5147 44349.25 
 813.29  3225  5219 35424.25 
 813.34  3230  5291 31437.25 
 813.39  3235  5363 32865.75 
 813.45  3240  5436 34686 
 813.49  3245  5508 33061 
 813.54  3250  5580 28077.25 
 813.76  3255  3743 27397.5 
 813.79  3260  3817 31409.5 
 813.84  3265  3890 30406.25 
 813.87  3270  3963 30640 
 813.91  3275  4037 29701.25 
 813.95  3280  4110 27769 
 813.98  3285  4184 27290.5 
 814.02  3290  4258 31187.25 
 814.05  3295  4332 34862.5 
 814.1  3300  4406 35502.75 
 814.13  3305  4481 29289.5 
 814.17  3310  4555 29944.5 
 814.2  3315  4630 29550 
 814.24  3320  4704 30657 
 814.28  3325  4779 30048.75 
 814.32  3330  4854 29784 
 814.36  3335  4929 27651 
 814.39  3340  5005 28298.25 
 814.43  3345  5080 31270.5 
 814.46  3350  5155 29165 
 814.5  3355  5231 32669.5 
 814.54  3360  5307 22364.5 
 814.58  3365  5383 27378 
 814.62  3370  5459 22281.75 
 814.65  3375  5535 27976.75 
 814.69  3380  5611 26086 
 814.72  3385  5688 29246.75 
 814.77  3390  5764 28632 
 814.8  3395  5841 27784.5 
 814.84  3400  5918 33087 
 814.88  3405  5995 29206.75 
 814.91  3410  6072 28015.25 
 814.95  3415  6149 25702 
 814.99  3420  6226 30270.25 
 815.03  3425  6304 27979.5 
 815.06  3430  6381 30344.25 
 815.1  3435  6459 28316 
 815.14  3440  6537 20402.5 
 815.17  3445  6615 21194 
 815.22  3450  6693 27437 
 815.25  3455  6771 27654.25 
 815.29  3460  6850 23421.25 
 815.33  3465  6928 26190 
 815.36  3470  7007 27912.5 
 815.41  3475  7086 22080 
 815.44  3480  7165 25452.75 
 815.48  3485  7244 25125.25 
 815.51  3490  7323 22746.75 
 815.55  3495  7402 22658.5 
 815.59  3500  7482 27712 
 815.62  3505  7561 28606 
 815.67  3510  7641 25305 
 815.7  3515  7721 24476.5 
 815.74  3520  7801 25655.75 
 815.77  3525  7881 19922.5 
 815.81  3530  7961 25095.75 
 815.84  3535  8042 26435 
 815.89  3540  8122 26896.75 
 815.93  3545  8203 27282.75 
 815.96  3550  8283 26639.5 
 816  3555  8364 23812.75 
 816.03  3560  8445 24703.25 
 816.08  3565  8527 20124 
 816.12  3570  8608 17312 
 816.15  3575  8689 20807.75 
 816.19  3580  8771 15482 
 816.22  3585  8853 13669 
 816.26  3590  8934 19560.25 
 816.3  3595  9016 23606.5 
 816.34  3600  9099 24067.5 
 816.38  3605  9181 18646.25 
 816.41  3610  9263 17416.5 
 816.45  3615  9346 19353.75 
 816.48  3620  9428 16590.5 
 816.53  3625  9511 22706.75 
 816.57  3630  9594 18323 
end
uaIntegration time is 0.2294 seconds per sampledt  3.3E-08 cy 1dh270619El Arenosillo 37.1 6.73 3.447962pr1000dark 1.4 
 840.04  2900  777 57.25 
 840.09  2905  842 61.25 
 840.14  2910  907 61.5 
 840.2  2915  972 63 
 840.24  2920  1037 62.5 
 840.29  2925  1102 63.5 
 840.34  2930  1168 75.5 
 840.39  2935  1233 81.5 
 840.44  2940  1299 87.75 
 840.5  2945  1365 103.75 
 840.54  2950  1431 136.25 
 840.59  2955  1497 195.5 
 840.64  2960  1563 279.25 
 840.69  2965  1629 303.5 
 840.74  2970  1695 375.25 
 840.8  2975  1761 683.5 
 840.84  2980  1828 809.25 
 840.89  2985  1894 801.75 
 840.94  2990  1961 1366.25 
 840.99  2995  2028 1773.25 
 841.04  3000  2095 1716.75 
 841.1  3005  2162 2235.75 
 841.14  3010  2229 3300.25 
 841.19  3015  2296 4175.5 
 841.24  3020  2364 3624.5 
 841.29  3025  2431 6214.75 
 841.34  3030  2499 9349.25 
 841.4  3035  2566 10712.75 
 841.44  3040  2634 10203.5 
 841.49  3045  2702 12901 
 841.54  3050  2770 16571 
 841.59  3055  2838 16827.25 
 841.64  3060  2906 16068.5 
 841.7  3065  2975 18656.75 
 841.74  3070  3043 23894.25 
 841.79  3075  3112 27288.25 
 841.84  3080  3180 28455.25 
 841.89  3085  3249 31235 
 841.94  3090  3318 27152.5 
 842  3095  3387 28378.75 
 842.04  3100  3456 27874 
 842.09  3105  3525 42825.75 
 842.14  3110  3594 50708 
 842.19  3115  3664 48394.25 
 842.24  3120  3733 44163 
 842.29  3125  3803 49419.75 
 842.34  3130  3873 50888.75 
 842.39  3135  3943 50782.5 
 842.44  3140  4013 56905.75 
 842.49  3145  4083 46672.75 
 842.54  3150  4153 57735 
 842.6  3155  4223 49712 
 842.64  3160  4294 39817.75 
 842.69  3165  4364 51715.25 
 842.74  3170  4435 61169.25 
 842.79  3175  4506 61550.25 
 842.84  3180  4576 44619 
 842.9  3185  4647 49347.75 
 842.94  3190  4718 52927.5 
 842.99  3195  4790 45026.75 
 843.04  3200  4861 51114.5 
 843.09  3205  4932 54911.25 
 843.14  3210  5004 43298.25 
 843.2  3215  5076 38966.5 
 843.24  3220  5147 41704.5 
 843.29  3225  5219 33420.5 
 843.34  3230  5291 29588.75 
 843.39  3235  5363 31000.25 
 843.44  3240  5436 32691.25 
 843.49  3245  5508 31188.25 
 843.54  3250  5580 26580 
 843.76  3255  3743 25722.5 
 843.79  3260  3817 29608.5 
 843.83  3265  3890 28750.5 
 843.87  3270  3963 28931.5 
 843.91  3275  4037 27902 
 843.95  3280  4110 26104.75 
 843.98  3285  4184 25687.25 
 844.02  3290  4258 29387 
 844.05  3295  4332 32926.75 
 844.09  3300  4406 33475.5 
 844.13  3305  4481 27668.5 
 844.17  3310  4555 28273.5 
 844.2  3315  4630 27952.75 
 844.24  3320  4704 28945.25 
 844.28  3325  4779 28307.75 
 844.31  3330  4854 28126.5 
 844.36  3335  4929 26030.25 
 844.39  3340  5005 26702.25 
 844.43  3345  5080 29581.5 
 844.46  3350  5155 27470.5 
 844.5  3355  5231 30967.25 
 844.53  3360  5307 21110 
 844.57  3365  5383 25779.5 
 844.61  3370  5459 20940.75 
 844.65  3375  5535 26430 
 844.69  3380  5611 24598 
 844.72  3385  5688 27653.75 
 844.76  3390  5764 26919 
 844.79  3395  5841 26039.75 
 844.84  3400  5918 30936.75 
 844.87  3405  5995 27473.25 
 844.91  3410  6072 26244 
 844.95  3415  6149 24208.75 
 844.98  3420  6226 28508.25 
 845.03  3425  6304 26352 
 845.06  3430  6381 28614 
 845.1  3435  6459 26697 
 845.13  3440  6537 19251 
 845.17  3445  6615 19844.25 
 845.21  3450  6693 25842 
 845.25  3455  6771 26014.5 
 845.29  3460  6850 21900 
 845.32  3465  6928 24650.25 
 845.36  3470  7007 26081 
 845.39  3475  7086 20681.5 
 845.44  3480  7165 23821.75 
 845.47  3485  7244 23562.25 
 845.51  3490  7323 21350.5 
 845.55  3495  7402 21340.75 
 845.58  3500  7482 26047.25 
 845.62  3505  7561 26817 
 845.65  3510  7641 23892.5 
 845.7  3515  7721 22945.75 
 845.74  3520  7801 24012.25 
 845.77  3525  7881 18675.75 
 845.81  3530  7961 23586.75 
 845.84  3535  8042 24816.75 
 845.88  3540  8122 25326.5 
 845.92  3545  8203 25532 
 845.96  3550  8283 25088 
 846  3555  8364 22374.25 
 846.03  3560  8445 23259.25 
 846.07  3565  8527 18987.25 
 846.11  3570  8608 16203.75 
 846.15  3575  8689 19642.25 
 846.19  3580  8771 14595.75 
 846.22  3585  8853 12830.5 
 846.26  3590  8934 18394.5 
 846.29  3595  9016 22192.5 
 846.34  3600  9099 22627 
 846.37  3605  9181 17522.75 
 846.41  3610  9263 16292.25 
 846.45  3615  9346 18192 
 846.48  3620  9428 15575 
 846.52  3625  9511 21400.25 
 846.56  3630  9594 17203 
end
