ufIntegration time is 0.2294 seconds per sampledt  2.7E-08 cy 4dh210619El Arenosillo 37.1 6.73 2.98pr1000dark .8 
 461.85  2900  722 95 
 461.89  2905  789 92 
 461.93  2910  857 92 
 461.97  2915  924 96 
 462.01  2920  992 116 
 462.04  2925  1060 99 
 462.08  2930  1127 94 
 462.12  2935  1195 99 
 462.16  2940  1263 96 
 462.2  2945  1331 100 
 462.24  2950  1399 100 
 462.28  2955  1468 101 
 462.32  2960  1536 105 
 462.36  2965  1604 111 
 462.4  2970  1672 148 
 462.44  2975  1741 116 
 462.48  2980  1809 156 
 462.52  2985  1878 145 
 462.56  2990  1946 175 
 462.59  2995  2015 216 
 462.63  3000  2084 242 
 462.67  3005  2153 302 
 462.71  3010  2221 446 
 462.75  3015  2290 593 
 462.79  3020  2359 627 
 462.83  3025  2428 1108 
 462.87  3030  2498 1898 
 462.91  3035  2567 2417 
 462.95  3040  2636 2439 
 462.99  3045  2705 3524 
 463.03  3050  2775 5288 
 463.07  3055  2844 5792 
 463.11  3060  2914 6018 
 463.14  3065  2984 7363 
 463.18  3070  3053 10896 
 463.22  3075  3123 13775 
 463.26  3080  3193 14820 
 463.3  3085  3263 17195 
 463.34  3090  3333 15896 
 463.38  3095  3403 18840 
 463.42  3100  3473 19597 
 463.46  3105  3544 31259 
 463.5  3110  3614 38284 
 463.54  3115  3684 37845 
 463.58  3120  3755 37588 
 463.62  3125  3826 44877 
 463.66  3130  3896 47425 
 463.7  3135  3967 46953 
 463.73  3140  4038 55669 
 463.77  3145  4109 49587 
 463.81  3150  4180 62429 
 463.85  3155  4251 52400 
 463.89  3160  4322 45240 
 463.93  3165  4393 61656 
 463.97  3170  4465 73175 
 464.01  3175  4536 71855 
 464.05  3180  4607 54032 
 464.09  3185  4679 65420 
 464.13  3190  4751 69042 
 464.17  3195  4822 58121 
 464.21  3200  4894 65778 
 464.24  3205  4966 74220 
 464.28  3210  5038 60091 
 464.32  3215  5110 56082 
 464.36  3220  5183 56482 
 464.4  3225  5255 44528 
 464.44  3230  5327 42969 
 464.48  3235  5400 46437 
 464.52  3240  5472 49534 
 464.56  3245  5545 45095 
 464.6  3250  5618 38045 
end
uxIntegration time is 0.2294 seconds per sampledt  2.7E-08 cy 1dh210619El Arenosillo 37.1 6.73 3.11pr1000dark .35 
 501.9  2900  722 36.25 
 501.94  2905  789 40.5 
 501.98  2910  857 38.75 
 502.01  2915  924 38.25 
 502.05  2920  992 38.5 
 502.09  2925  1060 36.5 
 502.13  2930  1127 38.5 
 502.17  2935  1195 40.5 
 502.21  2940  1263 38.25 
 502.25  2945  1331 39.5 
 502.29  2950  1399 39.75 
 502.33  2955  1468 43.75 
 502.37  2960  1536 45.25 
 502.41  2965  1604 49 
 502.45  2970  1672 51.25 
 502.49  2975  1741 59.25 
 502.52  2980  1809 75.25 
 502.56  2985  1878 78.75 
 502.6  2990  1946 114.75 
 502.64  2995  2015 166 
 502.67  3000  2084 168 
 502.7  3005  2153 221 
 502.73  3010  2221 342.5 
 502.77  3015  2290 485.5 
 502.8  3020  2359 445 
 502.83  3025  2428 837.5 
 502.86  3030  2498 1351.5 
 502.89  3035  2567 1672 
 502.92  3040  2636 1642.5 
 502.95  3045  2705 2260.5 
 502.98  3050  2775 3255 
 503.01  3055  2844 3473.5 
 503.04  3060  2914 3432 
 503.07  3065  2984 4245 
 503.1  3070  3053 5866.5 
 503.13  3075  3123 7183 
 503.16  3080  3193 7679.5 
 503.19  3085  3263 8733.5 
 503.22  3090  3333 7722.5 
 503.25  3095  3403 8904.5 
 503.29  3100  3473 9129.5 
 503.32  3105  3544 14317.5 
 503.35  3110  3614 17322 
 503.38  3115  3684 16718.5 
 503.41  3120  3755 16341 
 503.44  3125  3826 19046 
 503.47  3130  3896 19860.5 
 503.5  3135  3967 19798.5 
 503.53  3140  4038 22955.5 
 503.56  3145  4109 19780 
 503.59  3150  4180 24956.5 
 503.62  3155  4251 20829 
 503.65  3160  4322 17744 
 503.68  3165  4393 23685 
 503.71  3170  4465 28178 
 503.74  3175  4536 27645.5 
 503.77  3180  4607 20631.5 
 503.8  3185  4679 24571 
 503.83  3190  4751 25560 
 503.87  3195  4822 21776.5 
 503.9  3200  4894 24738 
 503.93  3205  4966 27198 
 503.96  3210  5038 21629 
 503.99  3215  5110 20286 
 504.02  3220  5183 20531.5 
 504.05  3225  5255 16241.5 
 504.08  3230  5327 15484.5 
 504.11  3235  5400 16355.5 
 504.14  3240  5472 17335 
 504.17  3245  5545 16018 
 504.2  3250  5618 13659 
 504.47  3255  3767 8372.5 
 504.5  3260  3842 9926 
 504.53  3265  3916 9848 
 504.56  3270  3990 9900.5 
 504.59  3275  4065 9535 
 504.62  3280  4139 8935.5 
 504.66  3285  4214 8903.5 
 504.69  3290  4288 10511.5 
 504.72  3295  4363 11775 
 504.75  3300  4438 11953.5 
 504.78  3305  4513 9801.5 
 504.81  3310  4588 9958.5 
 504.84  3315  4664 10134 
 504.87  3320  4739 10522.5 
 504.9  3325  4814 10480.5 
 504.93  3330  4890 10337 
 504.96  3335  4965 9531 
 504.99  3340  5041 9986.5 
 505.02  3345  5117 11015.5 
 505.06  3350  5193 10475 
 505.09  3355  5269 11576.5 
 505.12  3360  5345 7917 
 505.15  3365  5421 9842.5 
 505.18  3370  5498 7993.5 
 505.21  3375  5574 10218.5 
 505.24  3380  5651 9367.5 
 505.27  3385  5728 10803 
 505.3  3390  5805 10316 
 505.34  3395  5882 10414 
 505.37  3400  5959 12061.5 
 505.4  3405  6036 10623.5 
 505.43  3410  6113 10382 
 505.46  3415  6190 9723 
 505.49  3420  6268 11248 
 505.52  3425  6346 10587.5 
 505.55  3430  6423 11402.5 
 505.58  3435  6501 10593.5 
 505.62  3440  6579 7483 
 505.65  3445  6658 8231 
 505.68  3450  6736 10460.5 
 505.71  3455  6814 10451.5 
 505.74  3460  6893 8890.5 
 505.77  3465  6971 9987 
 505.8  3470  7050 10643.5 
 505.83  3475  7129 8402.5 
 505.87  3480  7208 9749.5 
 505.9  3485  7287 9693.5 
 505.93  3490  7367 8650.5 
 505.96  3495  7446 8785 
 505.99  3500  7526 10768 
 506.02  3505  7605 11056 
 506.06  3510  7685 9835 
 506.09  3515  7765 9520.5 
 506.12  3520  7845 10015.5 
 506.15  3525  7925 7773 
 506.19  3530  8006 9738 
 506.22  3535  8086 10291 
 506.25  3540  8167 10609 
 506.28  3545  8248 10673 
 506.31  3550  8329 10530 
 506.35  3555  8410 9251 
 506.38  3560  8491 9683.5 
 506.41  3565  8572 8137 
 506.44  3570  8654 6650.5 
 506.47  3575  8736 8105.5 
 506.51  3580  8818 6224 
 506.54  3585  8900 5279 
 506.57  3590  8982 7433.5 
 506.6  3595  9064 9149 
 506.63  3600  9146 9459.5 
 506.67  3605  9229 7398.5 
 506.7  3610  9312 6595 
 506.73  3615  9395 7546.5 
 506.76  3620  9478 6231 
 506.8  3625  9561 8432.5 
 506.83  3630  9645 7407 
end
uxIntegration time is 0.2294 seconds per sampledt  2.7E-08 cy 1dh210619El Arenosillo 37.1 6.73 3.23pr1000dark 2.8 
 527.82  2900  722 46 
 527.86  2905  789 46.75 
 527.9  2910  857 45.25 
 527.94  2915  924 48.25 
 527.98  2920  992 48.75 
 528.02  2925  1060 49.75 
 528.06  2930  1127 51.75 
 528.1  2935  1195 52.75 
 528.14  2940  1263 52.75 
 528.17  2945  1331 55.25 
 528.21  2950  1399 52.5 
 528.25  2955  1468 55.75 
 528.29  2960  1536 70.75 
 528.33  2965  1604 67.25 
 528.37  2970  1672 76.5 
 528.41  2975  1741 103 
 528.45  2980  1809 127.75 
 528.49  2985  1878 133.75 
 528.53  2990  1946 206.75 
 528.57  2995  2015 280 
 528.6  3000  2084 312 
 528.63  3005  2153 421.5 
 528.66  3010  2221 618 
 528.69  3015  2290 846 
 528.72  3020  2359 767 
 528.75  3025  2428 1400 
 528.78  3030  2498 2214 
 528.81  3035  2567 2710 
 528.84  3040  2636 2637 
 528.87  3045  2705 3566 
 528.9  3050  2775 4996.5 
 528.93  3055  2844 5258 
 528.97  3060  2914 5163 
 529  3065  2984 6181.5 
 529.03  3070  3053 8473.5 
 529.06  3075  3123 10098 
 529.09  3080  3193 10750.5 
 529.12  3085  3263 12124.5 
 529.15  3090  3333 10782 
 529.18  3095  3403 12086 
 529.21  3100  3473 12257 
 529.24  3105  3544 19126 
 529.27  3110  3614 22971.5 
 529.3  3115  3684 22250.5 
 529.33  3120  3755 21243.5 
 529.36  3125  3826 24485 
 529.39  3130  3896 25526 
 529.42  3135  3967 25358.5 
 529.45  3140  4038 29176.5 
 529.48  3145  4109 25008.5 
 529.51  3150  4180 31068 
 529.54  3155  4251 26275 
 529.58  3160  4322 21993 
 529.61  3165  4393 29364.5 
 529.64  3170  4465 34726.5 
 529.67  3175  4536 34185 
 529.7  3180  4607 25214.5 
 529.73  3185  4679 29796 
 529.76  3190  4751 30540 
 529.79  3195  4822 26336 
 529.82  3200  4894 29905 
 529.85  3205  4966 32829.5 
 529.88  3210  5038 25758 
 529.91  3215  5110 24218.5 
 529.94  3220  5183 24808 
 529.97  3225  5255 19576 
 530  3230  5327 18312.5 
 530.03  3235  5400 19498 
 530.06  3240  5472 20689.5 
 530.1  3245  5545 19081.5 
 530.13  3250  5618 16287 
 530.4  3255  3767 9945 
 530.43  3260  3842 11675 
 530.46  3265  3916 11554.5 
 530.49  3270  3990 11646 
 530.52  3275  4065 11279 
 530.55  3280  4139 10427.5 
 530.58  3285  4214 10438.5 
 530.61  3290  4288 12306.5 
 530.64  3295  4363 13765.5 
 530.67  3300  4438 13897 
 530.7  3305  4513 11396 
 530.73  3310  4588 11733 
 530.76  3315  4664 11795.5 
 530.79  3320  4739 12196.5 
 530.82  3325  4814 12226.5 
 530.85  3330  4890 12136 
 530.89  3335  4965 11095 
 530.92  3340  5041 11596 
 530.95  3345  5117 12844 
 530.98  3350  5193 12189 
 531.01  3355  5269 13416 
 531.04  3360  5345 9180 
 531.07  3365  5421 11488 
 531.1  3370  5498 9223 
 531.13  3375  5574 11945 
 531.16  3380  5651 10883.5 
 531.19  3385  5728 12612 
 531.22  3390  5805 11959 
 531.25  3395  5882 12060.5 
 531.29  3400  5959 14112.5 
 531.32  3405  6036 12274.5 
 531.35  3410  6113 11942 
 531.38  3415  6190 11226 
 531.41  3420  6268 13144.5 
 531.44  3425  6346 12177 
 531.47  3430  6423 13163 
 531.51  3435  6501 12218.5 
 531.54  3440  6579 8646 
 531.57  3445  6658 9478.5 
 531.6  3450  6736 12072.5 
 531.63  3455  6814 12095 
 531.66  3460  6893 10336.5 
 531.7  3465  6971 11594.5 
 531.73  3470  7050 12345.5 
 531.76  3475  7129 9696 
 531.79  3480  7208 11281.5 
 531.82  3485  7287 11152 
 531.86  3490  7367 10122 
 531.89  3495  7446 10111.5 
 531.92  3500  7526 12413 
 531.95  3505  7605 12757.5 
 531.98  3510  7685 11332 
 532.02  3515  7765 10979 
 532.05  3520  7845 11615.5 
 532.08  3525  7925 8930.5 
 532.11  3530  8006 11260.5 
 532.15  3535  8086 11859.5 
 532.18  3540  8167 12193.5 
 532.21  3545  8248 12281.5 
 532.24  3550  8329 12154 
 532.27  3555  8410 10740 
 532.3  3560  8491 11130 
 532.34  3565  8572 9343 
 532.37  3570  8654 7760 
 532.4  3575  8736 9337.5 
 532.43  3580  8818 7212 
 532.47  3585  8900 6058.5 
 532.5  3590  8982 8517.5 
 532.53  3595  9064 10469.5 
 532.56  3600  9146 10946 
 532.59  3605  9229 8481 
 532.62  3610  9312 7591.5 
 532.66  3615  9395 8783.5 
 532.69  3620  9478 7178.5 
 532.72  3625  9561 9736.5 
 532.75  3630  9645 8477 
end
uxIntegration time is 0.2294 seconds per sampledt  2.7E-08 cy 1dh210619El Arenosillo 37.1 6.73 3.52pr1000dark 2.7 
 905.17  2900  722 83.5 
 905.21  2905  789 82.75 
 905.25  2910  857 91 
 905.29  2915  924 94 
 905.33  2920  992 92 
 905.37  2925  1060 92 
 905.41  2930  1127 95.25 
 905.45  2935  1195 105.25 
 905.49  2940  1263 101.75 
 905.52  2945  1331 106 
 905.56  2950  1399 116.5 
 905.6  2955  1468 133 
 905.64  2960  1536 164.5 
 905.68  2965  1604 188 
 905.72  2970  1672 223.25 
 905.76  2975  1741 349 
 905.8  2980  1809 424 
 905.84  2985  1878 435.75 
 905.88  2990  1946 709 
 905.92  2995  2015 951 
 905.95  3000  2084 973 
 905.98  3005  2153 1247 
 906.01  3010  2221 1908 
 906.04  3015  2290 2503 
 906.07  3020  2359 2195.5 
 906.1  3025  2428 3863.5 
 906.13  3030  2498 5964 
 906.16  3035  2567 7022 
 906.19  3040  2636 6716 
 906.22  3045  2705 8744.5 
 906.25  3050  2775 11617 
 906.28  3055  2844 11782 
 906.32  3060  2914 11589.5 
 906.35  3065  2984 13621.5 
 906.38  3070  3053 17890 
 906.41  3075  3123 20727.5 
 906.44  3080  3193 21724 
 906.47  3085  3263 24216 
 906.5  3090  3333 21083 
 906.53  3095  3403 22923 
 906.56  3100  3473 22961 
 906.59  3105  3544 35587 
 906.62  3110  3614 41957.5 
 906.65  3115  3684 39960.5 
 906.68  3120  3755 37455.5 
 906.71  3125  3826 42677 
 906.74  3130  3896 43864.5 
 906.77  3135  3967 44051 
 906.8  3140  4038 49257.5 
 906.84  3145  4109 41681.5 
 906.87  3150  4180 51479.5 
 906.9  3155  4251 43049 
 906.93  3160  4322 36315 
 906.96  3165  4393 47553 
 906.99  3170  4465 56332.5 
 907.02  3175  4536 54493.5 
 907.05  3180  4607 40180.5 
 907.08  3185  4679 47264 
 907.11  3190  4751 47658 
 907.14  3195  4822 41658.5 
 907.17  3200  4894 47026.5 
 907.2  3205  4966 50237 
 907.23  3210  5038 38703 
 907.26  3215  5110 37036.5 
 907.29  3220  5183 37844 
 907.32  3225  5255 29487 
 907.35  3230  5327 27878.5 
 907.39  3235  5400 28997 
 907.42  3240  5472 30675 
 907.45  3245  5545 28446.5 
 907.48  3250  5618 24488 
 907.74  3255  3767 14499.5 
 907.78  3260  3842 16691 
 907.81  3265  3916 16485.5 
 907.84  3270  3990 16543.5 
 907.87  3275  4065 15967.5 
 907.9  3280  4139 14981 
 907.93  3285  4214 14853.5 
 907.96  3290  4288 17518 
 907.99  3295  4363 19353.5 
 908.02  3300  4438 19498.5 
 908.05  3305  4513 15931 
 908.08  3310  4588 16617.5 
 908.11  3315  4664 16685 
 908.14  3320  4739 16987.5 
 908.18  3325  4814 16923 
 908.21  3330  4890 16819 
 908.24  3335  4965 15377 
 908.27  3340  5041 16359.5 
 908.3  3345  5117 17743.5 
 908.33  3350  5193 17079.5 
 908.36  3355  5269 18490.5 
 908.39  3360  5345 12812.5 
 908.42  3365  5421 15858.5 
 908.45  3370  5498 12867.5 
 908.49  3375  5574 16607 
 908.52  3380  5651 15083.5 
 908.55  3385  5728 17478.5 
 908.58  3390  5805 16463 
 908.61  3395  5882 16824.5 
 908.64  3400  5959 19278 
 908.67  3405  6036 16989.5 
 908.7  3410  6113 16373 
 908.73  3415  6190 15580 
 908.77  3420  6268 17911.5 
 908.8  3425  6346 16836.5 
 908.83  3430  6423 18047.5 
 908.86  3435  6501 16794 
 908.89  3440  6579 11797 
 908.92  3445  6658 13243 
 908.95  3450  6736 16773.5 
 908.98  3455  6814 16589 
 909.02  3460  6893 14196.5 
 909.05  3465  6971 16081 
 909.08  3470  7050 17099 
 909.11  3475  7129 13482 
 909.14  3480  7208 15896.5 
 909.17  3485  7287 15636.5 
 909.2  3490  7367 13972 
 909.24  3495  7446 14128.5 
 909.27  3500  7526 17412.5 
 909.3  3505  7605 17692.5 
 909.33  3510  7685 15723 
 909.36  3515  7765 15255 
 909.4  3520  7845 15880.5 
 909.43  3525  7925 12344.5 
 909.46  3530  8006 15555.5 
 909.49  3535  8086 16389 
 909.52  3540  8167 16932.5 
 909.56  3545  8248 17102 
 909.59  3550  8329 16792 
 909.62  3555  8410 14961.5 
 909.65  3560  8491 15541.5 
 909.68  3565  8572 12795.5 
 909.72  3570  8654 10735 
 909.75  3575  8736 12952 
 909.78  3580  8818 9877.5 
 909.81  3585  8900 8396.5 
 909.84  3590  8982 11924 
 909.87  3595  9064 14500 
 909.91  3600  9146 15014 
 909.94  3605  9229 11684 
 909.97  3610  9312 10499.5 
 910  3615  9395 11934 
 910.03  3620  9478 9913 
 910.07  3625  9561 13400.5 
 910.1  3630  9645 11430.5 
end
uxIntegration time is 0.2294 seconds per sampledt  2.7E-08 cy 1dh210619El Arenosillo 37.1 6.73 3.52pr1000dark 5.7 
 958.17  2900  722 66.25 
 958.21  2905  789 63.75 
 958.25  2910  857 66 
 958.29  2915  924 70.25 
 958.32  2920  992 67.5 
 958.36  2925  1060 76 
 958.4  2930  1127 72.75 
 958.44  2935  1195 70 
 958.48  2940  1263 70.5 
 958.52  2945  1331 67.5 
 958.56  2950  1399 74.5 
 958.6  2955  1468 88 
 958.64  2960  1536 91 
 958.68  2965  1604 105.75 
 958.72  2970  1672 110 
 958.76  2975  1741 155 
 958.8  2980  1809 189.25 
 958.83  2985  1878 195.25 
 958.87  2990  1946 305 
 958.91  2995  2015 413.75 
 958.94  3000  2084 423 
 958.97  3005  2153 579 
 959  3010  2221 880.5 
 959.04  3015  2290 1188.5 
 959.07  3020  2359 1088.5 
 959.1  3025  2428 1921 
 959.13  3030  2498 3047 
 959.16  3035  2567 3698.5 
 959.19  3040  2636 3578 
 959.22  3045  2705 4794 
 959.25  3050  2775 6615 
 959.28  3055  2844 6864 
 959.31  3060  2914 6813 
 959.34  3065  2984 8149.5 
 959.37  3070  3053 11002 
 959.4  3075  3123 13028.5 
 959.43  3080  3193 13847 
 959.46  3085  3263 15452 
 959.49  3090  3333 13564 
 959.52  3095  3403 15111.5 
 959.56  3100  3473 15331.5 
 959.59  3105  3544 24151 
 959.62  3110  3614 28427 
 959.65  3115  3684 27372.5 
 959.68  3120  3755 26117.5 
 959.71  3125  3826 29943.5 
 959.74  3130  3896 30989.5 
 959.77  3135  3967 31154.5 
 959.8  3140  4038 35221.5 
 959.83  3145  4109 30268 
 959.86  3150  4180 37264.5 
 959.89  3155  4251 31163.5 
 959.92  3160  4322 26503 
 959.95  3165  4393 35216.5 
 959.98  3170  4465 41528 
 960.01  3175  4536 40301 
 960.04  3180  4607 29944.5 
 960.08  3185  4679 35750 
 960.11  3190  4751 36207 
 960.14  3195  4822 31505.5 
 960.17  3200  4894 35793.5 
 960.2  3205  4966 38816.5 
 960.23  3210  5038 30196.5 
 960.26  3215  5110 28811.5 
 960.29  3220  5183 29260 
 960.32  3225  5255 22936 
 960.35  3230  5327 21883 
 960.38  3235  5400 22971.5 
 960.41  3240  5472 24296.5 
 960.44  3245  5545 22422.5 
 960.47  3250  5618 19278.5 
 960.74  3255  3767 11813 
 960.77  3260  3842 13736 
 960.8  3265  3916 13611 
 960.83  3270  3990 13604.5 
 960.87  3275  4065 13172 
 960.9  3280  4139 12220 
 960.93  3285  4214 12355 
 960.96  3290  4288 14605.5 
 960.99  3295  4363 16098 
 961.02  3300  4438 16279.5 
 961.05  3305  4513 13356.5 
 961.08  3310  4588 13854 
 961.11  3315  4664 13928 
 961.14  3320  4739 14280 
 961.17  3325  4814 14322 
 961.2  3330  4890 14141 
 961.23  3335  4965 12849 
 961.26  3340  5041 13604 
 961.3  3345  5117 14872.5 
 961.33  3350  5193 14339.5 
 961.36  3355  5269 15589.5 
 961.39  3360  5345 10665 
 961.42  3365  5421 13333 
 961.45  3370  5498 10861 
 961.48  3375  5574 13983 
 961.51  3380  5651 12756 
 961.54  3385  5728 14675 
 961.57  3390  5805 13797 
 961.61  3395  5882 14198.5 
 961.64  3400  5959 16265 
 961.67  3405  6036 14328 
 961.7  3410  6113 13883 
 961.73  3415  6190 13194.5 
 961.76  3420  6268 15079.5 
 961.79  3425  6346 14195 
 961.82  3430  6423 15325 
 961.85  3435  6501 14227.5 
 961.89  3440  6579 9947 
 961.92  3445  6658 11161 
 961.95  3450  6736 14122.5 
 961.98  3455  6814 13932 
 962.01  3460  6893 11933 
 962.04  3465  6971 13424.5 
 962.07  3470  7050 14290 
 962.11  3475  7129 11190 
 962.14  3480  7208 13142 
 962.17  3485  7287 12935 
 962.2  3490  7367 11686 
 962.24  3495  7446 11734 
 962.27  3500  7526 14376.5 
 962.3  3505  7605 14853.5 
 962.33  3510  7685 13072.5 
 962.36  3515  7765 12758 
 962.4  3520  7845 13319.5 
 962.43  3525  7925 10376.5 
 962.46  3530  8006 13038 
 962.49  3535  8086 13716 
 962.52  3540  8167 13999 
 962.55  3545  8248 14132.5 
 962.59  3550  8329 13930.5 
 962.62  3555  8410 12426.5 
 962.65  3560  8491 12894.5 
 962.68  3565  8572 10633 
 962.72  3570  8654 8998 
 962.75  3575  8736 10714 
 962.78  3580  8818 8140.5 
 962.81  3585  8900 7025 
 962.84  3590  8982 9938 
 962.88  3595  9064 12020 
 962.91  3600  9146 12499 
 962.94  3605  9229 9667 
 962.97  3610  9312 8794.5 
 963  3615  9395 10017.5 
 963.03  3620  9478 8287.5 
 963.07  3625  9561 11305.5 
 963.1  3630  9645 9607.5 
end
uxIntegration time is 0.2294 seconds per sampledt  2.7E-08 cy 1dh210619El Arenosillo 37.1 6.73 3.41pr1000dark 2.25 
 1160.38  2900  722 3.5 
 1160.41  2905  789 3 
 1160.45  2910  857 3 
 1160.49  2915  924 2.75 
 1160.53  2920  992 2.75 
 1160.57  2925  1060 3.5 
 1160.61  2930  1127 3.75 
 1160.65  2935  1195 2.25 
 1160.69  2940  1263 3.5 
 1160.73  2945  1331 3.25 
 1160.77  2950  1399 3.25 
 1160.81  2955  1468 3.75 
 1160.85  2960  1536 3.5 
 1160.89  2965  1604 7.75 
 1160.93  2970  1672 4.5 
 1160.97  2975  1741 3.25 
 1161  2980  1809 3.5 
 1161.04  2985  1878 3.25 
 1161.08  2990  1946 3.25 
 1161.12  2995  2015 5.5 
 1161.15  3000  2084 3 
 1161.18  3005  2153 5 
 1161.21  3010  2221 4.5 
 1161.24  3015  2290 5.5 
 1161.27  3020  2359 4.5 
 1161.31  3025  2428 7 
 1161.34  3030  2498 9 
 1161.37  3035  2567 11.5 
 1161.4  3040  2636 9.5 
 1161.43  3045  2705 12 
 1161.46  3050  2775 17.5 
 1161.49  3055  2844 19.5 
 1161.52  3060  2914 18 
 1161.55  3065  2984 21.5 
 1161.58  3070  3053 32 
 1161.61  3075  3123 40.5 
 1161.64  3080  3193 40 
 1161.67  3085  3263 46 
 1161.7  3090  3333 44 
 1161.73  3095  3403 57.5 
 1161.76  3100  3473 52 
 1161.79  3105  3544 100.5 
 1161.83  3110  3614 114 
 1161.86  3115  3684 111.5 
 1161.89  3120  3755 131.5 
 1161.92  3125  3826 163.5 
 1161.95  3130  3896 188.5 
 1161.98  3135  3967 180 
 1162.01  3140  4038 232 
 1162.04  3145  4109 235.5 
 1162.07  3150  4180 323.5 
 1162.1  3155  4251 267 
 1162.13  3160  4322 257 
 1162.16  3165  4393 419.5 
 1162.19  3170  4465 476.5 
 1162.22  3175  4536 434 
 1162.25  3180  4607 396 
 1162.28  3185  4679 625 
 1162.31  3190  4751 670 
 1162.34  3195  4822 496 
 1162.37  3200  4894 576.5 
 1162.41  3205  4966 797.5 
 1162.44  3210  5038 771.5 
 1162.47  3215  5110 753.5 
 1162.5  3220  5183 610.5 
 1162.53  3225  5255 474.5 
 1162.56  3230  5327 579.5 
 1162.59  3235  5400 758.5 
 1162.62  3240  5472 853.5 
 1162.65  3245  5545 700 
 1162.68  3250  5618 543 
 1162.95  3255  3767 358.5 
 1162.98  3260  3842 494 
 1163.01  3265  3916 554.5 
 1163.04  3270  3990 533 
 1163.07  3275  4065 471.5 
 1163.1  3280  4139 400.5 
 1163.13  3285  4214 477.5 
 1163.17  3290  4288 664 
 1163.2  3295  4363 769.5 
 1163.23  3300  4438 738 
 1163.26  3305  4513 536 
 1163.29  3310  4588 538.5 
 1163.32  3315  4664 611.5 
 1163.35  3320  4739 686.5 
 1163.38  3325  4814 715.5 
 1163.41  3330  4890 677.5 
 1163.44  3335  4965 574 
 1163.47  3340  5041 602 
 1163.5  3345  5117 701 
 1163.53  3350  5193 719 
 1163.56  3355  5269 801 
 1163.6  3360  5345 556 
 1163.63  3365  5421 663.5 
 1163.66  3370  5498 510 
 1163.69  3375  5574 644.5 
 1163.72  3380  5651 641.5 
 1163.75  3385  5728 760 
 1163.78  3390  5805 724 
 1163.81  3395  5882 755 
 1163.85  3400  5959 813 
 1163.88  3405  6036 730.5 
 1163.91  3410  6113 724.5 
 1163.94  3415  6190 699 
 1163.97  3420  6268 792 
 1164  3425  6346 756 
 1164.03  3430  6423 805 
 1164.06  3435  6501 735.5 
 1164.1  3440  6579 512.5 
 1164.13  3445  6658 573 
 1164.16  3450  6736 734 
 1164.19  3455  6814 724.5 
 1164.22  3460  6893 648 
 1164.25  3465  6971 724 
 1164.28  3470  7050 746.5 
 1164.32  3475  7129 585 
 1164.35  3480  7208 688.5 
 1164.38  3485  7287 686.5 
 1164.41  3490  7367 637.5 
 1164.44  3495  7446 610.5 
 1164.48  3500  7526 755.5 
 1164.51  3505  7605 786.5 
 1164.54  3510  7685 693.5 
 1164.57  3515  7765 658 
 1164.6  3520  7845 698 
 1164.63  3525  7925 538 
 1164.67  3530  8006 680.5 
 1164.7  3535  8086 734.5 
 1164.73  3540  8167 729 
 1164.76  3545  8248 733.5 
 1164.8  3550  8329 728.5 
 1164.83  3555  8410 653.5 
 1164.86  3560  8491 650.5 
 1164.89  3565  8572 552 
 1164.92  3570  8654 474.5 
 1164.96  3575  8736 561 
 1164.99  3580  8818 430.5 
 1165.02  3585  8900 373.5 
 1165.05  3590  8982 495 
 1165.08  3595  9064 599.5 
 1165.11  3600  9146 657.5 
 1165.15  3605  9229 488.5 
 1165.18  3610  9312 447.5 
 1165.21  3615  9395 509.5 
 1165.24  3620  9478 435 
 1165.28  3625  9561 577 
 1165.31  3630  9645 514.5 
end
