   2865  2875.350
   2870  2981.503
   2875  3097.860
   2880  3222.249
   2885  3352.596
   2890  3486.903
   2895  3623.264
   2900  3759.876
   2905  3895.065
   2910  4027.309
   2915  4155.265
   2920  4277.786
   2925  4393.936
   2930  4502.996
   2935  4604.465
   2940  4698.051
   2945  4783.659
   2950  4861.368
   2955  4931.414
   2960  4994.159
   2965  5050.065
   2970  5099.670
   2975  5143.557
   2980  5182.335
   2985  5216.610
   2990  5246.972
   2995  5273.973
   3000  5298.114
   3005  5319.835
   3010  5339.504
   3015  5357.411
   3020  5373.765
   3025  5388.687
   3030  5402.215
   3035  5414.298
   3040  5424.803
   3045  5433.518
   3050  5440.153
   3055  5444.349
   3060  5445.686
   3065  5443.689
   3070  5437.839
   3075  5427.586
   3080  5412.357
   3085  5391.572
   3090  5364.659
   3095  5331.064
   3100  5290.270
   3105  5241.810
   3110  5185.282
   3115  5120.358
   3120  5046.802
   3125  4964.473
   3130  4873.339
   3135  4773.474
   3140  4665.066
   3145  4548.414
   3150  4423.921
   3155  4292.091
   3160  4153.514
   3165  4008.857
   3170  3858.850
   3175  3704.270
   3180  3545.921
   3185  3384.626
   3190  3221.202
   3195  3056.453
   3200  2891.155
   3205  2726.044
   3210  2561.810
   3215  2399.092
   3220  2238.477
   3225  2080.495
   3230  1925.629
   3235  1774.319
   3240  1626.967
   3245  1483.949
   3250  1345.626
   3255  1059.414
   3260  1055.836
   3265  1052.103
   3270  1048.216
   3275  1044.176
   3280  1039.987
   3285  1035.649
   3290  1031.165
   3295  1026.537
   3300  1021.767
   3305  1016.857
   3310  1011.809
   3315  1006.626
   3320  1001.310
   3325   995.863
   3330   990.289
   3335   984.588
   3340   978.764
   3345   972.820
   3350   966.758
   3355   960.580
   3360   954.290
   3365   947.890
   3370   941.383
   3375   934.772
   3380   928.059
   3385   921.248
   3390   914.341
   3395   907.341
   3400   900.251
   3405   893.074
   3410   885.813
   3415   878.472
   3420   871.052
   3425   863.558
   3430   855.991
   3435   848.356
   3440   840.655
   3445   832.891
   3450   825.067
   3455   817.186
   3460   809.252
   3465   801.267
   3470   793.235
   3475   785.158
   3480   777.039
   3485   768.882
   3490   760.689
   3495   752.463
   3500   744.208
   3505   735.927
   3510   727.621
   3515   719.294
   3520   710.950
   3525   702.590
   3530   694.218
   3535   685.837
   3540   677.449
   3545   669.056
   3550   660.663
   3555   652.270
   3560   643.882
   3565   635.501
   3570   627.128
   3575   618.767
   3580   610.421
   3585   602.091
   3590   593.780
   3595   585.490
   3600   577.225
   3605   568.985
   3610   560.773
   3615   552.592
   3620   544.444
   3625   536.330
   3630   528.253
   3635   520.215
