   2865 12301.477
   2870 12337.162
   2875 12368.040
   2880 12394.610
   2885 12417.336
   2890 12436.653
   2895 12452.967
   2900 12466.653
   2905 12478.057
   2910 12487.497
   2915 12495.263
   2920 12501.620
   2925 12506.806
   2930 12511.037
   2935 12514.506
   2940 12517.382
   2945 12519.818
   2950 12521.945
   2955 12523.877
   2960 12525.712
   2965 12527.532
   2970 12529.406
   2975 12531.387
   2980 12533.519
   2985 12535.833
   2990 12538.350
   2995 12541.083
   3000 12544.035
   3005 12547.203
   3010 12550.576
   3015 12554.137
   3020 12557.865
   3025 12561.734
   3030 12565.712
   3035 12569.768
   3040 12573.864
   3045 12577.963
   3050 12582.024
   3055 12586.006
   3060 12589.868
   3065 12593.566
   3070 12597.061
   3075 12600.309
   3080 12603.270
   3085 12605.906
   3090 12608.178
   3095 12610.050
   3100 12611.487
   3105 12612.459
   3110 12612.935
   3115 12612.888
   3120 12612.294
   3125 12611.132
   3130 12609.382
   3135 12607.031
   3140 12604.064
   3145 12600.472
   3150 12596.250
   3155 12591.393
   3160 12585.902
   3165 12579.779
   3170 12573.029
   3175 12565.662
   3180 12557.687
   3185 12549.120
   3190 12539.975
   3195 12530.272
   3200 12520.032
   3205 12509.275
   3210 12498.028
   3215 12486.315
   3220 12474.165
   3225 12461.605
   3230 12448.666
   3235 12435.377
   3240 12421.769
   3245 12407.873
   3250 12393.720
   3255 12379.342
   3260 12364.768
   3265 12350.029
   3270 12335.153
   3275 12320.168
   3280 12305.101
   3285 12289.977
   3290 12274.819
   3295 12259.647
   3300 12244.481
   3305 12229.338
   3310 12214.230
   3315 12199.169
   3320 12184.163
   3325 12169.216
   3330 12154.329
   3335 12139.501
   3340 12124.725
   3345 12109.990
   3350 12095.284
   3355 12080.588
   3360 12065.878
   3365 12051.130
   3370 12036.310
   3375 12021.384
   3380 12006.310
   3385 11991.044
   3390 11975.535
   3395 11959.730
   3400 11943.568
   3405 11926.987
   3410 11909.916
   3415 11892.284
   3420 11874.013
   3425 11855.021
   3430 11835.223
   3435 11814.528
   3440 11792.842
   3445 11770.070
   3450 11746.111
   3455 11720.861
   3460 11694.215
   3465 11666.067
   3470 11636.305
   3475 11604.821
   3480 11571.503
   3485 11536.239
   3490 11498.919
   3495 11459.433
   3500 11417.673
   3505 11130.161
   3510 11110.713
   3515 11090.008
   3520 11068.054
   3525 11044.858
   3530 11020.428
   3535 10994.773
   3540 10967.901
   3545 10939.822
   3550 10910.545
   3555 10880.081
   3560 10848.439
   3565 10815.631
   3570 10781.667
   3575 10746.560
   3580 10710.321
   3585 10672.962
   3590 10634.495
   3595 10594.935
   3600 10554.293
   3605 10512.584
   3610 10469.822
   3615 10426.021
   3620 10381.194
   3625 10335.358
   3630 10288.527
   3635 10240.716
