 2865  15284.997 
 2870  15600.220 
 2875  15901.093 
 2880  16185.359 
 2885  16450.758 
 2890  16695.031 
 2895  16915.918 
 2900  17111.161 
 2905  17292.625 
 2910  17469.788 
 2915  17636.808 
 2920  17787.845 
 2925  17917.057 
 2930  18018.603 
 2935  18086.643 
 2940  18134.517 
 2945  18178.590 
 2950  18217.565 
 2955  18250.141 
 2960  18275.018 
 2965  18290.898 
 2970  18296.480 
 2975  18285.497 
 2980  18254.833 
 2985  18207.914 
 2990  18148.166 
 2995  18079.016 
 3000  18003.889 
 3005  17926.213 
 3010  17833.718 
 3015  17715.045 
 3020  17574.981 
 3025  17418.315 
 3030  17249.833 
 3035  17074.323 
 3040  16896.573 
 3045  16711.362 
 3050  16511.211 
 3055  16297.516 
 3060  16071.678 
 3065  15835.094 
 3070  15589.163 
 3075  15335.283 
 3080  15069.302 
 3085  14787.402 
 3090  14491.483 
 3095  14183.444 
 3100  13865.186 
 3105  13538.609 
 3110  13205.612 
 3115  12862.722 
 3120  12506.408 
 3125  12138.482 
 3130  11760.754 
 3135  11375.037 
 3140  10983.142 
 3145  10586.881 
 3150  10181.072 
 3155  9762.071 
 3160  9333.997 
 3165  8900.968 
 3170  8467.103 
 3175  8036.521 
 3180  7613.340 
 3185  7190.604 
 3190  6762.314 
 3195  6334.022 
 3200  5911.284 
 3205  5499.654 
 3210  5104.685 
 3215  4731.933 
 3220  4377.180 
 3225  4032.977 
 3230  3700.035 
 3235  3379.064 
 3240  3070.774 
 3245  2775.874 
 3250  2495.076 
