 2865  10432.254 
 2870  10421.248 
 2875  10411.487 
 2880  10403.134 
 2885  10396.353 
 2890  10391.307 
 2895  10388.160 
 2900  10387.075 
 2905  10387.826 
 2910  10389.940 
 2915  10393.206 
 2920  10397.413 
 2925  10402.350 
 2930  10407.807 
 2935  10413.572 
 2940  10422.859 
 2945  10437.396 
 2950  10454.750 
 2955  10472.485 
 2960  10488.167 
 2965  10499.361 
 2970  10503.634 
 2975  10502.316 
 2980  10498.917 
 2985  10494.269 
 2990  10489.205 
 2995  10484.558 
 3000  10481.159 
 3005  10479.841 
 3010  10484.293 
 3015  10496.139 
 3020  10513.115 
 3025  10532.954 
 3030  10553.392 
 3035  10572.163 
 3040  10587.004 
 3045  10598.489 
 3050  10608.932 
 3055  10618.665 
 3060  10628.025 
 3065  10637.346 
 3070  10646.962 
 3075  10657.210 
 3080  10669.041 
 3085  10682.483 
 3090  10696.486 
 3095  10709.997 
 3100  10721.966 
 3105  10731.342 
 3110  10737.073 
 3115  10740.505 
 3120  10743.630 
 3125  10746.367 
 3130  10748.636 
 3135  10750.357 
 3140  10751.448 
 3145  10751.830 
 3150  10751.005 
 3155  10748.697 
 3160  10745.158 
 3165  10740.638 
 3170  10735.388 
 3175  10729.659 
 3180  10723.701 
 3185  10715.474 
 3190  10703.713 
 3195  10689.834 
 3200  10675.255 
 3205  10661.392 
 3210  10649.662 
 3215  10641.481 
 3220  10636.324 
 3225  10632.388 
 3230  10629.178 
 3235  10626.199 
 3240  10622.957 
 3245  10618.955 
 3250  10613.699 
 3255  10605.818 
 3260  10594.858 
 3265  10581.702 
 3270  10567.236 
 3275  10552.341 
 3280  10537.902 
 3285  10524.802 
 3290  10512.712 
 3295  10500.731 
 3300  10488.889 
 3305  10477.212 
 3310  10465.731 
 3315  10454.472 
 3320  10443.465 
 3325  10433.007 
 3330  10423.166 
 3335  10413.620 
 3340  10404.047 
 3345  10394.127 
 3350  10383.537 
 3355  10371.956 
 3360  10359.124 
 3365  10345.150 
 3370  10330.268 
 3375  10314.710 
 3380  10298.712 
 3385  10282.506 
 3390  10266.326 
 3395  10250.039 
 3400  10233.380 
 3405  10216.383 
 3410  10199.083 
 3415  10181.515 
 3420  10163.714 
 3425  10145.714 
 3430  10127.554 
 3435  10109.210 
 3440  10090.617 
 3445  10071.710 
 3450  10052.425 
 3455  10032.698 
 3460  10012.465 
 3465  9991.696 
 3470  9970.416 
 3475  9948.640 
 3480  9926.383 
 3485  9903.660 
 3490  9880.486 
 3495  9856.876 
 3495  9619.912 
 3500  9603.614 
 3505  9587.009 
 3510  9570.104 
 3515  9552.906 
 3520  9535.423 
 3525  9517.662 
 3530  9499.629 
 3535  9481.630 
 3540  9463.748 
 3545  9445.659 
 3550  9427.039 
 3555  9407.566 
 3560  9386.916 
 3565  9364.764 
 3570  9340.733 
 3575  9314.810 
 3580  9287.225 
 3585  9258.208 
 3590  9227.989 
 3595  9196.798 
 3600  9164.864 
 3605  9131.891 
 3610  9097.470 
 3615  9061.669 
 3620  9024.554 
 3625  8986.191 
 3630  8946.646 
 3635  8905.986 
