 2865  7753.225 
 2870  7968.558 
 2875  8174.985 
 2880  8371.406 
 2885  8556.722 
 2890  8729.834 
 2895  8889.643 
 2900  9035.049 
 2905  9169.113 
 2910  9295.543 
 2915  9414.208 
 2920  9524.980 
 2925  9627.728 
 2930  9722.323 
 2935  9808.636 
 2940  9894.313 
 2945  9983.123 
 2950  10069.120 
 2955  10146.358 
 2960  10208.890 
 2965  10250.770 
 2970  10266.051 
 2975  10258.422 
 2980  10237.397 
 2985  10205.771 
 2990  10166.340 
 2995  10121.897 
 3000  10075.236 
 3005  10029.154 
 3010  9977.775 
 3015  9915.645 
 3020  9846.185 
 3025  9772.818 
 3030  9698.965 
 3035  9628.050 
 3040  9563.493 
 3045  9506.652 
 3050  9454.834 
 3055  9405.386 
 3060  9355.656 
 3065  9302.991 
 3070  9244.738 
 3075  9178.245 
 3080  9102.275 
 3085  9017.436 
 3090  8923.841 
 3095  8821.605 
 3100  8710.840 
 3105  8591.662 
 3110  8464.184 
 3115  8321.747 
 3120  8159.727 
 3125  7981.296 
 3130  7789.621 
 3135  7587.875 
 3140  7379.225 
 3145  7166.841 
 3150  6944.705 
 3155  6707.054 
 3160  6457.443 
 3165  6199.425 
 3170  5936.555 
 3175  5672.387 
 3180  5410.476 
 3185  5145.716 
 3190  4873.186 
 3195  4596.718 
 3200  4320.144 
 3205  4047.297 
 3210  3782.008 
 3215  3528.109 
 3220  3283.645 
 3225  3044.241 
 3230  2810.102 
 3235  2581.429 
 3240  2358.427 
 3245  2141.300 
 3250  1930.249 
 3250  790.668 
 3255  786.633 
 3260  782.788 
 3265  779.166 
 3270  775.802 
 3275  772.728 
 3280  769.978 
 3285  767.585 
 3290  765.631 
 3295  764.060 
 3300  762.703 
 3305  761.389 
 3310  759.949 
 3315  758.212 
 3320  756.009 
 3325  752.764 
 3330  748.271 
 3335  742.916 
 3340  737.084 
 3345  731.162 
 3350  725.534 
 3355  720.586 
 3360  716.289 
 3365  712.277 
 3370  708.436 
 3375  704.649 
 3380  700.803 
 3385  696.780 
 3390  692.467 
 3395  687.846 
 3400  683.005 
 3405  677.977 
 3410  672.798 
 3415  667.503 
 3420  662.126 
 3425  656.704 
 3430  651.095 
 3435  645.216 
 3440  639.191 
 3445  633.143 
 3450  627.194 
 3455  621.466 
 3460  616.083 
 3465  611.117 
 3470  606.473 
 3475  602.017 
 3480  597.619 
 3485  593.146 
 3490  588.468 
 3495  583.452 
 3500  578.067 
 3505  572.407 
 3510  566.522 
 3515  560.464 
 3520  554.286 
 3525  548.039 
 3530  541.774 
 3535  535.455 
 3540  529.020 
 3545  522.484 
 3550  515.863 
 3555  509.173 
 3560  502.427 
 3565  495.643 
 3570  488.850 
 3575  482.046 
 3580  475.192 
 3585  468.247 
 3590  461.175 
 3595  453.936 
 3600  446.491 
 3605  438.835 
 3610  430.992 
 3615  422.968 
 3620  414.768 
 3625  406.397 
 3630  397.861 
 3635  389.166 
