 2865  3998.080 
 2870  4105.692 
 2875  4211.034 
 2880  4314.012 
 2885  4414.535 
 2890  4512.507 
 2895  4607.836 
 2900  4700.428 
 2905  4790.658 
 2910  4878.882 
 2915  4964.972 
 2920  5048.802 
 2925  5130.244 
 2930  5209.173 
 2935  5285.461 
 2940  5365.447 
 2945  5451.511 
 2950  5537.589 
 2955  5617.616 
 2960  5685.528 
 2965  5735.260 
 2970  5760.747 
 2975  5771.480 
 2980  5780.909 
 2985  5788.908 
 2990  5795.350 
 2995  5800.108 
 3000  5803.056 
 3005  5804.066 
 3010  5800.117 
 3015  5789.543 
 3020  5774.257 
 3025  5756.170 
 3030  5737.196 
 3035  5719.247 
 3040  5704.233 
 3045  5692.363 
 3050  5681.981 
 3055  5672.211 
 3060  5662.177 
 3065  5651.001 
 3070  5637.806 
 3075  5621.716 
 3080  5600.907 
 3085  5574.341 
 3090  5542.318 
 3095  5505.139 
 3100  5463.105 
 3105  5416.516 
 3110  5365.673 
 3115  5303.962 
 3120  5226.417 
 3125  5135.816 
 3130  5034.933 
 3135  4926.545 
 3140  4813.428 
 3145  4698.358 
 3150  4576.637 
 3155  4443.244 
 3160  4300.470 
 3165  4150.607 
 3170  3995.945 
 3175  3838.777 
 3180  3681.393 
 3185  3520.201 
 3190  3351.779 
 3195  3178.677 
 3200  3003.445 
 3205  2828.631 
 3210  2656.787 
 3215  2490.461 
 3220  2328.677 
 3225  2168.785 
 3230  2010.822 
 3235  1854.826 
 3240  1700.835 
 3245  1548.887 
 3250  1399.020 
 3250  680.690 
 3255  680.667 
 3260  680.601 
 3265  680.495 
 3270  680.354 
 3275  680.182 
 3280  679.982 
 3285  679.758 
 3290  679.376 
 3295  678.725 
 3300  677.850 
 3305  676.795 
 3310  675.603 
 3315  674.318 
 3320  672.984 
 3325  671.487 
 3330  669.706 
 3335  667.671 
 3340  665.412 
 3345  662.959 
 3350  660.343 
 3355  657.595 
 3360  654.444 
 3365  650.730 
 3370  646.647 
 3375  642.387 
 3380  638.143 
 3385  634.107 
 3390  630.472 
 3395  627.293 
 3400  624.406 
 3405  621.674 
 3410  618.964 
 3415  616.139 
 3420  613.064 
 3425  609.603 
 3430  605.583 
 3435  601.021 
 3440  596.074 
 3445  590.895 
 3450  585.639 
 3455  580.463 
 3460  575.520 
 3465  570.798 
 3470  566.153 
 3475  561.546 
 3480  556.940 
 3485  552.297 
 3490  547.577 
 3495  542.742 
 3500  537.803 
 3505  532.794 
 3510  527.716 
 3515  522.567 
 3520  517.349 
 3525  512.059 
 3530  506.700 
 3535  501.312 
 3540  495.908 
 3545  490.442 
 3550  484.868 
 3555  479.140 
 3560  473.211 
 3565  467.035 
 3570  460.568 
 3575  453.820 
 3580  446.827 
 3585  439.624 
 3590  432.249 
 3595  424.736 
 3600  417.122 
 3605  409.377 
 3610  401.452 
 3615  393.353 
 3620  385.084 
 3625  376.650 
 3630  368.057 
 3635  359.310 
