 2865  3001.300 
 2870  3080.667 
 2875  3160.625 
 2880  3241.169 
 2885  3322.291 
 2890  3403.987 
 2895  3486.249 
 2900  3569.073 
 2905  3652.939 
 2910  3738.024 
 2915  3823.862 
 2920  3909.987 
 2925  3995.933 
 2930  4081.233 
 2935  4165.423 
 2940  4249.646 
 2945  4334.705 
 2950  4419.620 
 2955  4503.412 
 2960  4585.100 
 2965  4663.705 
 2970  4738.246 
 2975  4810.264 
 2980  4881.336 
 2985  4950.539 
 2990  5016.953 
 2995  5079.656 
 3000  5137.725 
 3005  5190.238 
 3010  5240.050 
 3015  5289.479 
 3020  5336.799 
 3025  5380.288 
 3030  5418.220 
 3035  5448.870 
 3040  5470.515 
 3045  5486.736 
 3050  5501.913 
 3055  5515.518 
 3060  5527.020 
 3065  5535.891 
 3070  5541.602 
 3075  5543.623 
 3080  5537.439 
 3085  5520.187 
 3090  5493.819 
 3095  5460.284 
 3100  5421.533 
 3105  5379.516 
 3110  5336.185 
 3115  5285.262 
 3120  5220.676 
 3125  5144.684 
 3130  5059.544 
 3135  4967.514 
 3140  4870.851 
 3145  4771.813 
 3150  4666.048 
 3155  4549.004 
 3160  4422.636 
 3165  4288.900 
 3170  4149.753 
 3175  4007.150 
 3180  3863.047 
 3185  3713.845 
 3190  3556.266 
 3195  3392.743 
 3200  3225.714 
 3205  3057.611 
 3210  2890.869 
 3215  2727.925 
 3220  2567.956 
 3225  2408.521 
 3230  2249.623 
 3235  2091.263 
 3240  1933.445 
 3245  1776.172 
 3250  1619.447 
