 2865  2001.094 
 2870  2095.372 
 2875  2188.096 
 2880  2279.219 
 2885  2368.695 
 2890  2456.477 
 2895  2542.518 
 2900  2626.771 
 2905  2710.816 
 2910  2795.293 
 2915  2878.748 
 2920  2959.726 
 2925  3036.773 
 2930  3108.434 
 2935  3173.255 
 2940  3228.097 
 2945  3273.793 
 2950  3314.852 
 2955  3355.781 
 2960  3401.087 
 2965  3455.277 
 2970  3522.860 
 2975  3632.267 
 2980  3794.246 
 2985  3986.773 
 2990  4187.824 
 2995  4375.376 
 3000  4527.405 
 3005  4621.889 
 3010  4678.672 
 3015  4731.197 
 3020  4777.831 
 3025  4816.943 
 3030  4846.901 
 3035  4866.072 
 3040  4872.825 
 3045  4872.103 
 3050  4870.014 
 3055  4866.677 
 3060  4862.210 
 3065  4856.731 
 3070  4850.357 
 3075  4843.206 
 3080  4830.689 
 3085  4809.058 
 3090  4779.696 
 3095  4743.982 
 3100  4703.298 
 3105  4659.026 
 3110  4612.547 
 3115  4558.160 
 3120  4490.702 
 3125  4412.356 
 3130  4325.308 
 3135  4231.742 
 3140  4133.842 
 3145  4033.793 
 3150  3927.324 
 3155  3810.147 
 3160  3684.427 
 3165  3552.326 
 3170  3416.009 
 3175  3277.640 
 3180  3139.380 
 3185  2997.682 
 3190  2849.289 
 3195  2696.798 
 3200  2542.810 
 3205  2389.923 
 3210  2240.736 
 3215  2097.849 
 3220  1960.143 
 3225  1824.815 
 3230  1691.942 
 3235  1561.600 
 3240  1433.863 
 3245  1308.810 
 3250  1186.514 
 3250  952.403 
 3255  949.318 
 3260  946.035 
 3265  942.563 
 3270  938.916 
 3275  935.105 
 3280  931.142 
 3285  927.039 
 3290  922.693 
 3295  918.042 
 3300  913.155 
 3305  908.105 
 3310  902.961 
 3315  897.795 
 3320  892.677 
 3325  887.663 
 3330  882.709 
 3335  877.732 
 3340  872.652 
 3345  867.388 
 3350  861.859 
 3355  855.984 
 3360  849.551 
 3365  842.531 
 3370  835.119 
 3375  827.507 
 3380  819.890 
 3385  812.460 
 3390  805.411 
 3395  798.754 
 3400  792.318 
 3405  786.019 
 3410  779.774 
 3415  773.499 
 3420  767.111 
 3425  760.527 
 3430  753.703 
 3435  746.695 
 3440  739.570 
 3445  732.398 
 3450  725.245 
 3455  718.182 
 3460  711.274 
 3465  704.525 
 3470  697.872 
 3475  691.290 
 3480  684.751 
 3485  678.230 
 3490  671.699 
 3495  665.133 
 3500  658.595 
 3505  652.129 
 3510  645.680 
 3515  639.195 
 3520  632.619 
 3525  625.896 
 3530  618.972 
 3535  611.811 
 3540  604.442 
 3545  596.911 
 3550  589.264 
 3555  581.546 
 3560  573.803 
 3565  566.080 
 3570  558.376 
 3575  550.649 
 3580  542.884 
 3585  535.068 
 3590  527.187 
 3595  519.227 
 3600  511.175 
 3605  503.031 
 3610  494.806 
 3615  486.502 
 3620  478.120 
 3625  469.660 
 3630  461.124 
 3635  452.512 
