uxIntegration time is 0.2294 seconds per sampledt  2.7E-08 cy 1dh201018Izana 28.3081 16.4992 2.804185pr770dark 1.35 
 911.78  2900  562 .75 
 911.82  2905  628 1.25 
 911.85  2910  694 .5 
 911.89  2915  760 2.25 
 911.92  2920  826 2.25 
 911.96  2925  892 3.25 
 912  2930  958 2 
 912.03  2935  1024 2.5 
 912.07  2940  1090 4.5 
 912.1  2945  1156 4 
 912.14  2950  1223 6.5 
 912.18  2955  1289 9.5 
 912.21  2960  1356 19 
 912.25  2965  1423 20.25 
 912.28  2970  1490 30.75 
 912.32  2975  1556 64.5 
 912.36  2980  1623 82.5 
 912.39  2985  1691 95.25 
 912.43  2990  1758 178.25 
 912.46  2995  1825 253.25 
 912.49  3000  1892 266 
 912.52  3005  1960 368 
 912.55  3010  2027 584 
 912.58  3015  2095 824 
 912.6  3020  2163 714 
 912.63  3025  2231 1334.5 
 912.66  3030  2299 2212.5 
 912.69  3035  2367 2747 
 912.72  3040  2435 2688 
 912.75  3045  2503 3500 
 912.78  3050  2572 4713.5 
 912.8  3055  2640 4985 
 912.83  3060  2709 4726 
 912.86  3065  2777 5764 
 912.89  3070  2846 7776.5 
 912.92  3075  2915 9217.5 
 912.95  3080  2984 9751.5 
 912.97  3085  3053 10857 
 913  3090  3122 9611 
 913.03  3095  3192 10359 
 913.06  3100  3261 10453 
 913.09  3105  3331 16584 
 913.12  3110  3400 20397.5 
 913.14  3115  3470 20173 
 913.17  3120  3540 19252.5 
 913.2  3125  3610 22390 
 913.23  3130  3680 23878.5 
 913.26  3135  3750 24659 
 913.29  3140  3820 29279.5 
 913.32  3145  3890 24185.5 
 913.34  3150  3961 31688.5 
 913.37  3155  4032 28372.5 
 913.4  3160  4102 23584 
 913.43  3165  4173 32166 
 913.46  3170  4244 39464.5 
 913.49  3175  4315 42088 
 913.52  3180  4386 32315 
 913.54  3185  4457 37762.5 
 913.57  3190  4529 43453.5 
 913.6  3195  4600 35517.5 
 913.63  3200  4672 41466 
 913.66  3205  4744 48068.5 
 913.69  3210  4815 40186.5 
 913.71  3215  4887 35964.5 
 913.74  3220  4959 41159 
 913.77  3225  5032 35524.5 
 913.8  3230  5104 33318 
 913.83  3235  5176 38620.5 
 913.86  3240  5249 44181.5 
 913.89  3245  5322 45472 
 913.91  3250  5394 41056 
 913.94  3255  5467 49342.5 
 913.97  3260  5540 58510.5 
 914  3265  5614 57337.5 
 914.03  3270  5687 58272.5 
 914.06  3275  5760 56639 
 914.09  3280  5834 52687 
 914.12  3285  5907 53411.5 
 914.15  3290  5981 62729.5 
 914.17  3295  6055 72301 
 914.2  3300  6129 74825.5 
 914.23  3305  6203 63912.5 
 914.26  3310  6278 64860 
 914.29  3315  6352 63617.5 
 914.32  3320  6427 66416.5 
 914.35  3325  6501 65881.5 
 914.38  3330  6576 66795 
 914.4  3335  6651 64192.5 
 914.43  3340  6726 69252.5 
 914.46  3345  6801 69966 
 914.49  3350  6877 63658.5 
 914.52  3355  6952 73242.5 
 914.55  3360  7028 49455.5 
 914.58  3365  7104 58317.5 
 914.6  3370  7179 47505 
 914.63  3375  7255 60779 
 914.66  3380  7332 59187.5 
 914.69  3385  7408 68168.5 
 914.72  3390  7484 67846 
 914.75  3395  7561 68465 
 914.78  3400  7638 79952.5 
 914.81  3405  7715 74862 
 914.84  3410  7792 74760 
 914.86  3415  7869 70561 
 914.89  3420  7946 79394.5 
 914.92  3425  8024 74105 
 914.95  3430  8101 77902.5 
 914.98  3435  8179 70464 
 915.01  3440  8257 48675 
 915.04  3445  8335 56084.5 
 915.07  3450  8413 70330 
 915.1  3455  8491 68646 
 915.13  3460  8570 61051 
 915.16  3465  8648 69286.5 
 915.19  3470  8727 70810.5 
 915.21  3475  8806 59525.5 
 915.24  3480  8885 72097.5 
 915.27  3485  8965 74368.5 
 915.3  3490  9044 68912 
 915.33  3495  9124 75881 
 915.36  3500  9203 88073.5 
 915.49  3505  7381 97516.5 
 915.52  3510  7461 87047.5 
 915.55  3515  7541 77667 
 915.58  3520  7621 90180.5 
 915.61  3525  7702 68792 
 915.64  3530  7782 84736.5 
 915.67  3535  7863 91203 
 915.7  3540  7944 78328.5 
 915.72  3545  8025 72339.5 
 915.75  3550  8106 70276 
 915.78  3555  8187 61328 
 915.81  3560  8268 63407 
 915.84  3565  8350 56370 
 915.87  3570  8432 46198 
 915.9  3575  8514 62356 
 915.93  3580  8596 53488 
 915.96  3585  8678 45158.5 
 915.99  3590  8760 60606 
 916.02  3595  8843 79326.5 
 916.05  3600  8925 88441.5 
 916.08  3605  9008 72224 
 916.11  3610  9091 64270.5 
 916.13  3615  9174 77573 
 916.16  3620  9258 63601 
 916.19  3625  9341 89139.5 
 916.22  3630  9425 79147.5 
end
uxIntegration time is 0.2294 seconds per sampledt  2.7E-08 cy 1dh201018Izana 28.3081 16.4992 2.804185pr770dark 2.05 
 964.07  2900  562 .75 
 964.1  2905  628 2.5 
 964.14  2910  694 1.5 
 964.18  2915  760 1.75 
 964.21  2920  826 1.25 
 964.25  2925  892 .75 
 964.28  2930  958 2.25 
 964.32  2935  1024 1 
 964.35  2940  1090 0 
 964.39  2945  1156 2.75 
 964.43  2950  1223 2.25 
 964.46  2955  1289 3.25 
 964.5  2960  1356 3 
 964.54  2965  1423 5.5 
 964.58  2970  1490 5.25 
 964.63  2975  1556 10 
 964.68  2980  1623 16.25 
 964.74  2985  1691 17 
 964.78  2990  1758 36.5 
 964.82  2995  1825 55 
 964.85  3000  1892 58 
 964.88  3005  1960 80.5 
 964.9  3010  2027 145 
 964.93  3015  2095 206.5 
 964.96  3020  2163 194.5 
 964.99  3025  2231 377.5 
 965.02  3030  2299 648.5 
 965.05  3035  2367 819 
 965.07  3040  2435 766 
 965.1  3045  2503 1093.5 
 965.13  3050  2572 1572.5 
 965.16  3055  2640 1751.5 
 965.19  3060  2709 1680.5 
 965.22  3065  2777 2041.5 
 965.24  3070  2846 2874 
 965.27  3075  2915 3540 
 965.3  3080  2984 3799.5 
 965.33  3085  3053 4295 
 965.36  3090  3122 3947 
 965.39  3095  3192 4410 
 965.41  3100  3261 4618 
 965.44  3105  3331 7162 
 965.47  3110  3400 8980.5 
 965.5  3115  3470 8896.5 
 965.53  3120  3540 8666 
 965.56  3125  3610 10269 
 965.59  3130  3680 10942.5 
 965.61  3135  3750 11005 
 965.64  3140  3820 13234.5 
 965.67  3145  3890 11592.5 
 965.7  3150  3961 14876 
 965.73  3155  4032 13128 
 965.76  3160  4102 10978.5 
 965.79  3165  4173 15393 
 965.81  3170  4244 18922 
 965.84  3175  4315 19973 
 965.87  3180  4386 15418.5 
 965.9  3185  4457 18091.5 
 965.93  3190  4529 21199.5 
 965.96  3195  4600 18218.5 
 965.99  3200  4672 21624.5 
 966.01  3205  4744 25686 
 966.04  3210  4815 22865 
 966.07  3215  4887 21168 
 966.1  3220  4959 23852 
 966.13  3225  5032 20509.5 
 966.16  3230  5104 19500 
 966.19  3235  5176 23236 
 966.21  3240  5249 26802.5 
 966.24  3245  5322 27663.5 
 966.27  3250  5394 25196.5 
 966.3  3255  5467 30599.5 
 966.33  3260  5540 36838.5 
 966.36  3265  5614 36334.5 
 966.39  3270  5687 36463 
 966.42  3275  5760 34926.5 
 966.44  3280  5834 32331 
 966.47  3285  5907 32473.5 
 966.5  3290  5981 37480 
 966.53  3295  6055 42644.5 
 966.56  3300  6129 43317 
 966.59  3305  6203 35869.5 
 966.62  3310  6278 36110 
 966.65  3315  6352 36013 
 966.67  3320  6427 37928 
 966.7  3325  6501 37590 
 966.73  3330  6576 37484.5 
 966.76  3335  6651 34335.5 
 966.79  3340  6726 35340.5 
 966.82  3345  6801 39588.5 
 966.85  3350  6877 37248.5 
 966.88  3355  6952 42074 
 966.9  3360  7028 28833.5 
 966.93  3365  7104 35500 
 966.96  3370  7179 28757.5 
 966.99  3375  7255 36375 
 967.02  3380  7332 34129 
 967.05  3385  7408 38859 
 967.08  3390  7484 38241.5 
 967.11  3395  7561 38047 
 967.14  3400  7638 44444.5 
 967.17  3405  7715 39319.5 
 967.19  3410  7792 38200.5 
 967.22  3415  7869 36028 
 967.25  3420  7946 41935.5 
 967.28  3425  8024 39472 
 967.31  3430  8101 42321.5 
 967.34  3435  8179 39458.5 
 967.37  3440  8257 27673 
 967.39  3445  8335 31863 
 967.42  3450  8413 40187.5 
 967.45  3455  8491 39381.5 
 967.48  3460  8570 34636 
 967.51  3465  8648 39275.5 
 967.54  3470  8727 40032 
 967.57  3475  8806 33076 
 967.6  3480  8885 38457 
 967.63  3485  8965 38582 
 967.65  3490  9044 34227 
 967.68  3495  9124 35857.5 
 967.71  3500  9203 45517 
 967.84  3505  7381 45733.5 
 967.87  3510  7461 41796.5 
 967.9  3515  7541 38129 
 967.93  3520  7621 43401 
 967.96  3525  7702 32853.5 
 967.99  3530  7782 40826.5 
 968.02  3535  7863 43989.5 
 968.05  3540  7944 46100.5 
 968.08  3545  8025 46577.5 
 968.11  3550  8106 47215.5 
 968.14  3555  8187 42059 
 968.17  3560  8268 43412.5 
 968.2  3565  8350 39355.5 
 968.22  3570  8432 31309 
 968.25  3575  8514 38197 
 968.28  3580  8596 31661.5 
 968.31  3585  8678 26229.5 
 968.34  3590  8760 35791.5 
 968.37  3595  8843 46186.5 
 968.4  3600  8925 49854 
 968.43  3605  9008 40118.5 
 968.46  3610  9091 36566 
 968.49  3615  9174 43415.5 
 968.52  3620  9258 35990.5 
 968.55  3625  9341 50270.5 
 968.58  3630  9425 45588.5 
end
uxIntegration time is 0.2294 seconds per sampledt  2.7E-08 cy 1dh201018Izana 28.3081 16.4992 2.804185pr770dark 1.7 
 989.89  2900  562 1 
 989.92  2905  628 2.25 
 989.96  2910  694 .75 
 989.99  2915  760 2 
 990.03  2920  826 2.25 
 990.07  2925  892 .5 
 990.1  2930  958 2 
 990.14  2935  1024 1.5 
 990.17  2940  1090 2 
 990.21  2945  1156 1.75 
 990.24  2950  1223 1.25 
 990.28  2955  1289 2 
 990.32  2960  1356 2.75 
 990.35  2965  1423 3 
 990.39  2970  1490 2.25 
 990.42  2975  1556 4.25 
 990.46  2980  1623 5.5 
 990.5  2985  1691 7.5 
 990.53  2990  1758 12.75 
 990.57  2995  1825 20.5 
 990.6  3000  1892 25 
 990.62  3005  1960 30 
 990.65  3010  2027 51.5 
 990.68  3015  2095 85.5 
 990.71  3020  2163 76 
 990.74  3025  2231 158 
 990.76  3030  2299 278 
 990.79  3035  2367 348.5 
 990.82  3040  2435 358.5 
 990.85  3045  2503 513 
 990.88  3050  2572 747.5 
 990.91  3055  2640 858.5 
 990.94  3060  2709 855 
 990.96  3065  2777 1036.5 
 990.99  3070  2846 1477 
 991.02  3075  2915 1887.5 
 991.05  3080  2984 2044 
 991.08  3085  3053 2353 
 991.11  3090  3122 2182 
 991.13  3095  3192 2515.5 
 991.16  3100  3261 2647 
 991.19  3105  3331 4180 
 991.22  3110  3400 5300 
 991.25  3115  3470 5273.5 
 991.28  3120  3540 5219.5 
 991.31  3125  3610 6239 
 991.34  3130  3680 6706.5 
 991.36  3135  3750 6737.5 
 991.39  3140  3820 8110 
 991.42  3145  3890 7229.5 
 991.45  3150  3961 9377 
 991.48  3155  4032 8218 
 991.51  3160  4102 6939.5 
 991.53  3165  4173 9759 
 991.56  3170  4244 11915.5 
 991.59  3175  4315 12766 
 991.62  3180  4386 9833.5 
 991.65  3185  4457 11675.5 
 991.68  3190  4529 13984.5 
 991.71  3195  4600 11818.5 
 991.73  3200  4672 14088 
 991.76  3205  4744 16918 
 991.79  3210  4815 15363.5 
 991.82  3215  4887 14217.5 
 991.85  3220  4959 15897.5 
 991.88  3225  5032 13642.5 
 991.9  3230  5104 13026 
 991.93  3235  5176 15705.5 
 991.96  3240  5249 18213 
 991.99  3245  5322 18716.5 
 992.02  3250  5394 16791 
 992.05  3255  5467 20440 
 992.08  3260  5540 24963 
 992.1  3265  5614 24784 
 992.13  3270  5687 24914.5 
 992.16  3275  5760 23648.5 
 992.19  3280  5834 21556.5 
 992.22  3285  5907 21836 
 992.25  3290  5981 25223 
 992.28  3295  6055 28724 
 992.31  3300  6129 28978.5 
 992.33  3305  6203 23939.5 
 992.36  3310  6278 23721.5 
 992.39  3315  6352 23577 
 992.42  3320  6427 24972 
 992.45  3325  6501 24543.5 
 992.48  3330  6576 24306.5 
 992.51  3335  6651 22287 
 992.54  3340  6726 22559.5 
 992.56  3345  6801 25404.5 
 992.59  3350  6877 23770.5 
 992.62  3355  6952 26703.5 
 992.65  3360  7028 18179.5 
 992.68  3365  7104 22063.5 
 992.71  3370  7179 17817.5 
 992.74  3375  7255 22082 
 992.77  3380  7332 20819.5 
 992.79  3385  7408 23491.5 
 992.82  3390  7484 22873.5 
 992.85  3395  7561 22667.5 
 992.88  3400  7638 26340 
 992.91  3405  7715 23193.5 
 992.94  3410  7792 22498.5 
 992.97  3415  7869 20960.5 
 992.99  3420  7946 24511.5 
 993.02  3425  8024 23091 
 993.07  3430  8101 24937 
 993.1  3435  8179 23058 
 993.13  3440  8257 16275 
 993.16  3445  8335 18550 
 993.19  3450  8413 23345 
 993.22  3455  8491 22756 
 993.25  3460  8570 19877.5 
 993.28  3465  8648 22383 
 993.31  3470  8727 22665.5 
 993.34  3475  8806 18294 
 993.37  3480  8885 21201.5 
 993.39  3485  8965 21214.5 
 993.42  3490  9044 18633 
 993.45  3495  9124 19419.5 
 993.48  3500  9203 24704 
 993.61  3505  7381 25519.5 
 993.64  3510  7461 23489 
 993.67  3515  7541 21542.5 
 993.7  3520  7621 24644 
 993.73  3525  7702 18877.5 
 993.76  3530  7782 23863.5 
 993.79  3535  7863 26000.5 
 993.82  3540  7944 27212.5 
 993.85  3545  8025 27238.5 
 993.88  3550  8106 27377.5 
 993.91  3555  8187 24078.5 
 993.93  3560  8268 24795.5 
 993.96  3565  8350 22271.5 
 993.99  3570  8432 17568 
 994.02  3575  8514 21321.5 
 994.05  3580  8596 17474.5 
 994.08  3585  8678 14193 
 994.11  3590  8760 18894.5 
 994.14  3595  8843 24222.5 
 994.18  3600  8925 25720 
 994.22  3605  9008 20330.5 
 994.26  3610  9091 17945.5 
 994.3  3615  9174 21151.5 
 994.33  3620  9258 17540.5 
 994.36  3625  9341 24378 
 994.39  3630  9425 21822 
end
uxIntegration time is 0.2294 seconds per sampledt  2.7E-08 cy 1dh201018Izana 28.3081 16.4992 2.804185pr770dark 1.75 
 1022.62  2900  562 1.5 
 1022.65  2905  628 1.75 
 1022.69  2910  694 1 
 1022.72  2915  760 2.25 
 1022.76  2920  826 2.25 
 1022.8  2925  892 .75 
 1022.83  2930  958 .75 
 1022.87  2935  1024 2 
 1022.9  2940  1090 2.25 
 1022.94  2945  1156 2.25 
 1022.97  2950  1223 1.5 
 1023.01  2955  1289 1.5 
 1023.05  2960  1356 1.75 
 1023.1  2965  1423 2 
 1023.13  2970  1490 1.5 
 1023.17  2975  1556 2.5 
 1023.2  2980  1623 4.5 
 1023.24  2985  1691 3.75 
 1023.28  2990  1758 4 
 1023.31  2995  1825 6.5 
 1023.34  3000  1892 5.5 
 1023.37  3005  1960 9 
 1023.4  3010  2027 15 
 1023.42  3015  2095 24 
 1023.45  3020  2163 21 
 1023.48  3025  2231 43.5 
 1023.51  3030  2299 87.5 
 1023.54  3035  2367 115 
 1023.57  3040  2435 113.5 
 1023.59  3045  2503 172 
 1023.62  3050  2572 286 
 1023.65  3055  2640 339.5 
 1023.68  3060  2709 337.5 
 1023.71  3065  2777 417 
 1023.74  3070  2846 677 
 1023.76  3075  2915 895.5 
 1023.79  3080  2984 1009.5 
 1023.82  3085  3053 1183.5 
 1023.85  3090  3122 1127 
 1023.88  3095  3192 1398 
 1023.91  3100  3261 1519.5 
 1023.94  3105  3331 2426.5 
 1023.96  3110  3400 3115 
 1023.99  3115  3470 3194 
 1024.02  3120  3540 3285.5 
 1024.05  3125  3610 4105.5 
 1024.08  3130  3680 4519 
 1024.11  3135  3750 4484 
 1024.13  3140  3820 5582 
 1024.16  3145  3890 5205 
 1024.2  3150  3961 6855 
 1024.25  3155  4032 5965.5 
 1024.28  3160  4102 5198 
 1024.33  3165  4173 7636.5 
 1024.36  3170  4244 9364 
 1024.38  3175  4315 9975 
 1024.41  3180  4386 7814.5 
 1024.44  3185  4457 9656 
 1024.47  3190  4529 11820 
 1024.5  3195  4600 9824.5 
 1024.53  3200  4672 11739 
 1024.56  3205  4744 14458 
 1024.58  3210  4815 13452 
 1024.61  3215  4887 12540.5 
 1024.64  3220  4959 13791 
 1024.67  3225  5032 11910.5 
 1024.7  3230  5104 11550.5 
 1024.73  3235  5176 14410 
 1024.76  3240  5249 16758 
 1024.78  3245  5322 17229.5 
 1024.81  3250  5394 15079.5 
 1024.84  3255  5467 18634.5 
 1024.87  3260  5540 23047.5 
 1024.9  3265  5614 23081.5 
 1024.93  3270  5687 23345.5 
 1024.96  3275  5760 22026.5 
 1024.99  3280  5834 19689 
 1025.02  3285  5907 20539 
 1025.05  3290  5981 24151.5 
 1025.07  3295  6055 27815.5 
 1025.1  3300  6129 28139.5 
 1025.13  3305  6203 23022 
 1025.16  3310  6278 22922 
 1025.19  3315  6352 23031 
 1025.22  3320  6427 25076 
 1025.25  3325  6501 24661.5 
 1025.27  3330  6576 24520 
 1025.3  3335  6651 22392.5 
 1025.33  3340  6726 22611 
 1025.36  3345  6801 25606.5 
 1025.39  3350  6877 24199 
 1025.42  3355  6952 27317 
 1025.45  3360  7028 18833 
 1025.48  3365  7104 22846.5 
 1025.51  3370  7179 18572.5 
 1025.53  3375  7255 23114 
 1025.56  3380  7332 22033 
 1025.59  3385  7408 25096 
 1025.62  3390  7484 24704 
 1025.65  3395  7561 24551.5 
 1025.68  3400  7638 28506.5 
 1025.71  3405  7715 25382 
 1025.74  3410  7792 24687.5 
 1025.77  3415  7869 23343.5 
 1025.8  3420  7946 27307.5 
 1025.82  3425  8024 25558.5 
 1025.85  3430  8101 27485.5 
 1025.88  3435  8179 25534.5 
 1025.91  3440  8257 17879 
 1025.94  3445  8335 20396 
 1025.97  3450  8413 25952 
 1026  3455  8491 25452 
 1026.03  3460  8570 22324.5 
 1026.06  3465  8648 25150.5 
 1026.09  3470  8727 25848.5 
 1026.11  3475  8806 21200 
 1026.14  3480  8885 24824 
 1026.17  3485  8965 24592 
 1026.2  3490  9044 21878.5 
 1026.23  3495  9124 22957 
 1026.26  3500  9203 28944.5 
 1026.39  3505  7381 29244 
 1026.42  3510  7461 26855 
 1026.45  3515  7541 24123.5 
 1026.48  3520  7621 27581 
 1026.51  3525  7702 20959.5 
 1026.54  3530  7782 25928.5 
 1026.57  3535  7863 28033 
 1026.6  3540  7944 29418.5 
 1026.62  3545  8025 29661 
 1026.65  3550  8106 29971.5 
 1026.68  3555  8187 26650 
 1026.71  3560  8268 27293 
 1026.74  3565  8350 24733.5 
 1026.77  3570  8432 19533.5 
 1026.8  3575  8514 23478 
 1026.83  3580  8596 19409 
 1026.86  3585  8678 16004.5 
 1026.89  3590  8760 21386.5 
 1026.92  3595  8843 27224.5 
 1026.95  3600  8925 29438.5 
 1026.97  3605  9008 23451.5 
 1027  3610  9091 20978.5 
 1027.03  3615  9174 24551 
 1027.06  3620  9258 20242.5 
 1027.09  3625  9341 27985.5 
 1027.12  3630  9425 25388.5 
end
uxIntegration time is 0.2294 seconds per sampledt  2.7E-08 cy 1dh201018Izana 28.3081 16.4992 2.804185pr770dark 1.5 
 1032.94  2900  562 2 
 1032.97  2905  628 .5 
 1033.01  2910  694 2 
 1033.04  2915  760 1.25 
 1033.08  2920  826 1.25 
 1033.11  2925  892 1.75 
 1033.15  2930  958 1.75 
 1033.19  2935  1024 1.5 
 1033.22  2940  1090 2.25 
 1033.26  2945  1156 2.5 
 1033.29  2950  1223 1.5 
 1033.33  2955  1289 1.5 
 1033.37  2960  1356 2.5 
 1033.4  2965  1423 .5 
 1033.44  2970  1490 1 
 1033.47  2975  1556 1.5 
 1033.51  2980  1623 1.75 
 1033.55  2985  1691 2 
 1033.58  2990  1758 3.5 
 1033.62  2995  1825 5.25 
 1033.65  3000  1892 6 
 1033.67  3005  1960 7.5 
 1033.7  3010  2027 14 
 1033.73  3015  2095 15 
 1033.76  3020  2163 16.5 
 1033.79  3025  2231 26 
 1033.82  3030  2299 52 
 1033.84  3035  2367 68 
 1033.87  3040  2435 73 
 1033.9  3045  2503 104 
 1033.93  3050  2572 179.5 
 1033.96  3055  2640 213 
 1033.99  3060  2709 206.5 
 1034.01  3065  2777 280 
 1034.04  3070  2846 444.5 
 1034.07  3075  2915 593.5 
 1034.1  3080  2984 665.5 
 1034.13  3085  3053 768 
 1034.16  3090  3122 748 
 1034.18  3095  3192 984.5 
 1034.21  3100  3261 1071 
 1034.24  3105  3331 1714.5 
 1034.27  3110  3400 2256.5 
 1034.3  3115  3470 2248.5 
 1034.33  3120  3540 2404 
 1034.36  3125  3610 3035.5 
 1034.38  3130  3680 3382.5 
 1034.41  3135  3750 3357.5 
 1034.44  3140  3820 4248 
 1034.47  3145  3890 3998.5 
 1034.5  3150  3961 5212.5 
 1034.53  3155  4032 4582.5 
 1034.56  3160  4102 4014.5 
 1034.58  3165  4173 5937 
 1034.61  3170  4244 7327.5 
 1034.64  3175  4315 7726.5 
 1034.67  3180  4386 6161 
 1034.7  3185  4457 7599.5 
 1034.73  3190  4529 9442.5 
 1034.75  3195  4600 7748 
 1034.78  3200  4672 9127 
 1034.81  3205  4744 11386.5 
 1034.84  3210  4815 10704 
 1034.87  3215  4887 10012.5 
 1034.9  3220  4959 10908.5 
 1034.92  3225  5032 9259 
 1034.95  3230  5104 9175 
 1034.98  3235  5176 11575 
 1035.01  3240  5249 13467 
 1035.04  3245  5322 13730.5 
 1035.07  3250  5394 12075 
 1035.1  3255  5467 14831.5 
 1035.12  3260  5540 18628 
 1035.15  3265  5614 18893.5 
 1035.18  3270  5687 19116.5 
 1035.21  3275  5760 17863 
 1035.24  3280  5834 16007.5 
 1035.27  3285  5907 16747.5 
 1035.3  3290  5981 19814.5 
 1035.32  3295  6055 22827.5 
 1035.35  3300  6129 22935.5 
 1035.38  3305  6203 18836 
 1035.41  3310  6278 18667.5 
 1035.44  3315  6352 18728.5 
 1035.47  3320  6427 20361.5 
 1035.5  3325  6501 20143.5 
 1035.53  3330  6576 20063.5 
 1035.56  3335  6651 18134.5 
 1035.58  3340  6726 18402 
 1035.61  3345  6801 20914 
 1035.64  3350  6877 19792.5 
 1035.67  3355  6952 22552.5 
 1035.7  3360  7028 15497.5 
 1035.73  3365  7104 18772.5 
 1035.76  3370  7179 15224 
 1035.79  3375  7255 18908 
 1035.81  3380  7332 17904 
 1035.84  3385  7408 20305 
 1035.87  3390  7484 19835 
 1035.9  3395  7561 19531.5 
 1035.93  3400  7638 22548 
 1035.96  3405  7715 19674 
 1035.99  3410  7792 19232 
 1036.02  3415  7869 17925 
 1036.05  3420  7946 20697.5 
 1036.08  3425  8024 19390 
 1036.1  3430  8101 20954.5 
 1036.13  3435  8179 19629.5 
 1036.16  3440  8257 13832.5 
 1036.19  3445  8335 15556 
 1036.22  3450  8413 19509 
 1036.25  3455  8491 19138 
 1036.28  3460  8570 16639 
 1036.31  3465  8648 18682 
 1036.34  3470  8727 19047.5 
 1036.36  3475  8806 15530.5 
 1036.39  3480  8885 18124 
 1036.42  3485  8965 18069.5 
 1036.45  3490  9044 16027 
 1036.48  3495  9124 16818.5 
 1036.51  3500  9203 21146.5 
 1036.64  3505  7381 21330.5 
 1036.67  3510  7461 19532.5 
 1036.7  3515  7541 17688 
 1036.73  3520  7621 20046.5 
 1036.76  3525  7702 15164 
 1036.79  3530  7782 18777 
 1036.81  3535  7863 20101.5 
 1036.84  3540  7944 21088.5 
 1036.87  3545  8025 21223.5 
 1036.9  3550  8106 21312 
 1036.93  3555  8187 18981.5 
 1036.96  3560  8268 19461 
 1036.99  3565  8350 17571 
 1037.02  3570  8432 13727.5 
 1037.05  3575  8514 16410 
 1037.08  3580  8596 13508.5 
 1037.11  3585  8678 11015.5 
 1037.13  3590  8760 14716.5 
 1037.16  3595  8843 18642.5 
 1037.19  3600  8925 20052.5 
 1037.22  3605  9008 15909.5 
 1037.25  3610  9091 14083 
 1037.28  3615  9174 16730.5 
 1037.31  3620  9258 13794.5 
 1037.34  3625  9341 18929.5 
 1037.37  3630  9425 17257.5 
end
uxIntegration time is 0.2294 seconds per sampledt  2.7E-08 cy 1dh201018Izana 28.3081 16.4992 2.804185pr770dark 1.75 
 1070.71  2900  562 2 
 1070.74  2905  628 3.25 
 1070.78  2910  694 1 
 1070.81  2915  760 2.75 
 1070.85  2920  826 3 
 1070.88  2925  892 .5 
 1070.92  2930  958 1.25 
 1070.95  2935  1024 1.5 
 1070.99  2940  1090 1.25 
 1071.03  2945  1156 .75 
 1071.06  2950  1223 .75 
 1071.1  2955  1289 1.25 
 1071.13  2960  1356 1.25 
 1071.17  2965  1423 2.25 
 1071.2  2970  1490 1 
 1071.24  2975  1556 1.75 
 1071.28  2980  1623 4 
 1071.31  2985  1691 2.5 
 1071.35  2990  1758 2.5 
 1071.38  2995  1825 3.75 
 1071.41  3000  1892 2.5 
 1071.44  3005  1960 2.5 
 1071.47  3010  2027 5 
 1071.5  3015  2095 4 
 1071.52  3020  2163 3.5 
 1071.55  3025  2231 8 
 1071.58  3030  2299 12.5 
 1071.61  3035  2367 13.5 
 1071.64  3040  2435 15.5 
 1071.67  3045  2503 19 
 1071.69  3050  2572 22.5 
 1071.72  3055  2640 28 
 1071.75  3060  2709 24 
 1071.78  3065  2777 32.5 
 1071.81  3070  2846 55 
 1071.84  3075  2915 71.5 
 1071.87  3080  2984 82 
 1071.89  3085  3053 90.5 
 1071.92  3090  3122 92.5 
 1071.95  3095  3192 122 
 1071.98  3100  3261 142 
 1072.01  3105  3331 221 
 1072.04  3110  3400 294.5 
 1072.06  3115  3470 303 
 1072.09  3120  3540 361 
 1072.12  3125  3610 476 
 1072.15  3130  3680 554.5 
 1072.18  3135  3750 522.5 
 1072.21  3140  3820 739 
 1072.23  3145  3890 756.5 
 1072.26  3150  3961 1058.5 
 1072.29  3155  4032 888.5 
 1072.32  3160  4102 845.5 
 1072.35  3165  4173 1361.5 
 1072.38  3170  4244 1666 
 1072.41  3175  4315 1754 
 1072.43  3180  4386 1449.5 
 1072.46  3185  4457 2014.5 
 1072.49  3190  4529 2617 
 1072.52  3195  4600 2053.5 
 1072.55  3200  4672 2388.5 
 1072.58  3205  4744 3246 
 1072.6  3210  4815 3301 
 1072.63  3215  4887 3186.5 
 1072.66  3220  4959 3228.5 
 1072.69  3225  5032 2758.5 
 1072.72  3230  5104 2829.5 
 1072.75  3235  5176 3982.5 
 1072.77  3240  5249 4772.5 
 1072.8  3245  5322 4722 
 1072.83  3250  5394 3893 
 1072.86  3255  5467 5010.5 
 1072.89  3260  5540 6692.5 
 1072.92  3265  5614 7203.5 
 1072.95  3270  5687 7226 
 1072.98  3275  5760 6583 
 1073.01  3280  5834 5620.5 
 1073.03  3285  5907 6198 
 1073.06  3290  5981 7818 
 1073.09  3295  6055 9223 
 1073.12  3300  6129 9198.5 
 1073.15  3305  6203 7372 
 1073.18  3310  6278 7103.5 
 1073.21  3315  6352 7341 
 1073.23  3320  6427 8380 
 1073.26  3325  6501 8481.5 
 1073.29  3330  6576 8333.5 
 1073.32  3335  6651 7433.5 
 1073.35  3340  6726 7496.5 
 1073.38  3345  6801 8886 
 1073.41  3350  6877 8527.5 
 1073.44  3355  6952 9822.5 
 1073.47  3360  7028 6705.5 
 1073.49  3365  7104 8094 
 1073.52  3370  7179 6462.5 
 1073.55  3375  7255 8131.5 
 1073.58  3380  7332 7888.5 
 1073.61  3385  7408 9119 
 1073.64  3390  7484 9095.5 
 1073.67  3395  7561 9018.5 
 1073.7  3400  7638 10291 
 1073.72  3405  7715 9194.5 
 1073.75  3410  7792 9066.5 
 1073.78  3415  7869 8614 
 1073.81  3420  7946 10044.5 
 1073.84  3425  8024 9458 
 1073.87  3430  8101 10076.5 
 1073.9  3435  8179 9425.5 
 1073.93  3440  8257 6542 
 1073.95  3445  8335 7539 
 1073.98  3450  8413 9625 
 1074.01  3455  8491 9511.5 
 1074.04  3460  8570 8344.5 
 1074.07  3465  8648 9406 
 1074.1  3470  8727 9680.5 
 1074.13  3475  8806 7934 
 1074.16  3480  8885 9356.5 
 1074.19  3485  8965 9341 
 1074.22  3490  9044 8365 
 1074.24  3495  9124 8764.5 
 1074.27  3500  9203 11079 
 1074.41  3505  7381 11133.5 
 1074.43  3510  7461 10154 
 1074.46  3515  7541 9122 
 1074.49  3520  7621 10417.5 
 1074.52  3525  7702 7935 
 1074.55  3530  7782 9857 
 1074.58  3535  7863 10605.5 
 1074.61  3540  7944 11140 
 1074.64  3545  8025 11265 
 1074.67  3550  8106 11335 
 1074.7  3555  8187 10184.5 
 1074.73  3560  8268 10430.5 
 1074.76  3565  8350 9452 
 1074.79  3570  8432 7417 
 1074.82  3575  8514 8986 
 1074.84  3580  8596 7507.5 
 1074.87  3585  8678 6173 
 1074.9  3590  8760 8283.5 
 1074.93  3595  8843 10615 
 1074.96  3600  8925 11540 
 1074.99  3605  9008 9167.5 
 1075.02  3610  9091 8210 
 1075.05  3615  9174 9633.5 
 1075.08  3620  9258 8039 
 1075.11  3625  9341 11025.5 
 1075.14  3630  9425 10049.5 
end
uxIntegration time is 0.2294 seconds per sampledt  2.7E-08 cy 1dh201018Izana 28.3081 16.4992 2.804185pr770dark 1.6 
 1133.23  2900  562 3.25 
 1133.26  2905  628 3 
 1133.3  2910  694 2.25 
 1133.33  2915  760 2 
 1133.37  2920  826 1.75 
 1133.4  2925  892 1.5 
 1133.44  2930  958 2.75 
 1133.48  2935  1024 1.5 
 1133.51  2940  1090 3.25 
 1133.55  2945  1156 1.5 
 1133.58  2950  1223 0 
 1133.62  2955  1289 1.5 
 1133.65  2960  1356 1 
 1133.69  2965  1423 1.5 
 1133.73  2970  1490 1.5 
 1133.76  2975  1556 2.5 
 1133.8  2980  1623 1.75 
 1133.83  2985  1691 1.75 
 1133.87  2990  1758 1.25 
 1133.9  2995  1825 1.25 
 1133.93  3000  1892 2.5 
 1133.96  3005  1960 2 
 1133.99  3010  2027 1.5 
 1134.02  3015  2095 1.5 
 1134.04  3020  2163 .5 
 1134.07  3025  2231 1.5 
 1134.1  3030  2299 1 
 1134.13  3035  2367 2 
 1134.16  3040  2435 2 
 1134.18  3045  2503 1.5 
 1134.21  3050  2572 2.5 
 1134.24  3055  2640 2 
 1134.27  3060  2709 1 
 1134.3  3065  2777 .5 
 1134.33  3070  2846 2 
 1134.35  3075  2915 0 
 1134.38  3080  2984 1.5 
 1134.41  3085  3053 2.5 
 1134.44  3090  3122 2.5 
 1134.47  3095  3192 2 
 1134.5  3100  3261 4.5 
 1134.52  3105  3331 1 
 1134.55  3110  3400 2 
 1134.58  3115  3470 2 
 1134.61  3120  3540 1.5 
 1134.64  3125  3610 2.5 
 1134.66  3130  3680 2 
 1134.69  3135  3750 3.5 
 1134.72  3140  3820 2 
 1134.75  3145  3890 3 
 1134.78  3150  3961 2 
 1134.81  3155  4032 5 
 1134.84  3160  4102 1.5 
 1134.86  3165  4173 3 
 1134.89  3170  4244 2 
 1134.92  3175  4315 3 
 1134.95  3180  4386 1.5 
 1134.98  3185  4457 2 
 1135  3190  4529 1.5 
 1135.03  3195  4600 2.5 
 1135.06  3200  4672 3.5 
 1135.09  3205  4744 2.5 
 1135.12  3210  4815 3 
 1135.15  3215  4887 3.5 
 1135.17  3220  4959 2 
 1135.2  3225  5032 3 
 1135.23  3230  5104 1 
 1135.26  3235  5176 3 
 1135.29  3240  5249 3.5 
 1135.32  3245  5322 3 
 1135.35  3250  5394 3.5 
 1135.37  3255  5467 6.5 
 1135.4  3260  5540 4.5 
 1135.43  3265  5614 5.5 
 1135.46  3270  5687 5 
 1135.49  3275  5760 3.5 
 1135.52  3280  5834 3 
 1135.54  3285  5907 4.5 
 1135.57  3290  5981 6 
 1135.6  3295  6055 9 
 1135.63  3300  6129 6.5 
 1135.66  3305  6203 5 
 1135.69  3310  6278 6.5 
 1135.72  3315  6352 4.5 
 1135.74  3320  6427 7 
 1135.77  3325  6501 5.5 
 1135.8  3330  6576 7.5 
 1135.83  3335  6651 6 
 1135.86  3340  6726 5.5 
 1135.89  3345  6801 6 
 1135.92  3350  6877 6 
 1135.94  3355  6952 8.5 
 1135.97  3360  7028 6 
 1136  3365  7104 6.5 
 1136.03  3370  7179 6 
 1136.06  3375  7255 5.5 
 1136.09  3380  7332 5.5 
 1136.12  3385  7408 7.5 
 1136.14  3390  7484 9 
 1136.17  3395  7561 6 
 1136.2  3400  7638 6.5 
 1136.23  3405  7715 7.5 
 1136.26  3410  7792 6 
 1136.29  3415  7869 10 
 1136.31  3420  7946 9 
 1136.34  3425  8024 9 
 1136.37  3430  8101 10 
 1136.4  3435  8179 9 
 1136.43  3440  8257 6.5 
 1136.46  3445  8335 6.5 
 1136.49  3450  8413 8 
 1136.51  3455  8491 7.5 
 1136.54  3460  8570 6 
 1136.57  3465  8648 6 
 1136.6  3470  8727 7 
 1136.63  3475  8806 5 
 1136.66  3480  8885 7 
 1136.69  3485  8965 6.5 
 1136.72  3490  9044 8 
 1136.75  3495  9124 8 
 1136.77  3500  9203 8.5 
 1136.91  3505  7381 10.5 
 1136.94  3510  7461 8.5 
 1136.96  3515  7541 6 
 1136.99  3520  7621 8 
 1137.02  3525  7702 8.5 
 1137.05  3530  7782 8 
 1137.08  3535  7863 8.5 
 1137.11  3540  7944 8.5 
 1137.14  3545  8025 7 
 1137.17  3550  8106 8 
 1137.2  3555  8187 7.5 
 1137.23  3560  8268 8.5 
 1137.25  3565  8350 6.5 
 1137.28  3570  8432 6 
 1137.31  3575  8514 7.5 
 1137.34  3580  8596 6.5 
 1137.37  3585  8678 3.5 
 1137.4  3590  8760 7 
 1137.43  3595  8843 7.5 
 1137.46  3600  8925 8 
 1137.49  3605  9008 7 
 1137.52  3610  9091 5 
 1137.55  3615  9174 6 
 1137.58  3620  9258 5 
 1137.6  3625  9341 7 
 1137.63  3630  9425 7 
end
uxIntegration time is 0.2294 seconds per sampledt  2.7E-08 cy 1dh201018Izana 28.3081 16.4992 2.804185pr770dark 1.1 
 1139.85  2900  562 2.25 
 1139.89  2905  628 1.5 
 1139.92  2910  694 1 
 1139.96  2915  760 2.75 
 1139.99  2920  826 2.25 
 1140.05  2925  892 0 
 1140.08  2930  958 2.25 
 1140.12  2935  1024 2.75 
 1140.15  2940  1090 1.25 
 1140.19  2945  1156 1 
 1140.22  2950  1223 1.5 
 1140.26  2955  1289 2.25 
 1140.3  2960  1356 .75 
 1140.33  2965  1423 1 
 1140.37  2970  1490 0 
 1140.4  2975  1556 1.75 
 1140.44  2980  1623 2.75 
 1140.47  2985  1691 1.5 
 1140.51  2990  1758 1 
 1140.55  2995  1825 .5 
 1140.57  3000  1892 1 
 1140.6  3005  1960 2 
 1140.63  3010  2027 3.5 
 1140.66  3015  2095 1 
 1140.69  3020  2163 1.5 
 1140.71  3025  2231 1 
 1140.74  3030  2299 2 
 1140.77  3035  2367 0 
 1140.8  3040  2435 0 
 1140.83  3045  2503 1.5 
 1140.86  3050  2572 4 
 1140.89  3055  2640 1 
 1140.91  3060  2709 2 
 1140.94  3065  2777 1.5 
 1140.97  3070  2846 2 
 1141  3075  2915 3 
 1141.03  3080  2984 1.5 
 1141.05  3085  3053 1 
 1141.08  3090  3122 1 
 1141.11  3095  3192 4 
 1141.14  3100  3261 0 
 1141.17  3105  3331 1 
 1141.2  3110  3400 2 
 1141.22  3115  3470 0 
 1141.25  3120  3540 2 
 1141.28  3125  3610 2 
 1141.31  3130  3680 1 
 1141.34  3135  3750 .5 
 1141.37  3140  3820 2 
 1141.39  3145  3890 2 
 1141.42  3150  3961 2 
 1141.45  3155  4032 1.5 
 1141.48  3160  4102 2 
 1141.51  3165  4173 2 
 1141.54  3170  4244 1.5 
 1141.56  3175  4315 1.5 
 1141.59  3180  4386 4.5 
 1141.62  3185  4457 2 
 1141.65  3190  4529 .5 
 1141.68  3195  4600 1.5 
 1141.71  3200  4672 .5 
 1141.73  3205  4744 1 
 1141.76  3210  4815 1.5 
 1141.79  3215  4887 1.5 
 1141.82  3220  4959 2.5 
 1141.85  3225  5032 1 
 1141.88  3230  5104 2.5 
 1141.9  3235  5176 1 
 1141.93  3240  5249 3.5 
 1141.96  3245  5322 1.5 
 1141.99  3250  5394 2 
 1142.02  3255  5467 2.5 
 1142.05  3260  5540 1.5 
 1142.07  3265  5614 2.5 
 1142.1  3270  5687 2 
 1142.13  3275  5760 2 
 1142.16  3280  5834 1.5 
 1142.19  3285  5907 1.5 
 1142.22  3290  5981 3.5 
 1142.24  3295  6055 3 
 1142.27  3300  6129 3.5 
 1142.3  3305  6203 2 
 1142.33  3310  6278 2.5 
 1142.36  3315  6352 3 
 1142.39  3320  6427 2.5 
 1142.42  3325  6501 2.5 
 1142.44  3330  6576 2 
 1142.47  3335  6651 1.5 
 1142.5  3340  6726 2 
 1142.53  3345  6801 1 
 1142.56  3350  6877 3 
 1142.59  3355  6952 4.5 
 1142.61  3360  7028 2.5 
 1142.64  3365  7104 1.5 
 1142.67  3370  7179 1.5 
 1142.7  3375  7255 3 
 1142.73  3380  7332 2.5 
 1142.76  3385  7408 2.5 
 1142.79  3390  7484 3.5 
 1142.81  3395  7561 2.5 
 1142.84  3400  7638 2.5 
 1142.87  3405  7715 4 
 1142.9  3410  7792 1.5 
 1142.93  3415  7869 3.5 
 1142.96  3420  7946 3 
 1142.98  3425  8024 3 
 1143.01  3430  8101 2.5 
 1143.04  3435  8179 2 
 1143.08  3440  8257 2.5 
 1143.12  3445  8335 2.5 
 1143.15  3450  8413 3.5 
 1143.18  3455  8491 2.5 
 1143.21  3460  8570 3 
 1143.24  3465  8648 3 
 1143.27  3470  8727 4 
 1143.3  3475  8806 2.5 
 1143.32  3480  8885 2.5 
 1143.35  3485  8965 2.5 
 1143.38  3490  9044 2.5 
 1143.41  3495  9124 3 
 1143.44  3500  9203 3 
 1143.57  3505  7381 3 
 1143.6  3510  7461 3 
 1143.63  3515  7541 1.5 
 1143.66  3520  7621 2.5 
 1143.69  3525  7702 3 
 1143.72  3530  7782 2 
 1143.75  3535  7863 2.5 
 1143.78  3540  7944 3 
 1143.81  3545  8025 3 
 1143.83  3550  8106 3 
 1143.86  3555  8187 3 
 1143.89  3560  8268 2 
 1143.92  3565  8350 .5 
 1143.95  3570  8432 2 
 1143.98  3575  8514 2.5 
 1144.01  3580  8596 1.5 
 1144.04  3585  8678 2.5 
 1144.07  3590  8760 2 
 1144.1  3595  8843 3 
 1144.12  3600  8925 2 
 1144.15  3605  9008 3 
 1144.18  3610  9091 2.5 
 1144.21  3615  9174 2.5 
 1144.26  3620  9258 2 
 1144.3  3625  9341 4.5 
 1144.35  3630  9425 2 
end
